url,error
https://www.hemnet.se/bostad/radhus-5rum-fjarilshusen-i-ormbacka-jarfalla-kommun-rimfaxegrand-1-21608235,No data returned
