property_id,url,area_range,housing_type,scraped_at
323293,https://www.hemnet.se/salda/lagenhet-3rum-surbrunnen-ystads-kommun-kristianstadsvagen-40-323293,153-187m²,bostadsratt,2026-08-10T12:02:13.205978
974922874313688119,"https://www.hemnet.se/salda/lagenhet-6rum-skytteholm-solna-kommun-nybodagatan-4,-4tr-974922874313688119",153-187m²,bostadsratt,2026-08-10T12:02:13.205985
741745,https://www.hemnet.se/salda/lagenhet-5rum-nynashamn-nynashamns-kommun-floravagen-19-741745,153-187m²,bostadsratt,2026-08-10T12:02:13.205987
180861741628966950,https://www.hemnet.se/salda/lagenhet-7rum-kalltorp-goteborgs-kommun-kallsgatan-6-180861741628966950,153-187m²,bostadsratt,2026-08-10T12:02:13.205988
445070,"https://www.hemnet.se/salda/lagenhet-5,5rum-slottsstaden-malmo-kommun-regementsgatan-21-445070",153-187m²,bostadsratt,2026-08-10T12:02:13.205990
7584818062281259029,https://www.hemnet.se/salda/lagenhet-4rum-oster-jonkopings-kommun-foreningsgatan-11-7584818062281259029,153-187m²,bostadsratt,2026-08-10T12:02:13.205992
1128926,https://www.hemnet.se/salda/lagenhet-4rum-sundby-park-strangnas-kommun-sundbyvagen-35-1128926,153-187m²,bostadsratt,2026-08-10T12:02:13.205994
1322166,https://www.hemnet.se/salda/lagenhet-4rum-lorensberg-goteborgs-kommun-sodra-vagen-2-1322166,153-187m²,bostadsratt,2026-08-10T12:02:13.205995
1339334,"https://www.hemnet.se/salda/lagenhet-5rum-ahus-kristianstads-kommun-glassgatan,-lgh-117-1339334",153-187m²,bostadsratt,2026-08-10T12:02:13.205997
1162481,https://www.hemnet.se/salda/lagenhet-4rum-vasastaden-goteborgs-kommun-karl-gustavsgatan-4-1162481,153-187m²,bostadsratt,2026-08-10T12:02:13.205998
5086935832409969726,https://www.hemnet.se/salda/lagenhet-6rum-sodermalm-stockholms-kommun-grindsgatan-35-5086935832409969726,153-187m²,bostadsratt,2026-08-10T12:02:13.206000
701397,https://www.hemnet.se/salda/lagenhet-5rum-nissastrand-halmstads-kommun-esaias-thorens-gata-5-701397,153-187m²,bostadsratt,2026-08-10T12:02:13.206002
1141422,https://www.hemnet.se/salda/lagenhet-6rum-ribersborg-malmo-kommun-ola-hanssonsgatan-3a-1141422,153-187m²,bostadsratt,2026-08-10T12:02:13.206004
446312,"https://www.hemnet.se/salda/lagenhet-6rum-gamla-rasunda-solna-kommun-rasundavagen-125,-van-2-446312",153-187m²,bostadsratt,2026-08-10T12:02:13.206006
1463137,"https://www.hemnet.se/salda/lagenhet-5rum-kungsholmen-stockholms-kommun-parkgatan-12,-2-tr-1463137",153-187m²,bostadsratt,2026-08-10T12:02:13.206009
877572,https://www.hemnet.se/salda/lagenhet-5rum-framre-luthagen-uppsala-kommun-sysslomansgatan-11-c-877572,153-187m²,bostadsratt,2026-08-10T12:02:13.206015
1260218,https://www.hemnet.se/salda/lagenhet-5rum-rorsjostaden-malmo-kommun-ehrensvardsgatan-17-1260218,153-187m²,bostadsratt,2026-08-10T12:02:13.206040
7591371200781457533,https://www.hemnet.se/salda/lagenhet-5rum-vasastan-stockholms-kommun-odengatan-43-7591371200781457533,153-187m²,bostadsratt,2026-08-10T12:02:13.206044
3838939398958169448,https://www.hemnet.se/salda/lagenhet-5rum-ostermalm-stockholms-kommun-nybrogatan-76-3838939398958169448,153-187m²,bostadsratt,2026-08-10T12:02:13.206046
92171,https://www.hemnet.se/salda/lagenhet-4rum-linne-goteborgs-kommun-olivedalsgatan-10-92171,153-187m²,bostadsratt,2026-08-10T12:02:13.206049
420625,"https://www.hemnet.se/salda/lagenhet-6rum-sodermalm-maria-stockholms-kommun-hornsgatan-39a,-4-tr-420625",153-187m²,bostadsratt,2026-08-10T12:02:13.206052
236857869362834080,"https://www.hemnet.se/salda/lagenhet-4rum-gamla-rasunda-solna-kommun-rasundavagen-113,-van-5-5-236857869362834080",153-187m²,bostadsratt,2026-08-10T12:02:13.206055
719419,https://www.hemnet.se/salda/lagenhet-5rum-mjolkudden-ankarkronan-lulea-kommun-radiomasten-157-719419,153-187m²,bostadsratt,2026-08-10T12:02:13.206058
8440062241547034794,https://www.hemnet.se/salda/lagenhet-5rum-linnestaden-goteborgs-kommun-rosengatan-5b-8440062241547034794,153-187m²,bostadsratt,2026-08-10T12:02:13.206060
980532,https://www.hemnet.se/salda/lagenhet-6rum-djakneberget-centralt-vasteras-kommun-lidmansvagen-7-980532,153-187m²,bostadsratt,2026-08-10T12:02:13.206063
8592571855700778749,https://www.hemnet.se/salda/lagenhet-6rum-ostra-ljungby-klippans-kommun-blasingevagen-34-8592571855700778749,153-187m²,bostadsratt,2026-08-10T12:02:13.206065
1294308,https://www.hemnet.se/salda/lagenhet-5rum-professorsstaden-lunds-kommun-solvegatan-3a-1294308,153-187m²,bostadsratt,2026-08-10T12:02:13.206068
285662,https://www.hemnet.se/salda/lagenhet-5rum-centrum-helsingborgs-kommun-sodra-kyrkogatan-22b-285662,153-187m²,bostadsratt,2026-08-10T12:02:13.206071
702619,https://www.hemnet.se/salda/lagenhet-4rum-orrnaset-tyreso-kommun-klockargardsvagen-4d-702619,153-187m²,bostadsratt,2026-08-10T12:02:13.206074
6322638876238240994,https://www.hemnet.se/salda/lagenhet-6rum-myrangen-huddinge-kommun-bjornspinnarvagen-21-6322638876238240994,153-187m²,bostadsratt,2026-08-10T12:02:13.206076
1060396,https://www.hemnet.se/salda/lagenhet-5rum-vasastan-stockholms-kommun-vidargatan-4-1060396,153-187m²,bostadsratt,2026-08-10T12:02:13.206079
1470280,https://www.hemnet.se/salda/lagenhet-5rum-oster-orebro-orebro-kommun-sturegatan-16-1470280,153-187m²,bostadsratt,2026-08-10T12:02:13.206082
515838,https://www.hemnet.se/salda/lagenhet-5rum-lorensberg-avenyn-goteborgs-kommun-vasagatan-60-515838,153-187m²,bostadsratt,2026-08-10T12:02:13.206084
1294535,https://www.hemnet.se/salda/lagenhet-5rum-tyreso-strand-tyreso-kommun-fageruddsgrand-10-1294535,153-187m²,bostadsratt,2026-08-10T12:02:13.206087
3164341055752692726,https://www.hemnet.se/salda/lagenhet-4rum-gavle-centrum-gavle-kommun-norra-slottsgatan-16-3164341055752692726,153-187m²,bostadsratt,2026-08-10T12:02:13.206090
3366391247742707273,https://www.hemnet.se/salda/lagenhet-6rum-skytteholm-solna-kommun-framnasbacken-1-3366391247742707273,153-187m²,bostadsratt,2026-08-10T12:02:13.206093
8153998027381480258,"https://www.hemnet.se/salda/lagenhet-6rum-skytteholm-solna-kommun-framnasbacken-22,-3tr-8153998027381480258",153-187m²,bostadsratt,2026-08-10T12:02:13.206095
271112,https://www.hemnet.se/salda/lagenhet-5rum-vasastan-stockholms-kommun-tomtebogatan-36-271112,153-187m²,bostadsratt,2026-08-10T12:02:13.206098
648656,"https://www.hemnet.se/salda/lagenhet-5rum-gamla-rasunda-solna-kommun-vintervagen-25,-3-tr-648656",153-187m²,bostadsratt,2026-08-10T12:02:13.206101
1303682,https://www.hemnet.se/salda/lagenhet-6rum-trosso-karlskrona-kommun-bredgatan-11-1303682,153-187m²,bostadsratt,2026-08-10T12:02:13.206103
830537,"https://www.hemnet.se/salda/lagenhet-5rum-falsterbo-vellinge-kommun-sjogatan-14,-lgh-a1101-830537",153-187m²,bostadsratt,2026-08-10T12:02:13.206106
3421127147967732485,https://www.hemnet.se/salda/lagenhet-6rum-centrum-uppsala-uppsala-kommun-ellegatan-3-3421127147967732485,153-187m²,bostadsratt,2026-08-10T12:02:13.206110
1463483,"https://www.hemnet.se/salda/lagenhet-5rum-vasastan-stockholms-kommun-odengatan-49,-1-tr-1463483",153-187m²,bostadsratt,2026-08-10T12:02:13.206113
512232,https://www.hemnet.se/salda/lagenhet-5rum-ystad-gjuteriet-ystads-kommun-gjuterigatan-98-512232,153-187m²,bostadsratt,2026-08-10T12:02:13.206116
5950656553237992174,https://www.hemnet.se/salda/lagenhet-5rum-are-bjornen-are-kommun-bjornen-hoken-11-f-5950656553237992174,153-187m²,bostadsratt,2026-08-10T12:02:13.206119
755243,https://www.hemnet.se/salda/lagenhet-5rum-centralt-norrkopings-kommun-stromparken-22-755243,153-187m²,bostadsratt,2026-08-10T12:02:13.206122
1503703,"https://www.hemnet.se/salda/lagenhet-5rum-norrmalm-city-stockholms-kommun-klara-vastra-kyrkogata-17,-18-tr-1503703",153-187m²,bostadsratt,2026-08-10T12:02:13.206126
284506,https://www.hemnet.se/salda/lagenhet-4rum-ribersborg-malmo-kommun-limhamnsvagen-6a-284506,153-187m²,bostadsratt,2026-08-10T12:02:13.206129
9145459617067879099,https://www.hemnet.se/salda/lagenhet-5rum-ostermalm-stockholms-kommun-lutzengatan-1-9145459617067879099,153-187m²,bostadsratt,2026-08-10T12:02:13.206131
4186113543309607242,"https://www.hemnet.se/salda/lagenhet-6rum-vasastan-stockholms-kommun-roslagsgatan-11,-2-tr-4186113543309607242",153-187m²,bostadsratt,2026-08-10T12:02:13.206133
3404235404093104096,https://www.hemnet.se/salda/lagenhet-6rum-centralt-kalmar-kommun-strandgatan-6c-3404235404093104096,153-187m²,bostadsratt,2026-08-10T12:02:13.206135
5623741201093404303,https://www.hemnet.se/salda/lagenhet-7rum-vasastaden-stockholms-kommun-birkagatan-10-5623741201093404303,153-187m²,bostadsratt,2026-08-10T12:02:13.206136
2931553982486748371,https://www.hemnet.se/salda/lagenhet-5rum-ostermalm-stockholms-kommun-valhallavagen-78-2931553982486748371,153-187m²,bostadsratt,2026-08-10T12:02:13.206138
642155,https://www.hemnet.se/salda/lagenhet-6rum-innerstan-linkopings-kommun-drottninggatan-6-642155,153-187m²,bostadsratt,2026-08-10T12:02:13.206139
625515,https://www.hemnet.se/salda/lagenhet-5rum-centralt-eslovs-kommun-tempelgatan-1-625515,153-187m²,bostadsratt,2026-08-10T12:02:13.206141
6125530612150926675,https://www.hemnet.se/salda/lagenhet-6rum-kneippen-norrkopings-kommun-almgatan-4-6125530612150926675,153-187m²,bostadsratt,2026-08-10T12:02:13.206143
637618,https://www.hemnet.se/salda/lagenhet-7rum-centrum-umea-kommun-radhusesplanaden-18-a-637618,153-187m²,bostadsratt,2026-08-10T12:02:13.206144
9102299686902628809,https://www.hemnet.se/salda/lagenhet-5rum-mjolkudden-lulea-kommun-radiomasten-127-9102299686902628809,153-187m²,bostadsratt,2026-08-10T12:02:13.206146
1481373,"https://www.hemnet.se/salda/lagenhet-4rum-sodermalm-katarina-stockholms-kommun-blekingegatan-12a,-hogst-upp-1481373",153-187m²,bostadsratt,2026-08-10T12:02:13.206148
1736499354972936454,https://www.hemnet.se/salda/lagenhet-3rum-lorensberg-goteborgs-kommun-vasagatan-33-1736499354972936454,153-187m²,bostadsratt,2026-08-10T12:02:13.206150
1381830,https://www.hemnet.se/salda/lagenhet-6rum-centralt-knivsta-kommun-margaretavagen-47-a-1381830,153-187m²,bostadsratt,2026-08-10T12:02:13.206151
1183301,https://www.hemnet.se/salda/lagenhet-5rum-s-t-knut-malmo-kommun-s-t-knuts-torg-1a-1183301,153-187m²,bostadsratt,2026-08-10T12:02:13.206153
2369905645161446940,"https://www.hemnet.se/salda/lagenhet-6rum-kungsholmen-kungsholmstorg-stockholms-kommun-hantverkargatan-18,-5tr-2369905645161446940",153-187m²,bostadsratt,2026-08-10T12:02:13.206155
1984000502605106563,https://www.hemnet.se/salda/lagenhet-5rum-centrala-sundbyberg-sundbybergs-kommun-skolgatan-7-1984000502605106563,153-187m²,bostadsratt,2026-08-10T12:02:13.206156
2903679868114977906,"https://www.hemnet.se/salda/lagenhet-6rum-nasby-park-taby-kommun-eskadervagen-14,-vaning-9-10-2903679868114977906",153-187m²,bostadsratt,2026-08-10T12:02:13.206158
739904,https://www.hemnet.se/salda/lagenhet-4rum-radmansvangen-malmo-kommun-klostergatan-1-739904,153-187m²,bostadsratt,2026-08-10T12:02:13.206160
6717039524952146952,https://www.hemnet.se/salda/lagenhet-4rum-kalkbrottet-malmo-kommun-kalkstensvagen-5-6717039524952146952,153-187m²,bostadsratt,2026-08-10T12:02:13.206161
1341046,https://www.hemnet.se/salda/lagenhet-6rum-vasastaden-linkopings-kommun-klostergatan-10-1341046,153-187m²,bostadsratt,2026-08-10T12:02:13.206163
8542952417810055403,https://www.hemnet.se/salda/lagenhet-6rum-tyreso-strand-tyreso-kommun-angspiren-3-8542952417810055403,153-187m²,bostadsratt,2026-08-10T12:02:13.206164
992146,https://www.hemnet.se/salda/lagenhet-6rum-centralt-gavle-kommun-kyrkogatan-30-992146,153-187m²,bostadsratt,2026-08-10T12:02:13.206166
947888,https://www.hemnet.se/salda/lagenhet-4rum-centrum-vasteras-kommun-kristinagatan-10-947888,153-187m²,bostadsratt,2026-08-10T12:02:13.206167
46093517748752446,https://www.hemnet.se/salda/lagenhet-6rum-halmstad-centrum-halmstads-kommun-hallandsgatan-63f-46093517748752446,153-187m²,bostadsratt,2026-08-10T12:02:13.206169
257113,https://www.hemnet.se/salda/lagenhet-5rum-farsta-stockholms-kommun-farstavagen-110-a-257113,153-187m²,bostadsratt,2026-08-10T12:02:13.206170
749526,https://www.hemnet.se/salda/lagenhet-6rum-nykvarn-vidbynas-nykvarns-kommun-vidbynaspark-hus-9-749526,153-187m²,bostadsratt,2026-08-10T12:02:13.206172
822052,https://www.hemnet.se/salda/lagenhet-6rum-ostermalm-stockholms-kommun-engelbrektsgatan-43b-822052,153-187m²,bostadsratt,2026-08-10T12:02:13.206174
4439601591472827431,https://www.hemnet.se/salda/lagenhet-6rum-ostermalm-vasteras-kommun-stora-gatan-1d-4439601591472827431,153-187m²,bostadsratt,2026-08-10T12:02:13.206175
5324686871477905055,https://www.hemnet.se/salda/lagenhet-6rum-rasunda-solna-kommun-backvagen-1-5324686871477905055,153-187m²,bostadsratt,2026-08-10T12:02:13.206177
9057521245107194439,https://www.hemnet.se/salda/lagenhet-5rum-kungsholmen-stockholms-kommun-kungsgatan-77-9057521245107194439,153-187m²,bostadsratt,2026-08-10T12:02:13.206179
4578625498985912975,https://www.hemnet.se/salda/lagenhet-5rum-centralt-linkopings-kommun-strandgatan-4-4578625498985912975,153-187m²,bostadsratt,2026-08-10T12:02:13.206181
387924,https://www.hemnet.se/salda/lagenhet-6rum-eslov-centralt-eslovs-kommun-tempelgatan-1-387924,153-187m²,bostadsratt,2026-08-10T12:02:13.206182
4277467217013684568,https://www.hemnet.se/salda/lagenhet-5rum-olympia-helsingborgs-kommun-magnus-erikssons-gata-8b-4277467217013684568,153-187m²,bostadsratt,2026-08-10T12:02:13.206184
1408096,"https://www.hemnet.se/salda/lagenhet-5,5rum-lorensberg-goteborgs-kommun-kristinelundsgatan-5-1408096",153-187m²,bostadsratt,2026-08-10T12:02:13.206186
1440274,https://www.hemnet.se/salda/lagenhet-6rum-runo-osterakers-kommun-runvagen-17-1440274,153-187m²,bostadsratt,2026-08-10T12:02:13.206188
1333664,"https://www.hemnet.se/salda/lagenhet-6rum-hammarby-sjostad-stockholms-kommun-seglatsgatan-4,-pl8-1333664",153-187m²,bostadsratt,2026-08-10T12:02:13.206190
1400798,https://www.hemnet.se/salda/lagenhet-7rum-centralt-vaster-nykopings-kommun-vastra-tradgardsgatan-46-1400798,153-187m²,bostadsratt,2026-08-10T12:02:13.206191
1366160,"https://www.hemnet.se/salda/lagenhet-6rum-solna-solna-kommun-backvagen-9,-hogst-upp-1366160",153-187m²,bostadsratt,2026-08-10T12:02:13.206193
7024483584470264353,"https://www.hemnet.se/salda/lagenhet-4rum-vasastan-odenplan-stockholms-kommun-vegagatan-5,-vindsvaning-7024483584470264353",153-187m²,bostadsratt,2026-08-10T12:02:13.206195
561473,https://www.hemnet.se/salda/lagenhet-6rum-slottstaden-malmo-kommun-regementsgatan-62-561473,153-187m²,bostadsratt,2026-08-10T12:02:13.206196
6976945096167085103,"https://www.hemnet.se/salda/lagenhet-6rum-vasastan-stockholms-kommun-vastmannagatan-31,-3-tr-6976945096167085103",153-187m²,bostadsratt,2026-08-10T12:02:13.206198
1280828,"https://www.hemnet.se/salda/lagenhet-5,5rum-norra-djurgardsstaden-stockholms-kommun-spanielgatan-7-1280828",153-187m²,bostadsratt,2026-08-10T12:02:13.206200
314230,https://www.hemnet.se/salda/lagenhet-4rum-centralt-norrkopings-kommun-skomakaregatan-4-314230,153-187m²,bostadsratt,2026-08-10T12:02:13.206201
1270207,https://www.hemnet.se/salda/lagenhet-6rum-barkarbystaden-jarfalla-kommun-majorsvagen-7a-1270207,153-187m²,bostadsratt,2026-08-10T12:02:13.206203
1282814,https://www.hemnet.se/salda/lagenhet-4rum-ostermalm-stockholms-kommun-lill-jans-plan-1-1282814,153-187m²,bostadsratt,2026-08-10T12:02:13.206205
1272395,https://www.hemnet.se/salda/lagenhet-6rum-centrum-lunds-kommun-bankgatan-28-b-1272395,153-187m²,bostadsratt,2026-08-10T12:02:13.206207
763917,https://www.hemnet.se/salda/lagenhet-5rum-vasastan-stockholms-kommun-upplandsgatan-23-763917,153-187m²,bostadsratt,2026-08-10T12:02:13.206208
7516390613405975251,https://www.hemnet.se/salda/lagenhet-5rum-mjolkudden-lulea-kommun-radiomasten-123-7516390613405975251,153-187m²,bostadsratt,2026-08-10T12:02:13.206210
2473675344172993757,https://www.hemnet.se/salda/lagenhet-5rum-drottningtorget-malmo-kommun-bagersgatan-2-2473675344172993757,153-187m²,bostadsratt,2026-08-10T12:02:13.206212
305646,https://www.hemnet.se/salda/lagenhet-6rum-centrum-uppsala-kommun-skolgatan-12-a-305646,153-187m²,bostadsratt,2026-08-10T12:02:13.206214
4482875871519458412,https://www.hemnet.se/salda/lagenhet-5rum-gamla-vaster-city-malmo-kommun-skomakaregatan-10a-4482875871519458412,153-187m²,bostadsratt,2026-08-10T12:02:13.206216
458016,https://www.hemnet.se/salda/lagenhet-5rum-triangeln-malmo-kommun-sodra-forstadsgatan-62-458016,153-187m²,bostadsratt,2026-08-10T12:02:13.206218
7251998187944175515,https://www.hemnet.se/salda/lagenhet-5rum-mjolkudden-lulea-kommun-radiomasten-103-7251998187944175515,153-187m²,bostadsratt,2026-08-10T12:02:13.206219
612960,https://www.hemnet.se/salda/lagenhet-4rum-ostermalm-stockholms-kommun-nybrogatan-81-612960,153-187m²,bostadsratt,2026-08-10T12:02:13.206221
287121,"https://www.hemnet.se/salda/lagenhet-7rum-nasbydal-taby-kommun-nasbydalsvagen-8,-15-tr-287121",153-187m²,bostadsratt,2026-08-10T12:02:13.206222
1377548,https://www.hemnet.se/salda/lagenhet-6rum-norr-helsingborgs-kommun-drottninggatan-74-1377548,153-187m²,bostadsratt,2026-08-10T12:02:13.206224
82063,https://www.hemnet.se/salda/lagenhet-7rum-lund-centrum-lunds-kommun-ostra-vallgatan-27-82063,153-187m²,bostadsratt,2026-08-10T12:02:13.206226
1270204583703754489,https://www.hemnet.se/salda/lagenhet-5rum-onsala-kungsbacka-kommun-a-u-baaths-vag-3-1270204583703754489,153-187m²,bostadsratt,2026-08-10T12:02:13.206227
3796647121801800165,https://www.hemnet.se/salda/lagenhet-6rum-solsidan-nacka-kommun-skyttevagen-15-d-3796647121801800165,153-187m²,bostadsratt,2026-08-10T12:02:13.206228
1131872,https://www.hemnet.se/salda/lagenhet-5rum-ostermalm-stockholms-kommun-villagatan-4-1131872,153-187m²,bostadsratt,2026-08-10T12:02:13.206230
1381829,https://www.hemnet.se/salda/lagenhet-6rum-centralt-knivsta-kommun-margaretavagen-47-a-1381829,153-187m²,bostadsratt,2026-08-10T12:02:13.206231
414322,https://www.hemnet.se/salda/lagenhet-3rum-vasastaden-goteborgs-kommun-molinsgatan-11-414322,153-187m²,bostadsratt,2026-08-10T12:02:13.206233
1333291,"https://www.hemnet.se/salda/lagenhet-4,5rum-nacka-nacka-kommun-augustendalsvagen-31-1333291",153-187m²,bostadsratt,2026-08-10T12:02:13.206235
483628,https://www.hemnet.se/salda/lagenhet-6rum-centrum-helsingborgs-kommun-sodra-kyrkogatan-22-483628,153-187m²,bostadsratt,2026-08-10T12:02:13.206237
1357973,https://www.hemnet.se/salda/lagenhet-8rum-kungshamn-sotenas-kommun-stenhuggaregatan-16-e-1357973,153-187m²,bostadsratt,2026-08-10T12:02:13.206238
863224,https://www.hemnet.se/salda/lagenhet-5rum-kungsholmen-hornsbergs-strand-stockholms-kommun-lustgardsgatan-14-863224,153-187m²,bostadsratt,2026-08-10T12:02:13.206240
762114,"https://www.hemnet.se/salda/lagenhet-6rum-vasastan-stockholms-kommun-roslagsgatan-11,-4tr-762114",153-187m²,bostadsratt,2026-08-10T12:02:13.206242
1366226,https://www.hemnet.se/salda/lagenhet-6rum-soder-norrkopings-kommun-horngatan-20-1366226,153-187m²,bostadsratt,2026-08-10T12:02:13.206244
1312208,https://www.hemnet.se/salda/lagenhet-7rum-bredsand-enkopings-kommun-galeonsvagen-7-a-1312208,153-187m²,bostadsratt,2026-08-10T12:02:13.206245
3455720963757774328,https://www.hemnet.se/salda/lagenhet-5rum-mjolkudden-lulea-kommun-radiomasten-183-3455720963757774328,153-187m²,bostadsratt,2026-08-10T12:02:13.206247
874868,https://www.hemnet.se/salda/lagenhet-5rum-gamla-vaster-city-malmo-kommun-skomakaregatan-10a-874868,153-187m²,bostadsratt,2026-08-10T12:02:13.206249
582730,https://www.hemnet.se/salda/lagenhet-5rum-munka-ljungby-angelholms-kommun-vaxthusvagen-30-582730,153-187m²,bostadsratt,2026-08-10T12:02:13.206250
324312,"https://www.hemnet.se/salda/lagenhet-4,5rum-s-t-knut-sankt-knut-malmo-kommun-s-t-knuts-torg-1a-324312",153-187m²,bostadsratt,2026-08-10T12:02:13.206252
760903,https://www.hemnet.se/salda/lagenhet-6rum-centrala-sodertalje-sodertalje-kommun-lovisinsgatan-7-760903,153-187m²,bostadsratt,2026-08-10T12:02:13.206254
861007,https://www.hemnet.se/salda/lagenhet-5rum-centralt-norrkopings-kommun-hospitalsgatan-12-861007,153-187m²,bostadsratt,2026-08-10T12:02:13.206256
1439881836080030980,https://www.hemnet.se/salda/lagenhet-6rum-kungsholmen-stora-essingen-stockholms-kommun-stenkullavagen-50-e-1439881836080030980,153-187m²,bostadsratt,2026-08-10T12:02:13.206257
2060361393108992547,https://www.hemnet.se/salda/lagenhet-6rum-nasbypark-taby-kommun-kryssarvagen-14-2060361393108992547,153-187m²,bostadsratt,2026-08-10T12:02:13.206259
6271961377278758339,https://www.hemnet.se/salda/lagenhet-7rum-munkholmen-sigtuna-kommun-myntvagen-8b-6271961377278758339,153-187m²,bostadsratt,2026-08-10T12:02:13.206261
1259124,"https://www.hemnet.se/salda/lagenhet-5rum-kungsholmen-stockholms-kommun-svarvargatan-7,-4-tr-1259124",153-187m²,bostadsratt,2026-08-10T12:02:13.206263
4020424551961441,https://www.hemnet.se/salda/lagenhet-7rum-hollviken-vellinge-kommun-gyavagen-5-c-4020424551961441,153-187m²,bostadsratt,2026-08-10T12:02:13.206264
1310989,https://www.hemnet.se/salda/lagenhet-6rum-centrum-skovde-kommun-skolgatan-10-1310989,153-187m²,bostadsratt,2026-08-10T12:02:13.206265
9142705268666623004,https://www.hemnet.se/salda/lagenhet-5rum-lorensberg-goteborgs-kommun-sodra-vagen-34a-9142705268666623004,153-187m²,bostadsratt,2026-08-10T12:02:13.206267
760824,"https://www.hemnet.se/salda/lagenhet-4,5rum-stampen-goteborgs-kommun-ranangsgatan-12-760824",153-187m²,bostadsratt,2026-08-10T12:02:13.206269
3298192788062622235,https://www.hemnet.se/salda/lagenhet-5rum-nacka-strand-nacka-kommun-augustendalsvagen-31-3298192788062622235,153-187m²,bostadsratt,2026-08-10T12:02:13.206270
1317825,https://www.hemnet.se/salda/lagenhet-5rum-centrum-landskrona-kommun-kungsgatan-7-1317825,153-187m²,bostadsratt,2026-08-10T12:02:13.206272
926672203802424683,https://www.hemnet.se/salda/lagenhet-3rum-salem-salems-kommun-soderby-gards-vag-67-926672203802424683,153-187m²,bostadsratt,2026-08-10T12:02:13.206274
848187,https://www.hemnet.se/salda/lagenhet-5rum-inom-vallgraven-goteborgs-kommun-vallgatan-23a-848187,153-187m²,bostadsratt,2026-08-10T12:02:13.206275
987439,https://www.hemnet.se/salda/lagenhet-4rum-ostermalm-stockholms-kommun-jungfrugatan-24-987439,153-187m²,bostadsratt,2026-08-10T12:02:13.206277
2155438842158625783,https://www.hemnet.se/salda/lagenhet-5rum-oster-malarstrand-vasteras-kommun-oster-malarstrands-alle-131a-2155438842158625783,153-187m²,bostadsratt,2026-08-10T12:02:13.206278
1252530,https://www.hemnet.se/salda/lagenhet-5rum-vasastan-birkastan-stockholms-kommun-vikingagatan-11-1252530,153-187m²,bostadsratt,2026-08-10T12:02:13.206280
3042403750259603593,https://www.hemnet.se/salda/lagenhet-5rum-centralt-vaster-nykopings-kommun-vastra-kvarngatan-1-3042403750259603593,153-187m²,bostadsratt,2026-08-10T12:02:13.206282
1350735,https://www.hemnet.se/salda/lagenhet-4rum-norr-helsingborgs-kommun-karl-johans-gata-10-1350735,153-187m²,bostadsratt,2026-08-10T12:02:13.206283
1365898,https://www.hemnet.se/salda/lagenhet-4rum-ostermalm-stockholms-kommun-brahegatan-7d-1365898,153-187m²,bostadsratt,2026-08-10T12:02:13.206285
1267221,"https://www.hemnet.se/salda/lagenhet-5rum-vasastan-stockholms-kommun-upplandsgatan-86,-2tr-1267221",153-187m²,bostadsratt,2026-08-10T12:02:13.206287
978513417810558391,https://www.hemnet.se/salda/lagenhet-5rum-framre-luthagen-uppsala-kommun-vasagatan-1a-978513417810558391,153-187m²,bostadsratt,2026-08-10T12:02:13.206288
6487845834978550709,https://www.hemnet.se/salda/lagenhet-6rum-torshalla-eskilstuna-kommun-ruths-grand-2a-6487845834978550709,153-187m²,bostadsratt,2026-08-10T12:02:13.206289
433573,https://www.hemnet.se/salda/lagenhet-5rum-salto-karlskrona-kommun-utovagen-6-a-433573,153-187m²,bostadsratt,2026-08-10T12:02:13.206291
633405,https://www.hemnet.se/salda/lagenhet-178m2-centrum-skelleftea-kommun-nygatan-62-633405,153-187m²,bostadsratt,2026-08-10T12:02:13.206293
612992,https://www.hemnet.se/salda/lagenhet-6rum-bymarken-jonkopings-kommun-otto-lindblads-vag-32-612992,153-187m²,bostadsratt,2026-08-10T12:02:13.206294
6724917601119040006,https://www.hemnet.se/salda/lagenhet-6rum-skytteholm-solna-kommun-framnasbacken-1-6724917601119040006,153-187m²,bostadsratt,2026-08-10T12:02:13.206296
1955243128644875848,https://www.hemnet.se/salda/lagenhet-6rum-svinninge-osterakers-kommun-svavelsovagen-3-lgh-6-1955243128644875848,153-187m²,bostadsratt,2026-08-10T12:02:13.206297
443541,"https://www.hemnet.se/salda/lagenhet-7rum-vasastan-odenplan-stockholms-kommun-surbrunnsgatan-59,-vindsvaning-443541",153-187m²,bostadsratt,2026-08-10T12:02:13.206299
895455,https://www.hemnet.se/salda/lagenhet-4rum-hollviken-vellinge-kommun-norra-lillvagen-2a-895455,153-187m²,bostadsratt,2026-08-10T12:02:13.206301
433572,https://www.hemnet.se/salda/lagenhet-5rum-salto-karlskrona-kommun-utovagen-4-b-433572,153-187m²,bostadsratt,2026-08-10T12:02:13.206302
6121188670862939040,https://www.hemnet.se/salda/lagenhet-4rum-triangeln-malmo-kommun-klostergatan-1-6121188670862939040,153-187m²,bostadsratt,2026-08-10T12:02:13.206304
6708309503895961186,https://www.hemnet.se/salda/lagenhet-6rum-centralt-linkopings-kommun-djurgardsgatan-13-6708309503895961186,153-187m²,bostadsratt,2026-08-10T12:02:13.206306
3890860853660254929,https://www.hemnet.se/salda/lagenhet-6rum-munka-ljungby-angelholms-kommun-vaxthusvagen-12-3890860853660254929,153-187m²,bostadsratt,2026-08-10T12:02:13.206307
632215,https://www.hemnet.se/salda/lagenhet-5rum-ostermalm-stockholms-kommun-linnegatan-41-632215,153-187m²,bostadsratt,2026-08-10T12:02:13.206309
1147144,"https://www.hemnet.se/salda/lagenhet-5rum-vasastan-stockholms-kommun-vanadisvagen-23,-3-tr-1147144",153-187m²,bostadsratt,2026-08-10T12:02:13.206311
167480,"https://www.hemnet.se/salda/lagenhet-4rum-frosunda-solna-kommun-gustav-iii-s-boulevard-117,-6tr-167480",153-187m²,bostadsratt,2026-08-10T12:02:13.206313
1228403,https://www.hemnet.se/salda/lagenhet-5rum-vaster-nykopings-kommun-stallbacksgrand-18-1228403,153-187m²,bostadsratt,2026-08-10T12:02:13.206315
7791954785809800453,https://www.hemnet.se/salda/lagenhet-6rum-norrkoping-norrkopings-kommun-repslagaregatan-13b-7791954785809800453,153-187m²,bostadsratt,2026-08-10T12:02:13.206316
7246007718792397070,"https://www.hemnet.se/salda/lagenhet-4,5rum-sandarna-fixfabriken-goteborgs-kommun-fixfabrikens-gata-4-7246007718792397070",153-187m²,bostadsratt,2026-08-10T12:02:13.206318
1154073,https://www.hemnet.se/salda/lagenhet-6rum-ostermalm-stockholms-kommun-linnegatan-28-1154073,153-187m²,bostadsratt,2026-08-10T12:02:13.206320
1356985,https://www.hemnet.se/salda/lagenhet-4rum-solna-gamla-rasunda-solna-kommun-vintervagen-25-1356985,153-187m²,bostadsratt,2026-08-10T12:02:13.206322
616943,https://www.hemnet.se/salda/lagenhet-6rum-molndal-centralt-molndals-kommun-rundbergsgatan-10-c-616943,153-187m²,bostadsratt,2026-08-10T12:02:13.206324
476484,https://www.hemnet.se/salda/lagenhet-6rum-innerstan-linkopings-kommun-drottninggatan-6-476484,153-187m²,bostadsratt,2026-08-10T12:02:13.206326
7800060778516846030,https://www.hemnet.se/salda/lagenhet-5rum-vasastan-stockholms-kommun-norrtullsgatan-28-7800060778516846030,153-187m²,bostadsratt,2026-08-10T12:02:13.206327
6946198386608973197,https://www.hemnet.se/salda/lagenhet-3rum-eriksberg-goteborgs-kommun-sorhallskajen-24-6946198386608973197,153-187m²,bostadsratt,2026-08-10T12:02:13.206329
5294604744474751631,https://www.hemnet.se/salda/lagenhet-4rum-varvsholmen-kalmar-kommun-jeanssongatan-11-5294604744474751631,153-187m²,bostadsratt,2026-08-10T12:02:13.206331
4617279926682152611,https://www.hemnet.se/salda/lagenhet-7rum-hammarby-sjostad-stockholms-kommun-ljusslingan-9a-4617279926682152611,153-187m²,bostadsratt,2026-08-10T12:02:13.206332
749635,https://www.hemnet.se/salda/lagenhet-6rum-helsingborg-centrum-helsingborgs-kommun-drottninggatan-50-749635,153-187m²,bostadsratt,2026-08-10T12:02:13.206334
2335173312888623086,https://www.hemnet.se/salda/lagenhet-4rum-helsingborg-centrum-helsingborgs-kommun-kung-kristoffers-gata-25-2335173312888623086,153-187m²,bostadsratt,2026-08-10T12:02:13.206336
238986,https://www.hemnet.se/salda/lagenhet-5rum-tagaborg-helsingborgs-kommun-michael-lofmans-gata-6-238986,153-187m²,bostadsratt,2026-08-10T12:02:13.206337
485211,https://www.hemnet.se/salda/lagenhet-4rum-norr-helsingborgs-kommun-drottninggatan-31-485211,153-187m²,bostadsratt,2026-08-10T12:02:13.206339
6418319614936609234,https://www.hemnet.se/salda/lagenhet-6rum-ostermalm-vasteras-kommun-mimergatan-1a-6418319614936609234,153-187m²,bostadsratt,2026-08-10T12:02:13.206341
119394,"https://www.hemnet.se/salda/lagenhet-5rum-midsommarkransen-aspudden-stockholms-kommun-fastlagsvagen-54,-3-tr-119394",153-187m²,bostadsratt,2026-08-10T12:02:13.206343
844544,"https://www.hemnet.se/salda/lagenhet-5rum-huvudsta-solna-kommun-slaggbacken-2,-van-4-844544",153-187m²,bostadsratt,2026-08-10T12:02:13.206344
3478099281856016157,https://www.hemnet.se/salda/lagenhet-5rum-centralt-ostersunds-kommun-radhusgatan-5a-3478099281856016157,153-187m²,bostadsratt,2026-08-10T12:02:13.206346
642207,https://www.hemnet.se/salda/lagenhet-6rum-limhamn-on-malmo-kommun-skvatterevsgatan-64-642207,153-187m²,bostadsratt,2026-08-10T12:02:13.206347
5643592703780551339,https://www.hemnet.se/salda/lagenhet-5rum-gashaga-lidingo-kommun-slipvagen-2-5643592703780551339,153-187m²,bostadsratt,2026-08-10T12:02:13.206349
5473356783305785368,https://www.hemnet.se/salda/lagenhet-5rum-lund-centrum-lunds-kommun-stora-grabrodersgatan-12-5473356783305785368,153-187m²,bostadsratt,2026-08-10T12:02:13.206351
3089886430102666402,https://www.hemnet.se/salda/lagenhet-7rum-luthagen-uppsala-kommun-hallbygatan-34b-3089886430102666402,153-187m²,bostadsratt,2026-08-10T12:02:13.206352
1363477,https://www.hemnet.se/salda/lagenhet-5rum-framre-luthagen-uppsala-kommun-gluntens-grand-1-1363477,153-187m²,bostadsratt,2026-08-10T12:02:13.206354
542328,https://www.hemnet.se/salda/lagenhet-5rum-ostra-ljungby-klippans-kommun-blasingevagen-36-542328,153-187m²,bostadsratt,2026-08-10T12:02:13.206355
800742,"https://www.hemnet.se/salda/lagenhet-6rum-runo-osterakers-kommun-vikingavagen-27,-lgh-13-800742",153-187m²,bostadsratt,2026-08-10T12:02:13.206357
270989,https://www.hemnet.se/salda/lagenhet-5rum-kristianstads-centrum-kristianstads-kommun-kanalgatan-2-270989,153-187m²,bostadsratt,2026-08-10T12:02:13.206358
7867347213480406293,https://www.hemnet.se/salda/lagenhet-7rum-klovsjo-bergs-kommun-lilla-panoramavagen-3d-7867347213480406293,153-187m²,bostadsratt,2026-08-10T12:02:13.206360
1408203,https://www.hemnet.se/salda/lagenhet-7rum-hammarby-sjostad-stockholms-kommun-ljusslingan-9e-1408203,153-187m²,bostadsratt,2026-08-10T12:02:13.206361
965386,https://www.hemnet.se/salda/lagenhet-4rum-tingvallastaden-karlstads-kommun-herrgardsgatan-2-b-965386,153-187m²,bostadsratt,2026-08-10T12:02:13.206363
7922610988331737543,https://www.hemnet.se/salda/lagenhet-5rum-ostermalm-stockholms-kommun-ostermalmsgatan-99-7922610988331737543,153-187m²,bostadsratt,2026-08-10T12:02:13.206365
1832761173050642837,https://www.hemnet.se/salda/lagenhet-6rum-norrmalm-vasastan-stockholms-kommun-tegnergatan-16-1832761173050642837,153-187m²,bostadsratt,2026-08-10T12:02:13.206366
1409916,"https://www.hemnet.se/salda/lagenhet-4rum-kungsholmen-stockholms-kommun-hantverkargatan-56,-6-tr-1409916",153-187m²,bostadsratt,2026-08-10T12:02:13.206368
1204009,https://www.hemnet.se/salda/lagenhet-7rum-djursholm-danderyds-kommun-slottsstigen-6-1204009,153-187m²,bostadsratt,2026-08-10T12:02:13.206369
486037,https://www.hemnet.se/salda/lagenhet-6rum-aspudden-stockholms-kommun-schlytersvagen-7e-486037,153-187m²,bostadsratt,2026-08-10T12:02:13.206371
1086714350003626194,https://www.hemnet.se/salda/lagenhet-5rum-kungsholmen-stockholms-kommun-bergsgatan-36-5-tr-1086714350003626194,153-187m²,bostadsratt,2026-08-10T12:02:13.206372
2458687314494023332,https://www.hemnet.se/salda/lagenhet-5rum-ostermalm-stockholms-kommun-ostermalmsgatan-57-2458687314494023332,153-187m²,bostadsratt,2026-08-10T12:02:13.206374
7272989105221529600,https://www.hemnet.se/salda/lagenhet-5rum-limhamn-malmo-kommun-ostra-bernadottesgatan-56b-7272989105221529600,153-187m²,bostadsratt,2026-08-10T12:02:13.206375
1485018718961501126,"https://www.hemnet.se/salda/lagenhet-5,5rum-villastaden-falu-kommun-vasagatan-35b-1485018718961501126",153-187m²,bostadsratt,2026-08-10T12:02:13.206376
1193113,https://www.hemnet.se/salda/lagenhet-5rum-ostermalm-stockholms-kommun-ostermalmsgatan-42-1193113,153-187m²,bostadsratt,2026-08-10T12:02:13.206378
1199566,https://www.hemnet.se/salda/lagenhet-5rum-lanna-huddinge-kommun-rokslingan-18a-1199566,153-187m²,bostadsratt,2026-08-10T12:02:13.206380
1491164,https://www.hemnet.se/salda/lagenhet-5rum-vasterhaninge-haninge-kommun-kolonilottsvagen-165-1491164,153-187m²,bostadsratt,2026-08-10T12:02:13.206381
4485060242232255965,https://www.hemnet.se/salda/lagenhet-5rum-vasastaden-goteborgs-kommun-aschebergsgatan-35-4485060242232255965,153-187m²,bostadsratt,2026-08-10T12:02:13.206382
7681617690644938439,https://www.hemnet.se/salda/lagenhet-5rum-hersby-lidingo-kommun-bredablicksvagen-7-7681617690644938439,153-187m²,bostadsratt,2026-08-10T12:02:13.206384
5692573874145248207,https://www.hemnet.se/salda/lagenhet-6rum-vasastan-stockholms-kommun-vastmannagatan-74-5692573874145248207,153-187m²,bostadsratt,2026-08-10T12:02:13.206385
1001617,https://www.hemnet.se/salda/lagenhet-3rum-solbracke-kungalvs-kommun-solbrackegatan-22-1001617,153-187m²,bostadsratt,2026-08-10T12:02:13.206387
303650,https://www.hemnet.se/salda/lagenhet-3rum-centralt-norr-gavle-kommun-byggmastargatan-5-b-303650,153-187m²,bostadsratt,2026-08-10T12:02:13.206388
219016,"https://www.hemnet.se/salda/lagenhet-6rum-vasastan-stockholms-kommun-odengatan-45,-4tr-219016",153-187m²,bostadsratt,2026-08-10T12:02:13.206390
1375861,"https://www.hemnet.se/salda/lagenhet-6rum-skytteholm-solna-kommun-framnasbacken-1,-5-tr-1375861",153-187m²,bostadsratt,2026-08-10T12:02:13.206391
47276,https://www.hemnet.se/salda/lagenhet-1rum-solbracke-kungalvs-kommun-solbrackegatan-22-47276,153-187m²,bostadsratt,2026-08-10T12:02:13.206393
6078765281767831081,https://www.hemnet.se/salda/lagenhet-6rum-herrhagen-karlstads-kommun-strandvagen-16-6078765281767831081,153-187m²,bostadsratt,2026-08-10T12:02:13.206394
3101466126947415500,https://www.hemnet.se/salda/lagenhet-5rum-centrum-norr-helsingborgs-kommun-drottninggatan-122-3101466126947415500,153-187m²,bostadsratt,2026-08-10T12:02:13.206396
1282479,https://www.hemnet.se/salda/lagenhet-5rum-ostermalm-stockholms-kommun-grevgatan-22-1282479,153-187m²,bostadsratt,2026-08-10T12:02:13.206397
1171825,https://www.hemnet.se/salda/lagenhet-5rum-jonkoping-vaster-jonkopings-kommun-tradgardsgatan-2a-1171825,153-187m²,bostadsratt,2026-08-10T12:02:13.206398
686402,https://www.hemnet.se/salda/lagenhet-6rum-centralt-upplands-vasby-kommun-holmvagen-5-686402,153-187m²,bostadsratt,2026-08-10T12:02:13.206400
25327437750559799,https://www.hemnet.se/salda/lagenhet-7rum-limhamn-sjostad-malmo-kommun-kolsyregatan-14-25327437750559799,153-187m²,bostadsratt,2026-08-10T12:02:13.206402
170919,"https://www.hemnet.se/salda/lagenhet-6rum-baggeby-larsberg-lidingo-kommun-fregattvagen-8,-vaning-12-av-12-170919",153-187m²,bostadsratt,2026-08-10T12:02:13.206403
6472466682036250112,"https://www.hemnet.se/salda/lagenhet-5,5rum-kungsholmen-norr-malarstrand-stockholms-kommun-norr-malarstrand-32,-1tr-6472466682036250112",153-187m²,bostadsratt,2026-08-10T12:02:13.206405
2320652163472678650,https://www.hemnet.se/salda/lagenhet-6rum-ostermalm-stockholms-kommun-nybrogatan-38-2320652163472678650,153-187m²,bostadsratt,2026-08-10T12:02:13.206406
333678,https://www.hemnet.se/salda/lagenhet-5rum-naset-lidingo-kommun-karins-alle-4-333678,153-187m²,bostadsratt,2026-08-10T12:02:13.206408
556542601605800866,https://www.hemnet.se/salda/lagenhet-5rum-strangnas-centrum-strangnas-kommun-nygatan-30d-556542601605800866,153-187m²,bostadsratt,2026-08-10T12:02:13.206409
2565110148914294888,https://www.hemnet.se/salda/lagenhet-7rum-sodermalm-stockholms-kommun-magnus-ladulasgatan-7-4tr-2565110148914294888,153-187m²,bostadsratt,2026-08-10T12:02:13.206411
1142518,https://www.hemnet.se/salda/lagenhet-4rum-gamla-vaster-malmo-kommun-repslagaregatan-6a-1142518,153-187m²,bostadsratt,2026-08-10T12:02:13.206412
261747,https://www.hemnet.se/salda/lagenhet-6rum-ladugardsangen-orebro-kommun-landbotorpsallen-13-j-261747,153-187m²,bostadsratt,2026-08-10T12:02:13.206414
1136756,https://www.hemnet.se/salda/lagenhet-5rum-lillgarden-haninge-kommun-kolonilottsvagen-etapp-2-radhus-21-1136756,153-187m²,bostadsratt,2026-08-10T12:02:13.206416
138592074453043736,https://www.hemnet.se/salda/lagenhet-5rum-ostermalm-stockholms-kommun-oxenstiernsgatan-33-138592074453043736,153-187m²,bostadsratt,2026-08-10T12:02:13.206417
7125478669328210393,"https://www.hemnet.se/salda/lagenhet-6,5rum-vasastaden-stockholms-kommun-dobelnsgatan-63,-5-tr-7125478669328210393",153-187m²,bostadsratt,2026-08-10T12:02:13.206419
1233954,https://www.hemnet.se/salda/lagenhet-5rum-nordantill-norrkopings-kommun-upplandsgatan-2-1233954,153-187m²,bostadsratt,2026-08-10T12:02:13.206421
2487179779221561512,https://www.hemnet.se/salda/lagenhet-7rum-norr-helsingborgs-kommun-drottninggatan-147-2487179779221561512,153-187m²,bostadsratt,2026-08-10T12:02:13.206422
588640,"https://www.hemnet.se/salda/lagenhet-5rum-varnhem-malmo-kommun-ostra-forstadsgatan-35b,-tr-2-588640",153-187m²,bostadsratt,2026-08-10T12:02:13.206424
1282250,https://www.hemnet.se/salda/lagenhet-6rum-segeltorp-huddinge-kommun-gamla-sodertaljevagen-187-b-1282250,153-187m²,bostadsratt,2026-08-10T12:02:13.206426
1486551,https://www.hemnet.se/salda/lagenhet-4rum-city-malmo-kommun-ostergatan-27-1486551,153-187m²,bostadsratt,2026-08-10T12:02:13.206427
1104649,"https://www.hemnet.se/salda/lagenhet-4rum-city-norrmalm-stockholms-kommun-sveavagen-35,-5tr-1104649",153-187m²,bostadsratt,2026-08-10T12:02:13.206429
202166,"https://www.hemnet.se/salda/lagenhet-5,5rum-lorensberg-goteborgs-kommun-eklandagatan-1-202166",153-187m²,bostadsratt,2026-08-10T12:02:13.206430
712921,https://www.hemnet.se/salda/lagenhet-5rum-hollviken-vellinge-kommun-ivars-vag-4-712921,153-187m²,bostadsratt,2026-08-10T12:02:13.206431
7261681828703476563,https://www.hemnet.se/salda/lagenhet-5rum-triangeln-malmo-kommun-munkgatan-1-7261681828703476563,153-187m²,bostadsratt,2026-08-10T12:02:13.206433
294891,https://www.hemnet.se/salda/lagenhet-5rum-gultzauudden-lulea-kommun-fredsgatan-2-294891,153-187m²,bostadsratt,2026-08-10T12:02:13.206434
8261198978990559265,https://www.hemnet.se/salda/lagenhet-5rum-vasastan-stockholms-kommun-vikingagatan-11-8261198978990559265,153-187m²,bostadsratt,2026-08-10T12:02:13.206436
775976,https://www.hemnet.se/salda/lagenhet-6rum-mjolkudden-lulea-kommun-radiomasten-181-775976,153-187m²,bostadsratt,2026-08-10T12:02:13.206437
4427568481936393303,https://www.hemnet.se/salda/lagenhet-4rum-sodermalm-stockholms-kommun-hornsgatan-81-4427568481936393303,153-187m²,bostadsratt,2026-08-10T12:02:13.206439
433974,https://www.hemnet.se/salda/lagenhet-5rum-tynnered-goteborgs-kommun-topasgatan-83-433974,153-187m²,bostadsratt,2026-08-10T12:02:13.206440
1276999,https://www.hemnet.se/salda/lagenhet-6rum-solna-jarvastaden-solna-kommun-gunnarbovagen-52-1276999,153-187m²,bostadsratt,2026-08-10T12:02:13.206441
8048146512951980945,https://www.hemnet.se/salda/lagenhet-6rum-vasastaden-goteborgs-kommun-haga-kyrkogata-16a-8048146512951980945,153-187m²,bostadsratt,2026-08-10T12:02:13.206443
251345,https://www.hemnet.se/salda/lagenhet-5rum-centrum-koping-kopings-kommun-barnhemsgatan-9a-251345,153-187m²,bostadsratt,2026-08-10T12:02:13.206444
5408378505657079332,https://www.hemnet.se/salda/lagenhet-6rum-apoteksskogen-upplands-vasby-kommun-holmvagen-7-5408378505657079332,153-187m²,bostadsratt,2026-08-10T12:02:13.206446
1328941,"https://www.hemnet.se/salda/lagenhet-4rum-kungsholmen-stockholms-kommun-fleminggatan-27,-3-tr-1328941",153-187m²,bostadsratt,2026-08-10T12:02:13.206447
2350776900818424132,https://www.hemnet.se/salda/lagenhet-5rum-ljunghusen-vellinge-kommun-svanjaktsvagen-4b-2350776900818424132,153-187m²,bostadsratt,2026-08-10T12:02:13.206449
4225693548673796826,https://www.hemnet.se/salda/lagenhet-6rum-mjolkudden-lulea-kommun-radiomasten-147-4225693548673796826,153-187m²,bostadsratt,2026-08-10T12:02:13.206450
686761,https://www.hemnet.se/salda/lagenhet-6rum-nykvarn-vidbynas-nykvarns-kommun-vidbynaspark-hus-1-686761,153-187m²,bostadsratt,2026-08-10T12:02:13.206452
9064685566291151050,https://www.hemnet.se/salda/lagenhet-5rum-ostermalm-stockholms-kommun-linnegatan-58-9064685566291151050,153-187m²,bostadsratt,2026-08-10T12:02:13.206453
1719836518249493845,"https://www.hemnet.se/salda/lagenhet-5rum-kungsholmen-kungsholms-strand-stockholms-kommun-kungsholms-strand-169,-6tr-1719836518249493845",153-187m²,bostadsratt,2026-08-10T12:02:13.206454
1296930,https://www.hemnet.se/salda/lagenhet-6rum-lindbacken-uppsala-kommun-torpsvangen-29-1296930,153-187m²,bostadsratt,2026-08-10T12:02:13.206456
695408,"https://www.hemnet.se/salda/lagenhet-6rum-runo-osterakers-kommun-runvagen-21,-lgh-39-695408",153-187m²,bostadsratt,2026-08-10T12:02:13.206457
1276815,https://www.hemnet.se/salda/lagenhet-5rum-centralt-ostersunds-kommun-prastgatan-65-a-1276815,153-187m²,bostadsratt,2026-08-10T12:02:13.206459
687270,https://www.hemnet.se/salda/lagenhet-5rum-jonkoping-oster-jonkopings-kommun-foreningsgatan-11-687270,153-187m²,bostadsratt,2026-08-10T12:02:13.206460
115326,https://www.hemnet.se/salda/lagenhet-5rum-centralt-ostermalm-vasteras-kommun-stora-gatan-2-d-115326,153-187m²,bostadsratt,2026-08-10T12:02:13.206461
4035859822446396363,"https://www.hemnet.se/salda/lagenhet-5,5rum-vasastan-stockholms-kommun-torsplan-10,-2-tr-4035859822446396363",153-187m²,bostadsratt,2026-08-10T12:02:13.206463
846773,https://www.hemnet.se/salda/lagenhet-5rum-s-t-knut-malmo-kommun-henrik-smithsgatan-10-846773,153-187m²,bostadsratt,2026-08-10T12:02:13.206464
545484,https://www.hemnet.se/salda/lagenhet-7rum-barstabergen-sodertalje-kommun-karlslundsgatan-15-545484,153-187m²,bostadsratt,2026-08-10T12:02:13.206466
2006887167851697896,"https://www.hemnet.se/salda/lagenhet-5rum-vasastan-odenplan-stockholms-kommun-surbrunnsgatan-50,-5tr-2006887167851697896",153-187m²,bostadsratt,2026-08-10T12:02:13.206467
1378845,https://www.hemnet.se/salda/lagenhet-5rum-centralt-knivsta-kommun-margaretavagen-55-1378845,153-187m²,bostadsratt,2026-08-10T12:02:13.206469
6647270598356987762,https://www.hemnet.se/salda/lagenhet-5rum-torpa-soder-jonkopings-kommun-myntgatan-10-6647270598356987762,153-187m²,bostadsratt,2026-08-10T12:02:13.206470
787480,https://www.hemnet.se/salda/lagenhet-4rum-torsvik-herserud-lidingo-kommun-carl-milles-vag-7-787480,153-187m²,bostadsratt,2026-08-10T12:02:13.206471
93496,"https://www.hemnet.se/salda/lagenhet-6rum-skytteholm-solna-kommun-nybodagatan-4,-2tr-93496",153-187m²,bostadsratt,2026-08-10T12:02:13.206473
1115072,https://www.hemnet.se/salda/lagenhet-6rum-rorsjostaden-malmo-kommun-kungsgatan-24-1115072,153-187m²,bostadsratt,2026-08-10T12:02:13.206474
1349974,https://www.hemnet.se/salda/lagenhet-5rum-vasastan-stockholms-kommun-vidargatan-4-1349974,153-187m²,bostadsratt,2026-08-10T12:02:13.206476
605509,"https://www.hemnet.se/salda/lagenhet-7rum-kungsholmen-stockholms-kommun-fleminggatan-105,-6tr-605509",153-187m²,bostadsratt,2026-08-10T12:02:13.206477
1380409,https://www.hemnet.se/salda/lagenhet-6rum-vasastan-stockholms-kommun-tegnergatan-18-1380409,153-187m²,bostadsratt,2026-08-10T12:02:13.206479
347091,https://www.hemnet.se/salda/lagenhet-6rum-norr-helsingborgs-kommun-halsovagen-7-347091,153-187m²,bostadsratt,2026-08-10T12:02:13.206480
5439649766527510848,https://www.hemnet.se/salda/lagenhet-5rum-elfsborg-villastaden-falu-kommun-vallmansgatan-6-5439649766527510848,153-187m²,bostadsratt,2026-08-10T12:02:13.206481
7727331541528850694,"https://www.hemnet.se/salda/lagenhet-5rum-kungsholmen-stockholms-kommun-jakob-westinsgatan-5,-4-tr-7727331541528850694",153-187m²,bostadsratt,2026-08-10T12:02:13.206483
2053728583497073485,https://www.hemnet.se/salda/lagenhet-5rum-limhamns-sjostad-malmo-kommun-barlastgatan-57-2053728583497073485,153-187m²,bostadsratt,2026-08-10T12:02:13.206484
1840435855603227497,"https://www.hemnet.se/salda/lagenhet-7rum-karolinska-solna-kommun-prostvagen-13,-3-4-tr-1840435855603227497",153-187m²,bostadsratt,2026-08-10T12:02:13.206486
1384630,"https://www.hemnet.se/salda/lagenhet-5rum-kungsholmen-stockholms-kommun-kungsholmsgatan-30,-3-tr-1384630",153-187m²,bostadsratt,2026-08-10T12:02:13.206487
1445788,https://www.hemnet.se/salda/lagenhet-6rum-berga-bergavik-kalmar-kommun-brf-sidenstigen-lgh-1-1445788,153-187m²,bostadsratt,2026-08-10T12:02:13.206489
689766,"https://www.hemnet.se/salda/lagenhet-5rum-sodermalm-stockholms-kommun-asogatan-131,-3-tr-689766",153-187m²,bostadsratt,2026-08-10T12:02:13.206490
104575,https://www.hemnet.se/salda/lagenhet-5rum-city-helsingborgs-kommun-drottninggatan-48-104575,153-187m²,bostadsratt,2026-08-10T12:02:13.206491
5320676634962336365,https://www.hemnet.se/salda/lagenhet-6rum-sollentuna-centrum-sollentuna-kommun-edsviksvagen-8-5320676634962336365,153-187m²,bostadsratt,2026-08-10T12:02:13.206493
1060591,https://www.hemnet.se/salda/lagenhet-6rum-linkoping-linkopings-kommun-gustav-adolfsgatan-17a-1060591,153-187m²,bostadsratt,2026-08-10T12:02:13.206494
609446469823868251,https://www.hemnet.se/salda/lagenhet-6rum-bromma-annedal-stockholms-kommun-dartanjangs-gata-16a-609446469823868251,153-187m²,bostadsratt,2026-08-10T12:02:13.206496
6929996699682807513,https://www.hemnet.se/salda/lagenhet-6rum-munka-ljungby-angelholms-kommun-vaxthusvagen-6-6929996699682807513,153-187m²,bostadsratt,2026-08-10T12:02:13.206497
726823,"https://www.hemnet.se/salda/lagenhet-6rum-ostermalm-stockholms-kommun-narvavagen-5,-3-tr-726823",153-187m²,bostadsratt,2026-08-10T12:02:13.206499
275342,https://www.hemnet.se/salda/lagenhet-6rum-orbyhus-tierps-kommun-tibyvagen-1b-275342,153-187m²,bostadsratt,2026-08-10T12:02:13.206500
301054,https://www.hemnet.se/salda/lagenhet-4rum-vastra-hamnen-malmo-kommun-sundspromenaden-1-301054,153-187m²,bostadsratt,2026-08-10T12:02:13.206501
581570,https://www.hemnet.se/salda/lagenhet-5rum-lund-centrum-lunds-kommun-sankt-mansgatan-3-581570,153-187m²,bostadsratt,2026-08-10T12:02:13.206503
8438861180997704380,"https://www.hemnet.se/salda/lagenhet-6rum-frosunda-solna-kommun-gustav-iii-s-boulevard-45,-van-5-6-8438861180997704380",153-187m²,bostadsratt,2026-08-10T12:02:13.206504
7301647142594937914,https://www.hemnet.se/salda/lagenhet-4rum-ostermalm-stockholms-kommun-ostermalmsgatan-99-7301647142594937914,153-187m²,bostadsratt,2026-08-10T12:02:13.206506
260718,https://www.hemnet.se/salda/lagenhet-5rum-centrum-fjardingen-uppsala-kommun-luthagsesplanaden-11-260718,153-187m²,bostadsratt,2026-08-10T12:02:13.206507
639854,https://www.hemnet.se/salda/lagenhet-5rum-tagaborg-helsingborgs-kommun-karl-x-gustavs-gata-66-639854,153-187m²,bostadsratt,2026-08-10T12:02:13.206509
9015226798735011974,https://www.hemnet.se/salda/lagenhet-5rum-varvsholmen-kalmar-kommun-jeanssongatan-17-9015226798735011974,153-187m²,bostadsratt,2026-08-10T12:02:13.206510
433564,"https://www.hemnet.se/salda/lagenhet-4rum-trosso,-mollebacken-karlskrona-kommun-vastra-vittusgatan-14-433564",153-187m²,bostadsratt,2026-08-10T12:02:13.206512
8263419377027594043,https://www.hemnet.se/salda/lagenhet-5rum-alvsjo-stockholms-kommun-johan-skyttes-vag-214-8263419377027594043,153-187m²,bostadsratt,2026-08-10T12:02:13.206513
422126,https://www.hemnet.se/salda/lagenhet-6rum-slottsstaden-malmo-kommun-regementsgatan-60-422126,153-187m²,bostadsratt,2026-08-10T12:02:13.206514
2746246855488118203,https://www.hemnet.se/salda/lagenhet-5rum-grondal-stockholms-kommun-ekensbergskajen-5-2746246855488118203,153-187m²,bostadsratt,2026-08-10T12:02:13.206516
1265372,https://www.hemnet.se/salda/lagenhet-6rum-centrum-helsingborgs-kommun-sodra-strandgatan-17-1265372,153-187m²,bostadsratt,2026-08-10T12:02:13.206518
365786,https://www.hemnet.se/salda/lagenhet-6rum-huvudsta-solna-kommun-armegatan-25-365786,153-187m²,bostadsratt,2026-08-10T12:02:13.206519
2233676731983167345,https://www.hemnet.se/salda/lagenhet-6rum-djursholm-danderyds-kommun-auravagen-13-2233676731983167345,153-187m²,bostadsratt,2026-08-10T12:02:13.206521
1380895,https://www.hemnet.se/salda/lagenhet-5rum-solbacken-malmo-kommun-vilebovagen-19d-1380895,153-187m²,bostadsratt,2026-08-10T12:02:13.206522
1943488639791912140,https://www.hemnet.se/salda/lagenhet-6rum-centralt-knivsta-kommun-margaretavagen-47-a-l101-1943488639791912140,153-187m²,bostadsratt,2026-08-10T12:02:13.206524
235250,https://www.hemnet.se/salda/lagenhet-6rum-centrum-helsingborgs-kommun-sodra-strandgatan-17-235250,153-187m²,bostadsratt,2026-08-10T12:02:13.206525
279600,https://www.hemnet.se/salda/lagenhet-5rum-triangeln-city-malmo-kommun-borgmastaregatan-6-279600,153-187m²,bostadsratt,2026-08-10T12:02:13.206527
353569,"https://www.hemnet.se/salda/lagenhet-5rum-vasastaden-linkopings-kommun-platensgatan-19,-lgh-1001-353569",153-187m²,bostadsratt,2026-08-10T12:02:13.206529
808755,https://www.hemnet.se/salda/lagenhet-5rum-mjolkudden-ankarkronan-lulea-kommun-radiomasten-153-808755,153-187m²,bostadsratt,2026-08-10T12:02:13.206530
1008068546714041897,https://www.hemnet.se/salda/lagenhet-5rum-trosso-karlskrona-kommun-bredgatan-11-1008068546714041897,153-187m²,bostadsratt,2026-08-10T12:02:13.206532
1420019,https://www.hemnet.se/salda/lagenhet-5rum-sodermalm-stockholms-kommun-hogbergsgatan-54-1420019,153-187m²,bostadsratt,2026-08-10T12:02:13.206533
722460,"https://www.hemnet.se/salda/lagenhet-4,5rum-lorensberg-goteborgs-kommun-olof-wijksgatan-2a-722460",153-187m²,bostadsratt,2026-08-10T12:02:13.206535
1425713,"https://www.hemnet.se/salda/lagenhet-4,5rum-city-malmo-kommun-stora-nygatan-27b-1425713",153-187m²,bostadsratt,2026-08-10T12:02:13.206536
874052,https://www.hemnet.se/salda/lagenhet-5rum-villastaden-gavle-kommun-kungsbacksvagen-11-874052,153-187m²,bostadsratt,2026-08-10T12:02:13.206538
1412158,https://www.hemnet.se/salda/lagenhet-5rum-saltsjobaden-solsidan-nacka-kommun-skyttevagen-18a-1412158,153-187m²,bostadsratt,2026-08-10T12:02:13.206539
7991940308949041972,https://www.hemnet.se/salda/lagenhet-6rum-gashaga-lidingo-kommun-hamnvagen-2-takvaning-7991940308949041972,153-187m²,bostadsratt,2026-08-10T12:02:13.206540
1858882763536918608,https://www.hemnet.se/salda/lagenhet-5rum-kungsholmen-stockholms-kommun-bergsgatan-57-1858882763536918608,153-187m²,bostadsratt,2026-08-10T12:02:13.206542
607253,"https://www.hemnet.se/salda/lagenhet-4,5rum-centralt-vaster-nykopings-kommun-vastra-tradgardsgatan-65a-607253",153-187m²,bostadsratt,2026-08-10T12:02:13.206544
1405679,https://www.hemnet.se/salda/lagenhet-6rum-eklanda-molndals-kommun-eklanda-slatt-21-1405679,153-187m²,bostadsratt,2026-08-10T12:02:13.206545
385025,https://www.hemnet.se/salda/lagenhet-4rum-vastra-lagno-osterakers-kommun-havsbadsvagen-2d-385025,153-187m²,bostadsratt,2026-08-10T12:02:13.206547
8296502928876837177,https://www.hemnet.se/salda/lagenhet-4rum-lorensberg-goteborgs-kommun-sodra-vagen-2-8296502928876837177,153-187m²,bostadsratt,2026-08-10T12:02:13.206548
1087988,https://www.hemnet.se/salda/lagenhet-5rum-kneippen-norrkopings-kommun-almgatan-4-1087988,153-187m²,bostadsratt,2026-08-10T12:02:13.206550
7434574896956080066,https://www.hemnet.se/salda/lagenhet-4rum-vaster-jonkopings-kommun-tradgardsgatan-2a-7434574896956080066,153-187m²,bostadsratt,2026-08-10T12:02:13.206551
563839,"https://www.hemnet.se/salda/lagenhet-5rum-sodermalm-hogalid-stockholms-kommun-ringvagen-14,-4tr-563839",153-187m²,bostadsratt,2026-08-10T12:02:13.206553
1282127,https://www.hemnet.se/salda/lagenhet-6rum-centrum-halmstads-kommun-karlsbergsvagen-2b-1282127,153-187m²,bostadsratt,2026-08-10T12:02:13.206554
991109,https://www.hemnet.se/salda/lagenhet-6rum-gamla-stan-mariestads-kommun-kyrkogatan-22e-991109,153-187m²,bostadsratt,2026-08-10T12:02:13.206556
748868407701110568,https://www.hemnet.se/salda/lagenhet-6rum-kungsholmen-stockholms-kommun-kungsholmstorg-13a-748868407701110568,153-187m²,bostadsratt,2026-08-10T12:02:13.206557
1108785,https://www.hemnet.se/salda/lagenhet-5rum-norr-helsingborgs-kommun-drottninggatan-35-1108785,153-187m²,bostadsratt,2026-08-10T12:02:13.206559
1269475,https://www.hemnet.se/salda/lagenhet-5rum-ostermalm-stockholms-kommun-narvavagen-5-1269475,153-187m²,bostadsratt,2026-08-10T12:02:13.206560
1875024568238147871,"https://www.hemnet.se/salda/lagenhet-5rum-ostermalm-stockholms-kommun-stureparken-7,-3tr-1875024568238147871",153-187m²,bostadsratt,2026-08-10T12:02:13.206562
711023,"https://www.hemnet.se/salda/lagenhet-6rum-nasbypark-taby-kommun-eskadervagen-32,-8tr-711023",153-187m²,bostadsratt,2026-08-10T12:02:13.206563
975087932635779424,https://www.hemnet.se/salda/lagenhet-4rum-lorensberg-goteborgs-kommun-hedasgatan-14-975087932635779424,153-187m²,bostadsratt,2026-08-10T12:02:13.206564
491933,https://www.hemnet.se/salda/lagenhet-6rum-slottsstaden-malmo-kommun-regementsgatan-62-491933,153-187m²,bostadsratt,2026-08-10T12:02:13.206566
641304,https://www.hemnet.se/salda/lagenhet-6rum-slottsstaden-malmo-kommun-regementsgatan-62-641304,153-187m²,bostadsratt,2026-08-10T12:02:13.206567
3290445138712245487,"https://www.hemnet.se/salda/lagenhet-5rum-sodermalm-mariatorget-stockholms-kommun-hornsgatan-62,-4-5-tr-3290445138712245487",153-187m²,bostadsratt,2026-08-10T12:02:13.206569
7053817186892325945,https://www.hemnet.se/salda/lagenhet-4rum-ostermalm-stockholms-kommun-nybrogatan-36-7053817186892325945,153-187m²,bostadsratt,2026-08-10T12:02:13.206570
8359463207733644333,https://www.hemnet.se/salda/lagenhet-6rum-fjardingen-uppsala-kommun-s-t-johannesgatan-7-e-8359463207733644333,153-187m²,bostadsratt,2026-08-10T12:02:13.206572
713202,"https://www.hemnet.se/salda/lagenhet-6rum-vasastan-stockholms-kommun-odengatan-35,-3-tr-713202",153-187m²,bostadsratt,2026-08-10T12:02:13.206574
1467352,https://www.hemnet.se/salda/lagenhet-5rum-orgryte-goteborgs-kommun-bogatan-22-1467352,153-187m²,bostadsratt,2026-08-10T12:02:13.206575
8654458431873611931,https://www.hemnet.se/salda/lagenhet-6rum-norrtull-gavle-kommun-staketgatan-11-8654458431873611931,153-187m²,bostadsratt,2026-08-10T12:02:13.206576
1108864,https://www.hemnet.se/salda/lagenhet-4rum-centralt-sodertalje-kommun-tappgatan-4-1108864,153-187m²,bostadsratt,2026-08-10T12:02:13.206578
921435,https://www.hemnet.se/salda/lagenhet-5rum-framre-luthagen-uppsala-kommun-gluntens-grand-1-921435,153-187m²,bostadsratt,2026-08-10T12:02:13.206579
141967,https://www.hemnet.se/salda/lagenhet-3rum-slussen-malmo-kommun-exercisgatan-2a-141967,153-187m²,bostadsratt,2026-08-10T12:02:13.206581
1146141,https://www.hemnet.se/salda/lagenhet-4rum-gamla-stan-stockholms-kommun-tyska-brinken-28-1146141,153-187m²,bostadsratt,2026-08-10T12:02:13.206582
592856,https://www.hemnet.se/salda/lagenhet-5rum-munka-ljungby-angelholms-kommun-vaxthusvagen-6-592856,153-187m²,bostadsratt,2026-08-10T12:02:13.206583
633155,https://www.hemnet.se/salda/lagenhet-6rum-vasastaden-goteborgs-kommun-molinsgatan-5-633155,153-187m²,bostadsratt,2026-08-10T12:02:13.206585
430356,https://www.hemnet.se/salda/lagenhet-5rum-stora-essingen-stockholms-kommun-stenkullavagen-50-e-430356,153-187m²,bostadsratt,2026-08-10T12:02:13.206586
2784262190376640962,https://www.hemnet.se/salda/lagenhet-6rum-ostermalm-stockholms-kommun-sibyllegatan-33-2784262190376640962,153-187m²,bostadsratt,2026-08-10T12:02:13.206588
1452824,https://www.hemnet.se/salda/lagenhet-6rum-centrala-hisingen-goteborgs-kommun-trollhasselgatan-27-1452824,153-187m²,bostadsratt,2026-08-10T12:02:13.206589
1364325,https://www.hemnet.se/salda/lagenhet-5rum-nasby-park-taby-kommun-eskadervagen-22-etage-van-9-1364325,153-187m²,bostadsratt,2026-08-10T12:02:13.206591
1505888,https://www.hemnet.se/salda/lagenhet-6rum-centralt-vastermalm-vasteras-kommun-vastermalmsgatan-2a-1505888,153-187m²,bostadsratt,2026-08-10T12:02:13.206592
8831809387800305860,https://www.hemnet.se/salda/lagenhet-4rum-city-malmo-kommun-henrik-smithsgatan-1-8831809387800305860,153-187m²,bostadsratt,2026-08-10T12:02:13.206594
527015,https://www.hemnet.se/salda/lagenhet-5rum-malmaberg-vasteras-kommun-gjutargatan-26-a-527015,153-187m²,bostadsratt,2026-08-10T12:02:13.206595
524150,https://www.hemnet.se/salda/lagenhet-4rum-grenadjarstaden-orebro-kommun-kaserngarden-2b-524150,153-187m²,bostadsratt,2026-08-10T12:02:13.206597
1404094,https://www.hemnet.se/salda/lagenhet-6rum-triangeln-radmansvangen-malmo-kommun-kapellgatan-8-1404094,153-187m²,bostadsratt,2026-08-10T12:02:13.206598
8912152485813289827,https://www.hemnet.se/salda/lagenhet-5rum-tagaborg-helsingborgs-kommun-helmfeltsgatan-9b-8912152485813289827,153-187m²,bostadsratt,2026-08-10T12:02:13.206599
234838,https://www.hemnet.se/salda/lagenhet-5rum-vastra-hamnen-malmo-kommun-scaniaplatsen-3-234838,153-187m²,bostadsratt,2026-08-10T12:02:13.206601
2970796776425751468,https://www.hemnet.se/salda/lagenhet-4rum-bellevue-sjosida-malmo-kommun-sanekullavagen-2a-2970796776425751468,153-187m²,bostadsratt,2026-08-10T12:02:13.206602
4208688212952668239,https://www.hemnet.se/salda/lagenhet-6rum-folkparken-haninge-haninge-kommun-getporsvagen-33-4208688212952668239,153-187m²,bostadsratt,2026-08-10T12:02:13.206604
118758,https://www.hemnet.se/salda/lagenhet-6rum-norr-norrkopings-kommun-abel-beckers-gata-17b-118758,153-187m²,bostadsratt,2026-08-10T12:02:13.206605
5332313173735726613,https://www.hemnet.se/salda/lagenhet-6rum-handen-haninge-kommun-getporsvagen-13-5332313173735726613,153-187m²,bostadsratt,2026-08-10T12:02:13.206606
1125312,https://www.hemnet.se/salda/lagenhet-6rum-lillgarden-haninge-kommun-kolonilottsvagen-etapp-2-radhus-10-1125312,153-187m²,bostadsratt,2026-08-10T12:02:13.206609
6536684746724992768,https://www.hemnet.se/salda/lagenhet-4rum-centrum-ystads-kommun-osterportstorg-5a-6536684746724992768,153-187m²,bostadsratt,2026-08-10T12:02:13.206610
262335,"https://www.hemnet.se/salda/lagenhet-6,5rum-molndal-aby-molndals-kommun-ridspogatan-2b-262335",153-187m²,bostadsratt,2026-08-10T12:02:13.206612
320761,https://www.hemnet.se/salda/lagenhet-4rum-gamla-rasunda-solna-kommun-vintervagen-25-320761,153-187m²,bostadsratt,2026-08-10T12:02:13.206613
1118036,https://www.hemnet.se/salda/lagenhet-5rum-lillgarden-haninge-kommun-kolonilottsvagen-etapp-2-radhus-14-1118036,153-187m²,bostadsratt,2026-08-10T12:02:13.206614
6381771550653279083,https://www.hemnet.se/salda/lagenhet-3rum-vasastan-stockholms-kommun-rodabergsgatan-12-6381771550653279083,153-187m²,bostadsratt,2026-08-10T12:02:13.206616
845593,https://www.hemnet.se/salda/lagenhet-6rum-vastra-hamnen-malmo-kommun-rodergatan-20-845593,153-187m²,bostadsratt,2026-08-10T12:02:13.206617
6597146663886848153,https://www.hemnet.se/salda/lagenhet-5rum-norrtalje-norrtalje-kommun-vatovagen-100f-6597146663886848153,153-187m²,bostadsratt,2026-08-10T12:02:13.206618
958160,"https://www.hemnet.se/salda/lagenhet-5rum-hornsbergs-strand-stockholms-kommun-lustgardsgatan-16,-van-7-8-958160",153-187m²,bostadsratt,2026-08-10T12:02:13.206620
1028666,https://www.hemnet.se/salda/lagenhet-5rum-djakneberget-centralt-vasteras-kommun-kristinagatan-10-1028666,153-187m²,bostadsratt,2026-08-10T12:02:13.206621
812807,https://www.hemnet.se/salda/lagenhet-6rum-centrum-angelholms-kommun-norra-kyrkogatan-16-812807,153-187m²,bostadsratt,2026-08-10T12:02:13.206623
314395,https://www.hemnet.se/salda/lagenhet-4rum-linnestaden-goteborgs-kommun-andra-langgatan-53-314395,153-187m²,bostadsratt,2026-08-10T12:02:13.206624
1275284,https://www.hemnet.se/salda/lagenhet-5rum-vasastaden-goteborgs-kommun-aschebergsgatan-22-1275284,153-187m²,bostadsratt,2026-08-10T12:02:13.206626
564895,https://www.hemnet.se/salda/lagenhet-5rum-vastra-hamnen-malmo-kommun-vastra-varvsgatan-60-564895,153-187m²,bostadsratt,2026-08-10T12:02:13.206627
7981076954818393519,"https://www.hemnet.se/salda/lagenhet-5rum-charlottenberg-danderyds-kommun-skogsslingan-4,-5tr-7981076954818393519",153-187m²,bostadsratt,2026-08-10T12:02:13.206628
3967053800192371006,https://www.hemnet.se/salda/lagenhet-5rum-trosso-karlskrona-kommun-amiralitetsgatan-2-3967053800192371006,153-187m²,bostadsratt,2026-08-10T12:02:13.206630
7518420944907404290,https://www.hemnet.se/salda/lagenhet-6rum-vastermalm-djakneberget-vasteras-kommun-lidmansvagen-3-7518420944907404290,153-187m²,bostadsratt,2026-08-10T12:02:13.206631
1271670,https://www.hemnet.se/salda/lagenhet-4rum-centralt-nassjo-kommun-radhusgatan-26a-1271670,153-187m²,bostadsratt,2026-08-10T12:02:13.206632
6740250711827591911,https://www.hemnet.se/salda/lagenhet-6rum-rorsjostaden-malmo-kommun-kommendorsgatan-1-6740250711827591911,153-187m²,bostadsratt,2026-08-10T12:02:13.206634
1002822,https://www.hemnet.se/salda/lagenhet-5rum-mjolkudden-ankarkronan-lulea-kommun-radiomasten-169-1002822,153-187m²,bostadsratt,2026-08-10T12:02:13.206635
6039256099994026319,https://www.hemnet.se/salda/lagenhet-4rum-kristiansborg-vasteras-kommun-krukmakargatan-3-6039256099994026319,153-187m²,bostadsratt,2026-08-10T12:02:13.206637
1138546,"https://www.hemnet.se/salda/lagenhet-6rum-sickla-alle-nacka-kommun-sickla-alle-45,-4tr-etage-1138546",153-187m²,bostadsratt,2026-08-10T12:02:13.206638
494530,https://www.hemnet.se/salda/lagenhet-4rum-vastermalm-vasteras-kommun-kristinagatan-19-494530,153-187m²,bostadsratt,2026-08-10T12:02:13.206640
6894320999062287992,https://www.hemnet.se/salda/lagenhet-5rum-lorensberg-goteborgs-kommun-burgardsgatan-16-a-6894320999062287992,153-187m²,bostadsratt,2026-08-10T12:02:13.206641
452194,https://www.hemnet.se/salda/lagenhet-6rum-nevisborg-staffanstorps-kommun-nevisborg-65-452194,153-187m²,bostadsratt,2026-08-10T12:02:13.206643
6081586280461528666,"https://www.hemnet.se/salda/lagenhet-5rum-vasastan-odenplan-stockholms-kommun-upplandsgatan-23,-2-tr-6081586280461528666",153-187m²,bostadsratt,2026-08-10T12:02:13.206644
1227288,https://www.hemnet.se/salda/lagenhet-178m2-marsta-industriomrade-sigtuna-kommun-turbingatan-1-a-1227288,153-187m²,bostadsratt,2026-08-10T12:02:13.206646
652449,"https://www.hemnet.se/salda/lagenhet-6rum-runo-osterakers-kommun-vikingavagen-49,-lgh-9-652449",153-187m²,bostadsratt,2026-08-10T12:02:13.206647
4778543593390722651,https://www.hemnet.se/salda/lagenhet-5rum-radmansvangen-malmo-kommun-klostergatan-6-4778543593390722651,153-187m²,bostadsratt,2026-08-10T12:02:13.206649
519071,https://www.hemnet.se/salda/lagenhet-5rum-lorensberg-goteborgs-kommun-sodra-vagen-2-519071,153-187m²,bostadsratt,2026-08-10T12:02:13.206650
635130,"https://www.hemnet.se/salda/lagenhet-5,5rum-kungsholmen-stockholms-kommun-garvargatan-22,-4-tr-635130",153-187m²,bostadsratt,2026-08-10T12:02:13.206652
5319221243422872434,https://www.hemnet.se/salda/lagenhet-5rum-norra-djurgardsstaden-stockholms-kommun-husarvikstorget-16-5319221243422872434,153-187m²,bostadsratt,2026-08-10T12:02:13.206653
549416371247323382,https://www.hemnet.se/salda/lagenhet-5rum-s-t-knut-malmo-kommun-s-t-knuts-torg-1a-u1-549416371247323382,153-187m²,bostadsratt,2026-08-10T12:02:13.206655
746940,https://www.hemnet.se/salda/lagenhet-5rum-hersbyholm-lidingo-kommun-kyrkvagen-26a-746940,153-187m²,bostadsratt,2026-08-10T12:02:13.206656
4448244492507128822,https://www.hemnet.se/salda/lagenhet-6rum-lorensberg-goteborgs-kommun-engelbrektsgatan-35-4448244492507128822,153-187m²,bostadsratt,2026-08-10T12:02:13.206658
672998,https://www.hemnet.se/salda/lagenhet-5rum-stravalla-varbergs-kommun-smealyckevagen-2a-672998,153-187m²,bostadsratt,2026-08-10T12:02:13.206659
503241,"https://www.hemnet.se/salda/lagenhet-5,5rum-ostermalm-stockholms-kommun-grevgatan-35-503241",153-187m²,bostadsratt,2026-08-10T12:02:13.206661
4773944029731095789,https://www.hemnet.se/salda/lagenhet-5rum-vagmastaren-karlstads-kommun-strandvagen-5-4773944029731095789,153-187m²,bostadsratt,2026-08-10T12:02:13.206662
3732679370219962818,https://www.hemnet.se/salda/lagenhet-5rum-vastra-hamnen-malmo-kommun-scaniaplatsen-3-3732679370219962818,153-187m²,bostadsratt,2026-08-10T12:02:13.206663
457355,"https://www.hemnet.se/salda/lagenhet-5rum-vasastan-odenplan-stockholms-kommun-odengatan-34,-4-tr-457355",153-187m²,bostadsratt,2026-08-10T12:02:13.206665
1496704,https://www.hemnet.se/salda/lagenhet-6rum-centralt-vaster-nykopings-kommun-kungsgatan-25-1496704,153-187m²,bostadsratt,2026-08-10T12:02:13.206666
1290110,https://www.hemnet.se/salda/lagenhet-5rum-ramlosa-helsingborgs-kommun-tulegatan-20-e-1290110,153-187m²,bostadsratt,2026-08-10T12:02:13.206668
295750,"https://www.hemnet.se/salda/lagenhet-5rum-vasastan-stockholms-kommun-vikingagatan-11,-1tr-295750",153-187m²,bostadsratt,2026-08-10T12:02:13.206669
459849,"https://www.hemnet.se/salda/lagenhet-5rum-ostermalm-stockholms-kommun-narvavagen-31,-bv-459849",153-187m²,bostadsratt,2026-08-10T12:02:13.206670
1283447909073688791,https://www.hemnet.se/salda/lagenhet-6rum-norra-guldheden-goteborgs-kommun-reutersgatan-4-1283447909073688791,153-187m²,bostadsratt,2026-08-10T12:02:13.206672
5964722032874166861,https://www.hemnet.se/salda/lagenhet-5rum-tagaborg-helsingborgs-kommun-karl-x-gustavs-gata-34-5964722032874166861,153-187m²,bostadsratt,2026-08-10T12:02:13.206673
1322962,https://www.hemnet.se/salda/lagenhet-5rum-vasastan-norrmalm-stockholms-kommun-vastmannagatan-13-1322962,153-187m²,bostadsratt,2026-08-10T12:02:13.206674
6945693173506504032,https://www.hemnet.se/salda/lagenhet-5rum-ostermalm-stockholms-kommun-styrmansgatan-17-6945693173506504032,153-187m²,bostadsratt,2026-08-10T12:02:13.206676
446500,https://www.hemnet.se/salda/lagenhet-5rum-centrum-nynashamns-kommun-skeppargatan-2-446500,153-187m²,bostadsratt,2026-08-10T12:02:13.206678
551635280616543488,https://www.hemnet.se/salda/lagenhet-6rum-oster-orebro-kommun-formansgatan-16-551635280616543488,153-187m²,bostadsratt,2026-08-10T12:02:13.206679
8553670704623976018,https://www.hemnet.se/salda/lagenhet-5rum-olympia-helsingborgs-kommun-magnus-erikssons-gata-8b-8553670704623976018,153-187m²,bostadsratt,2026-08-10T12:02:13.206680
5801271524418603489,https://www.hemnet.se/salda/lagenhet-7rum-centrala-tyreso-tyreso-kommun-bollmorabacken-21-5801271524418603489,153-187m²,bostadsratt,2026-08-10T12:02:13.206682
286684,https://www.hemnet.se/salda/lagenhet-5rum-centrum-lunds-kommun-sankt-petri-kyrkogata-11-286684,153-187m²,bostadsratt,2026-08-10T12:02:13.206683
733886,https://www.hemnet.se/salda/lagenhet-6rum-centralt-linkopings-kommun-nygatan-10-733886,153-187m²,bostadsratt,2026-08-10T12:02:13.206684
612820,https://www.hemnet.se/salda/lagenhet-5rum-skalby-jarfalla-kommun-castorvagen-9d-612820,153-187m²,bostadsratt,2026-08-10T12:02:13.206686
8831968827902743432,https://www.hemnet.se/salda/lagenhet-6rum-alta-strandparken-nacka-kommun-stensovagen-14-8831968827902743432,153-187m²,bostadsratt,2026-08-10T12:02:13.206687
1291727,https://www.hemnet.se/salda/lagenhet-6rum-centrum-linkopings-kommun-hamngatan-16c-1291727,153-187m²,bostadsratt,2026-08-10T12:02:13.206688
1346545,https://www.hemnet.se/salda/lagenhet-6rum-vemdalsskalet-harjedalens-kommun-skalspassvagen-30-b-z52-1346545,153-187m²,bostadsratt,2026-08-10T12:02:13.206690
585899,https://www.hemnet.se/salda/lagenhet-6rum-mjolkudden-lulea-kommun-radiomasten-159-585899,153-187m²,bostadsratt,2026-08-10T12:02:13.206691
1182681,"https://www.hemnet.se/salda/lagenhet-5rum-vasastan-stockholms-kommun-upplandsgatan-56,-2-tr-1182681",153-187m²,bostadsratt,2026-08-10T12:02:13.206693
469694,https://www.hemnet.se/salda/lagenhet-7rum-centrala-sigtuna-sigtuna-kommun-ladugrand-1-469694,153-187m²,bostadsratt,2026-08-10T12:02:13.206694
8609614388078165807,https://www.hemnet.se/salda/lagenhet-5rum-ronneholm-malmo-kommun-regementsgatan-74-8609614388078165807,153-187m²,bostadsratt,2026-08-10T12:02:13.206695
3215396681587186416,"https://www.hemnet.se/salda/lagenhet-5rum-rasunda-solna-kommun-backvagen-10,-5-6-tr-3215396681587186416",153-187m²,bostadsratt,2026-08-10T12:02:13.206697
6779750275344184643,"https://www.hemnet.se/salda/lagenhet-5rum-vasastaden-stockholms-kommun-dobelnsgatan-69,-4tr-6779750275344184643",153-187m²,bostadsratt,2026-08-10T12:02:13.206698
797044,"https://www.hemnet.se/salda/lagenhet-5rum-ostermalm-stockholms-kommun-erik-dahlbergsallen-5,-4-tr-797044",153-187m²,bostadsratt,2026-08-10T12:02:13.206700
7406601589174749677,https://www.hemnet.se/salda/lagenhet-5rum-ostermalm-stockholms-kommun-strandvagen-59-7406601589174749677,153-187m²,bostadsratt,2026-08-10T12:02:13.206701
292010,https://www.hemnet.se/salda/lagenhet-5rum-trosso-karlskrona-kommun-bredgatan-11-292010,153-187m²,bostadsratt,2026-08-10T12:02:13.206702
6371159687014083348,https://www.hemnet.se/salda/lagenhet-5rum-centrum-lunds-kommun-stora-fiskaregatan-15f-6371159687014083348,153-187m²,bostadsratt,2026-08-10T12:02:13.206704
1139664,https://www.hemnet.se/salda/lagenhet-5rum-malmen-kalmar-kommun-linnegatan-14a-1139664,153-187m²,bostadsratt,2026-08-10T12:02:13.206705
641404,"https://www.hemnet.se/salda/lagenhet-6rum-runo-osterakers-kommun-runvagen-15,-lgh-42-641404",153-187m²,bostadsratt,2026-08-10T12:02:13.206706
4458542480871281352,"https://www.hemnet.se/salda/lagenhet-7rum-nasbydal-taby-kommun-nasbydalsvagen-8,-van-15-16-4458542480871281352",153-187m²,bostadsratt,2026-08-10T12:02:13.206708
1284596,https://www.hemnet.se/salda/lagenhet-6rum-henriksdalskajen-hammarby-sjostad-stockholms-kommun-henriksdalskajen-8-1284596,153-187m²,bostadsratt,2026-08-10T12:02:13.206709
315998019331461237,https://www.hemnet.se/salda/lagenhet-6rum-skytteholm-solna-kommun-framnasbacken-1-315998019331461237,153-187m²,bostadsratt,2026-08-10T12:02:13.206711
1418225343867671697,"https://www.hemnet.se/salda/lagenhet-5rum-vasastan-stockholms-kommun-karlbergsvagen-52,-2tr-1418225343867671697",153-187m²,bostadsratt,2026-08-10T12:02:13.206712
2059147380314552879,"https://www.hemnet.se/salda/lagenhet-4rum-vallbostrand-vallentuna-kommun-vallbostrand-6c,-bv-2059147380314552879",153-187m²,bostadsratt,2026-08-10T12:02:13.206714
818717418846794479,https://www.hemnet.se/salda/lagenhet-6rum-apoteksskogen-upplands-vasby-kommun-holmvagen-3-818717418846794479,153-187m²,bostadsratt,2026-08-10T12:02:13.206715
481002,https://www.hemnet.se/salda/lagenhet-4rum-vasastaden-goteborgs-kommun-karl-gustavsgatan-7-c-481002,153-187m²,bostadsratt,2026-08-10T12:02:13.206716
527564,https://www.hemnet.se/salda/lagenhet-4rum-vasastaden-lorensberg-goteborgs-kommun-geijersgatan-6-527564,153-187m²,bostadsratt,2026-08-10T12:02:13.206718
7253910854838255204,https://www.hemnet.se/salda/lagenhet-5rum-centralt-vasastaden-linkopings-kommun-vasavagen-12-7253910854838255204,153-187m²,bostadsratt,2026-08-10T12:02:13.206828
1109747,https://www.hemnet.se/salda/lagenhet-5rum-karlaplan-stockholms-kommun-wittstocksgatan-9-1109747,153-187m²,bostadsratt,2026-08-10T12:02:13.206830
683563550879504826,https://www.hemnet.se/salda/lagenhet-5rum-lindholmen-goteborgs-kommun-lodjursstraket-1-683563550879504826,153-187m²,bostadsratt,2026-08-10T12:02:13.206832
1155006,"https://www.hemnet.se/salda/lagenhet-6rum-skytteholm-solna-kommun-nybodagatan-10,-vaning-5-1155006",153-187m²,bostadsratt,2026-08-10T12:02:13.206833
535128,https://www.hemnet.se/salda/lagenhet-5rum-ostermalm-stockholms-kommun-karlavagen-66-535128,153-187m²,bostadsratt,2026-08-10T12:02:13.206835
921440,"https://www.hemnet.se/salda/lagenhet-6rum-vasastan-stockholms-kommun-vastmannagatan-74,-2-tr-921440",153-187m²,bostadsratt,2026-08-10T12:02:13.206836
1295405,https://www.hemnet.se/salda/lagenhet-5rum-gjuteriet-ystads-kommun-gjuterigatan-134-1295405,153-187m²,bostadsratt,2026-08-10T12:02:13.206837
175262,https://www.hemnet.se/salda/lagenhet-4rum-centralt-oster-orebro-kommun-sturegatan-16-175262,153-187m²,bostadsratt,2026-08-10T12:02:13.206839
977462,"https://www.hemnet.se/salda/lagenhet-5,5rum-drottningtorget-malmo-kommun-husargatan-6-norra-vallgatan-4-977462",153-187m²,bostadsratt,2026-08-10T12:02:13.206840
3790524093570042570,https://www.hemnet.se/salda/lagenhet-6rum-ostermalm-stockholms-kommun-floragatan-10-3790524093570042570,153-187m²,bostadsratt,2026-08-10T12:02:13.206842
1371467,https://www.hemnet.se/salda/lagenhet-4rum-ulleberg-karlstads-kommun-ullebergsvagen-10-1371467,153-187m²,bostadsratt,2026-08-10T12:02:13.206843
449338,https://www.hemnet.se/salda/lagenhet-157m2-ludvika-hogberget-ludvika-kommun-bergsgatan-10-449338,153-187m²,bostadsratt,2026-08-10T12:02:13.206845
1078011,https://www.hemnet.se/salda/lagenhet-5rum-ostermalm-stockholms-kommun-strandvagen-7b-1078011,153-187m²,bostadsratt,2026-08-10T12:02:13.206846
1089576550011892887,https://www.hemnet.se/salda/lagenhet-160m2-are-by-are-kommun-arevagen-174b-liengarden-1089576550011892887,153-187m²,bostadsratt,2026-08-10T12:02:13.206847
6400557972030159424,"https://www.hemnet.se/salda/lagenhet-5rum-vasastan-birkastan-stockholms-kommun-torsgatan-48a,-2-tr-6400557972030159424",153-187m²,bostadsratt,2026-08-10T12:02:13.206849
558573,https://www.hemnet.se/salda/lagenhet-4rum-kungshojd-goteborgs-kommun-arsenalsgatan-12a-558573,153-187m²,bostadsratt,2026-08-10T12:02:13.206850
1392799,https://www.hemnet.se/salda/lagenhet-5rum-centrum-vasteras-kommun-kopparbergsvagen-14d-1392799,153-187m²,bostadsratt,2026-08-10T12:02:13.206852
1285842,"https://www.hemnet.se/salda/lagenhet-7rum-nasbydal-taby-kommun-nasbydalsvagen-8-etage,-vaning-15-och-16-1285842",153-187m²,bostadsratt,2026-08-10T12:02:13.206853
661804,"https://www.hemnet.se/salda/lagenhet-6rum-kungsholmen-city-stockholms-kommun-hantverkargatan-20,-3-tr-661804",153-187m²,bostadsratt,2026-08-10T12:02:13.206855
613298,https://www.hemnet.se/salda/lagenhet-6rum-sodermalm-stockholms-kommun-fatburs-brunnsgata-20-613298,153-187m²,bostadsratt,2026-08-10T12:02:13.206856
930361,https://www.hemnet.se/salda/lagenhet-6rum-ostra-ljungby-klippans-kommun-blasingevagen-42-930361,153-187m²,bostadsratt,2026-08-10T12:02:13.206857
797628,https://www.hemnet.se/salda/lagenhet-5rum-rorsjostaden-malmo-kommun-foreningsgatan-65a-797628,153-187m²,bostadsratt,2026-08-10T12:02:13.206859
3847571013883541369,https://www.hemnet.se/salda/lagenhet-7rum-bromma-nockeby-stockholms-kommun-gronviksvagen-189-3847571013883541369,153-187m²,bostadsratt,2026-08-10T12:02:13.206860
8248610108940772121,https://www.hemnet.se/salda/lagenhet-5rum-city-malmo-kommun-regementsgatan-20-8248610108940772121,153-187m²,bostadsratt,2026-08-10T12:02:13.206861
1099943,https://www.hemnet.se/salda/lagenhet-6rum-rang-sand-vellinge-kommun-rang-sandsvagen-28-a-1099943,153-187m²,bostadsratt,2026-08-10T12:02:13.206863
1156466,https://www.hemnet.se/salda/lagenhet-6rum-nedre-gardet-stockholms-kommun-askrikegatan-9-1156466,153-187m²,bostadsratt,2026-08-10T12:02:13.206864
800046,https://www.hemnet.se/salda/lagenhet-4rum-sylten-oxelbergen-norrkopings-kommun-nygatan-163-800046,153-187m²,bostadsratt,2026-08-10T12:02:13.206866
625396,"https://www.hemnet.se/salda/lagenhet-5,5rum-vasastan-stockholms-kommun-rorstrandsgatan-14,-3-tr-625396",153-187m²,bostadsratt,2026-08-10T12:02:13.206867
474635,https://www.hemnet.se/salda/lagenhet-7rum-tyreso-strand-tyreso-kommun-tranmyravagen-5a-474635,153-187m²,bostadsratt,2026-08-10T12:02:13.206869
1231281,https://www.hemnet.se/salda/lagenhet-5rum-city-malmo-kommun-stora-nygatan-27a-1231281,153-187m²,bostadsratt,2026-08-10T12:02:13.206870
120315,https://www.hemnet.se/salda/lagenhet-6rum-bromma-johannesfred-stockholms-kommun-tackjarnsvagen-11-120315,153-187m²,bostadsratt,2026-08-10T12:02:13.206872
8433916124120082288,https://www.hemnet.se/salda/lagenhet-3rum-saltsjobaden-nacka-kommun-skogsovagen-12a-8433916124120082288,153-187m²,bostadsratt,2026-08-10T12:02:13.206873
771563,https://www.hemnet.se/salda/lagenhet-5rum-ribersborg-malmo-kommun-limhamnsvagen-6a-771563,153-187m²,bostadsratt,2026-08-10T12:02:13.206874
421697,https://www.hemnet.se/salda/lagenhet-5rum-myrangen-huddinge-kommun-bjornspinnarvagen-90-421697,153-187m²,bostadsratt,2026-08-10T12:02:13.206876
1023328,https://www.hemnet.se/salda/lagenhet-6rum-spelhagen-nykopings-kommun-karnevalsvagen-7-1023328,153-187m²,bostadsratt,2026-08-10T12:02:13.206877
3368922722459371929,https://www.hemnet.se/salda/lagenhet-5rum-sundby-park-strangnas-kommun-sundbyvagen-40-3368922722459371929,153-187m²,bostadsratt,2026-08-10T12:02:13.206878
3811355913488380636,https://www.hemnet.se/salda/lagenhet-6rum-jarla-sjo-nacka-kommun-karbidgrand-2-3811355913488380636,153-187m²,bostadsratt,2026-08-10T12:02:13.206880
803462,https://www.hemnet.se/salda/lagenhet-6rum-stallhagen-vasteras-kommun-slottsstigen-1-803462,153-187m²,bostadsratt,2026-08-10T12:02:13.206881
400847064412605675,https://www.hemnet.se/salda/lagenhet-4rum-vasastaden-goteborgs-kommun-vasaplatsen-6a-400847064412605675,153-187m²,bostadsratt,2026-08-10T12:02:13.206882
989037,https://www.hemnet.se/salda/lagenhet-5rum-vasastaden-goteborgs-kommun-erik-dahlbergsgatan-8-a-989037,153-187m²,bostadsratt,2026-08-10T12:02:13.206884
7642060469276985184,https://www.hemnet.se/salda/lagenhet-7rum-barkarbystaden-jarfalla-kommun-majorsvagen-7a-7642060469276985184,153-187m²,bostadsratt,2026-08-10T12:02:13.206885
316633,"https://www.hemnet.se/salda/lagenhet-6rum-katarina-stockholms-kommun-grindsgatan-35,-4tr-316633",153-187m²,bostadsratt,2026-08-10T12:02:13.206886
729382,https://www.hemnet.se/salda/lagenhet-5rum-vasastan-stockholms-kommun-frejgatan-73-729382,153-187m²,bostadsratt,2026-08-10T12:02:13.206888
8992061330730084183,https://www.hemnet.se/salda/lagenhet-6rum-kallhall-jarfalla-kommun-teknikvagen-85-8992061330730084183,153-187m²,bostadsratt,2026-08-10T12:02:13.206889
1487809,"https://www.hemnet.se/salda/lagenhet-6,5rum-dalaplan-malmo-kommun-sodra-forstadsgatan-121g-1487809",153-187m²,bostadsratt,2026-08-10T12:02:13.206890
252827,"https://www.hemnet.se/salda/lagenhet-6rum-finntorp-nacka-kommun-gamla-varmdovagen-6,-10-tr-252827",153-187m²,bostadsratt,2026-08-10T12:02:13.206892
1174239,https://www.hemnet.se/salda/lagenhet-6rum-city-gamla-staden-malmo-kommun-sodra-promenaden-25a-1174239,153-187m²,bostadsratt,2026-08-10T12:02:13.206893
3243636397721539030,https://www.hemnet.se/salda/lagenhet-5rum-lorensberg-goteborgs-kommun-olof-wijksgatan-2a-3243636397721539030,153-187m²,bostadsratt,2026-08-10T12:02:13.206895
2634532381917005765,https://www.hemnet.se/salda/lagenhet-6rum-stuvsta-huddinge-kommun-matvagen-7a-2634532381917005765,153-187m²,bostadsratt,2026-08-10T12:02:13.206896
7950995762973839578,https://www.hemnet.se/salda/lagenhet-5rum-hammarby-sjostad-stockholms-kommun-sickla-kanalgata-64-7950995762973839578,153-187m²,bostadsratt,2026-08-10T12:02:13.206897
13428988658255174,https://www.hemnet.se/salda/lagenhet-5rum-slottsstaden-malmo-kommun-regementsgatan-72-13428988658255174,153-187m²,bostadsratt,2026-08-10T12:02:13.206899
6740173351541421509,https://www.hemnet.se/salda/lagenhet-5rum-eriksberg-goteborgs-kommun-belegatan-6-6740173351541421509,153-187m²,bostadsratt,2026-08-10T12:02:13.206900
490195,https://www.hemnet.se/salda/lagenhet-4rum-centrum-stadsparken-helsingborgs-kommun-carl-krooks-gata-11-490195,153-187m²,bostadsratt,2026-08-10T12:02:13.206901
280062,https://www.hemnet.se/salda/lagenhet-6rum-storangen-nacka-kommun-stubbsundsvagen-1a-280062,153-187m²,bostadsratt,2026-08-10T12:02:13.206903
1153578,"https://www.hemnet.se/salda/lagenhet-5rum-ostermalm-karlaplan-stockholms-kommun-karlaplan-18,-4-tr,-1153578",153-187m²,bostadsratt,2026-08-10T12:02:13.206904
670691,"https://www.hemnet.se/salda/lagenhet-6rum-henriksdalsberget-nacka-kommun-henriksdalsringen-9,-4tr-670691",153-187m²,bostadsratt,2026-08-10T12:02:13.206906
1463553,"https://www.hemnet.se/salda/lagenhet-5,5rum-nedre-johanneberg-goteborgs-kommun-terrassgatan-7-1463553",153-187m²,bostadsratt,2026-08-10T12:02:13.206907
1268057,https://www.hemnet.se/salda/lagenhet-6rum-norrmalm-sundsvalls-kommun-baldersvagen-16-b-1268057,153-187m²,bostadsratt,2026-08-10T12:02:13.206909
1396093,https://www.hemnet.se/salda/lagenhet-5rum-vellinge-vellinge-kommun-norrevangsgatan-1396093,153-187m²,bostadsratt,2026-08-10T12:02:13.206910
626128,https://www.hemnet.se/salda/lagenhet-4rum-ostermalm-stockholms-kommun-nybrogatan-68-626128,153-187m²,bostadsratt,2026-08-10T12:02:13.206912
839017,https://www.hemnet.se/salda/lagenhet-7rum-mjolkudden-lulea-kommun-radiomasten-115-839017,153-187m²,bostadsratt,2026-08-10T12:02:13.206913
8138940378372554724,https://www.hemnet.se/salda/lagenhet-6rum-kungsholmen-stockholms-kommun-kungsholmstorg-13a-8138940378372554724,153-187m²,bostadsratt,2026-08-10T12:02:13.206914
8941381171501274686,https://www.hemnet.se/salda/lagenhet-7rum-centrala-vasteras-vasteras-kommun-utanbygatan-6c-8941381171501274686,153-187m²,bostadsratt,2026-08-10T12:02:13.206916
204665,https://www.hemnet.se/salda/lagenhet-5rum-centralt-karlsdal-vasteras-kommun-lovisebergsvagen-6c-204665,153-187m²,bostadsratt,2026-08-10T12:02:13.206917
623042,https://www.hemnet.se/salda/lagenhet-5rum-rorsjostaden-malmo-kommun-betaniaplan-1-623042,153-187m²,bostadsratt,2026-08-10T12:02:13.206919
207132,"https://www.hemnet.se/salda/lagenhet-6rum-taby-hagernas-strand-taby-kommun-norra-catalinagrand-26,-4-tr-207132",153-187m²,bostadsratt,2026-08-10T12:02:13.206921
1094619,https://www.hemnet.se/salda/lagenhet-6rum-olympia-helsingborgs-kommun-ostra-vallgatan-18-1094619,153-187m²,bostadsratt,2026-08-10T12:02:13.206922
222643,https://www.hemnet.se/salda/lagenhet-6rum-kolsva-kopings-kommun-bergslagsvagen-125-c-222643,153-187m²,bostadsratt,2026-08-10T12:02:13.206924
1209136,"https://www.hemnet.se/salda/lagenhet-5,5rum-vasastan-stockholms-kommun-odengatan-85-1209136",153-187m²,bostadsratt,2026-08-10T12:02:13.206925
7133406244711626091,https://www.hemnet.se/salda/lagenhet-6rum-ostermlam-villastaden-stockholms-kommun-ostermalmsgatan-42-7133406244711626091,153-187m²,bostadsratt,2026-08-10T12:02:13.206927
666901,https://www.hemnet.se/salda/lagenhet-7rum-aspudden-stockholms-kommun-torsten-alms-gata-6-666901,153-187m²,bostadsratt,2026-08-10T12:02:13.206929
1478302,https://www.hemnet.se/salda/lagenhet-5rum-centralt-vaster-nykopings-kommun-fruangsgatan-7-1478302,153-187m²,bostadsratt,2026-08-10T12:02:13.206930
587102,https://www.hemnet.se/salda/lagenhet-6rum-rang-sand-vellinge-kommun-rang-sandsvagen-28-587102,153-187m²,bostadsratt,2026-08-10T12:02:13.206932
6308206600801247771,https://www.hemnet.se/salda/lagenhet-6rum-flemingsberg-huddinge-kommun-hedenhosvagen-48-6308206600801247771,153-187m²,bostadsratt,2026-08-10T12:02:13.206933
1135125,https://www.hemnet.se/salda/lagenhet-6rum-nasbypark-taby-kommun-eskadervagen-24-vaning-8-9-1135125,153-187m²,bostadsratt,2026-08-10T12:02:13.206935
258476,"https://www.hemnet.se/salda/lagenhet-6rum-lilla-essingen-stockholms-kommun-stralgatan-45,-4-tr-258476",153-187m²,bostadsratt,2026-08-10T12:02:13.206936
1169177,https://www.hemnet.se/salda/lagenhet-5rum-tagaborg-helsingborgs-kommun-karl-x-gustavs-gata-66-1169177,153-187m²,bostadsratt,2026-08-10T12:02:13.206938
1015759,https://www.hemnet.se/salda/lagenhet-6rum-oster-orebro-kommun-lagmansgatan-11-1015759,153-187m²,bostadsratt,2026-08-10T12:02:13.206939
945513,"https://www.hemnet.se/salda/lagenhet-5,5rum-ostermalm-stockholms-kommun-wittstocksgatan-9-945513",153-187m²,bostadsratt,2026-08-10T12:02:13.206941
332158,https://www.hemnet.se/salda/lagenhet-6rum-tingvallastaden-karlstads-kommun-kungsgatan-2b-332158,153-187m²,bostadsratt,2026-08-10T12:02:13.206942
3428753939357164919,https://www.hemnet.se/salda/lagenhet-4rum-vasastan-stockholms-kommun-norrbackagatan-31-3428753939357164919,153-187m²,bostadsratt,2026-08-10T12:02:13.206944
3558246295312278983,https://www.hemnet.se/salda/lagenhet-5rum-boras-centrum-boras-kommun-sven-eriksonsgatan-14a-3558246295312278983,153-187m²,bostadsratt,2026-08-10T12:02:13.206945
6868837309542515400,https://www.hemnet.se/salda/lagenhet-5rum-vasastaden-goteborgs-kommun-vastergatan-2a-6868837309542515400,153-187m²,bostadsratt,2026-08-10T12:02:13.206946
1166588,https://www.hemnet.se/salda/lagenhet-5rum-hoganas-uppsala-kommun-storgatan-8-1166588,153-187m²,bostadsratt,2026-08-10T12:02:13.206948
601415726722959958,https://www.hemnet.se/salda/lagenhet-5rum-ostermalm-vasastan-stockholms-kommun-odengatan-29-601415726722959958,153-187m²,bostadsratt,2026-08-10T12:02:13.206949
8999669733961138184,https://www.hemnet.se/salda/lagenhet-6rum-gjuteriet-ystads-kommun-gotgangen-108-8999669733961138184,153-187m²,bostadsratt,2026-08-10T12:02:13.206951
1058900,https://www.hemnet.se/salda/lagenhet-6rum-nedre-johanneberg-goteborgs-kommun-terrassgatan-11-1058900,153-187m²,bostadsratt,2026-08-10T12:02:13.206953
773385,https://www.hemnet.se/salda/lagenhet-6rum-bjorndammsterrassen-partille-kommun-bjorndammsterrassen-132-773385,153-187m²,bostadsratt,2026-08-10T12:02:13.206954
445571710978498653,https://www.hemnet.se/salda/lagenhet-5rum-ostermalm-stockholms-kommun-karlavagen-101-445571710978498653,153-187m²,bostadsratt,2026-08-10T12:02:13.206956
4360948935475214280,https://www.hemnet.se/salda/lagenhet-6rum-haga-sundsvalls-kommun-kungsvagen-9-4360948935475214280,153-187m²,bostadsratt,2026-08-10T12:02:13.206957
413801,https://www.hemnet.se/salda/lagenhet-5rum-vasastaden-goteborgs-kommun-engelbrektsgatan-5-413801,153-187m²,bostadsratt,2026-08-10T12:02:13.206958
1428677,https://www.hemnet.se/salda/lagenhet-6rum-djurgarden-kristinehamns-kommun-kungsgardsvagen-20-1428677,153-187m²,bostadsratt,2026-08-10T12:02:13.206960
536430512456730064,https://www.hemnet.se/salda/lagenhet-5rum-ostermalm-stockholms-kommun-kommendorsgatan-8k-536430512456730064,153-187m²,bostadsratt,2026-08-10T12:02:13.206961
5940227686982635341,https://www.hemnet.se/salda/lagenhet-5rum-ostermalm-stockholms-kommun-valhallavagen-158-5940227686982635341,153-187m²,bostadsratt,2026-08-10T12:02:13.206963
564906,https://www.hemnet.se/salda/lagenhet-5rum-solsidan-nacka-kommun-skyttevagen-18-a-564906,153-187m²,bostadsratt,2026-08-10T12:02:13.206964
8535860493596364142,https://www.hemnet.se/salda/lagenhet-5rum-centrum-vasteras-kommun-timmermansgatan-3-8535860493596364142,153-187m²,bostadsratt,2026-08-10T12:02:13.206966
3979812548104284339,"https://www.hemnet.se/salda/lagenhet-5,5rum-alvsjo-stockholms-kommun-johan-skyttes-vag-214c-3979812548104284339",153-187m²,bostadsratt,2026-08-10T12:02:13.206967
7407814242975669871,https://www.hemnet.se/salda/lagenhet-5rum-centrum-vasteras-kommun-karlsgatan-4-7407814242975669871,153-187m²,bostadsratt,2026-08-10T12:02:13.206968
6985473153493476935,https://www.hemnet.se/salda/lagenhet-4rum-norr-helsingborgs-kommun-drottninggatan-162-6985473153493476935,153-187m²,bostadsratt,2026-08-10T12:02:13.206970
894253,https://www.hemnet.se/salda/lagenhet-5rum-city-vasteras-kommun-utanbygatan-6j-894253,153-187m²,bostadsratt,2026-08-10T12:02:13.206971
1135776,https://www.hemnet.se/salda/lagenhet-4rum-garda-goteborgs-kommun-vadursgatan-4a-1135776,153-187m²,bostadsratt,2026-08-10T12:02:13.206973
1106286,https://www.hemnet.se/salda/lagenhet-6rum-huvudsta-solna-kommun-slaggbacken-2-1106286,153-187m²,bostadsratt,2026-08-10T12:02:13.206974
578055,https://www.hemnet.se/salda/lagenhet-7rum-ribersborg-malmo-kommun-sergels-vag-14b-578055,153-187m²,bostadsratt,2026-08-10T12:02:13.206976
399775,https://www.hemnet.se/salda/lagenhet-5rum-davidshall-malmo-kommun-ostra-ronneholmsvagen-21-399775,153-187m²,bostadsratt,2026-08-10T12:02:13.206977
805894,https://www.hemnet.se/salda/lagenhet-7rum-staffanstorp-staffanstorps-kommun-nevisborg-65-805894,153-187m²,bostadsratt,2026-08-10T12:02:13.206979
735104,https://www.hemnet.se/salda/lagenhet-4rum-hoganas-uppsala-kommun-storgatan-13-a-735104,153-187m²,bostadsratt,2026-08-10T12:02:13.206980
1136661,https://www.hemnet.se/salda/lagenhet-5rum-ostermalm-stockholms-kommun-grevgatan-18-a-1136661,153-187m²,bostadsratt,2026-08-10T12:02:13.206981
1395376,"https://www.hemnet.se/salda/lagenhet-6,5rum-varnhem-malmo-kommun-ostra-forstadsgatan-35b,-tr-3-1395376",153-187m²,bostadsratt,2026-08-10T12:02:13.206983
3477420574575453021,https://www.hemnet.se/salda/lagenhet-5rum-mjolkudden-lulea-kommun-radiomasten-143-3477420574575453021,153-187m²,bostadsratt,2026-08-10T12:02:13.206984
444345,https://www.hemnet.se/salda/lagenhet-5rum-tullstorp-sunnana-malmo-kommun-mor-marnas-vag-100-444345,153-187m²,bostadsratt,2026-08-10T12:02:13.206986
208529,https://www.hemnet.se/salda/lagenhet-6rum-vasastan-stockholms-kommun-observatoriegatan-14-208529,153-187m²,bostadsratt,2026-08-10T12:02:13.206987
641776,https://www.hemnet.se/salda/lagenhet-6rum-rorsjostaden-malmo-kommun-kungsgatan-24-641776,153-187m²,bostadsratt,2026-08-10T12:02:13.206988
708092,https://www.hemnet.se/salda/lagenhet-5rum-munka-ljungby-angelholms-kommun-vaxthusvagen-18-708092,153-187m²,bostadsratt,2026-08-10T12:02:13.206990
437035,https://www.hemnet.se/salda/lagenhet-6rum-solgard-huddinge-kommun-hedenhosvagen-92-437035,153-187m²,bostadsratt,2026-08-10T12:02:13.206991
1162629,https://www.hemnet.se/salda/lagenhet-5rum-linne-goteborgs-kommun-olivedalsgatan-19-1162629,153-187m²,bostadsratt,2026-08-10T12:02:13.206992
1381828,https://www.hemnet.se/salda/lagenhet-6rum-centralt-knivsta-kommun-margaretavagen-47-a-1381828,153-187m²,bostadsratt,2026-08-10T12:02:13.206994
319228,https://www.hemnet.se/salda/lagenhet-6rum-eklanda-molndals-kommun-eklanda-slatt-7-319228,153-187m²,bostadsratt,2026-08-10T12:02:13.206995
326820870465524552,https://www.hemnet.se/salda/lagenhet-8rum-centrum-lunds-kommun-solvegatan-11c-326820870465524552,153-187m²,bostadsratt,2026-08-10T12:02:13.206997
1253751520100110523,https://www.hemnet.se/salda/lagenhet-5rum-rorsjostaden-malmo-kommun-amiralsgatan-4-1253751520100110523,153-187m²,bostadsratt,2026-08-10T12:02:13.206998
371569691425202392,https://www.hemnet.se/salda/lagenhet-6rum-luthagen-uppsala-kommun-luthagsesplanaden-18b-371569691425202392,153-187m²,bostadsratt,2026-08-10T12:02:13.206999
1393540,https://www.hemnet.se/salda/lagenhet-6rum-solsidan-saltsjobaden-nacka-kommun-ronnbacken-4d-1393540,153-187m²,bostadsratt,2026-08-10T12:02:13.207001
3480162382795604431,https://www.hemnet.se/salda/lagenhet-4rum-sodermalm-stockholms-kommun-hogbergsgatan-59-3480162382795604431,153-187m²,bostadsratt,2026-08-10T12:02:13.207002
1326942,https://www.hemnet.se/salda/lagenhet-8rum-bredsand-enkopings-kommun-klippervagen-11-a-1326942,153-187m²,bostadsratt,2026-08-10T12:02:13.207004
3340264158365798540,https://www.hemnet.se/salda/lagenhet-5rum-anderstorp-skelleftea-kommun-hemmansgatan-101-3340264158365798540,153-187m²,bostadsratt,2026-08-10T12:02:13.207005
1404738,https://www.hemnet.se/salda/lagenhet-6rum-centralt-gavle-kommun-kyrkogatan-30-1404738,153-187m²,bostadsratt,2026-08-10T12:02:13.207006
560054,"https://www.hemnet.se/salda/lagenhet-6rum-kungsholmen-stockholms-kommun-hantverkargatan-20,-1,5-tr-560054",153-187m²,bostadsratt,2026-08-10T12:02:13.207008
410133,https://www.hemnet.se/salda/lagenhet-5rum-davidshall-malmo-kommun-ostra-ronneholmsvagen-17-410133,153-187m²,bostadsratt,2026-08-10T12:02:13.207009
2750327710150084645,https://www.hemnet.se/salda/lagenhet-6rum-ostermalm-stockholms-kommun-banergatan-51-2750327710150084645,153-187m²,bostadsratt,2026-08-10T12:02:13.207011
771081,"https://www.hemnet.se/salda/lagenhet-5rum-ostermalm-stockholms-kommun-surbrunnsgatan-2,-vind-771081",153-187m²,bostadsratt,2026-08-10T12:02:13.207012
829417,https://www.hemnet.se/salda/lagenhet-6rum-hammarby-sjostad-sickla-udde-stockholms-kommun-sickla-kanalgata-34-829417,153-187m²,bostadsratt,2026-08-10T12:02:13.207040
1110657,https://www.hemnet.se/salda/lagenhet-5rum-centrala-sodertalje-sodertalje-kommun-amerikagatan-49-1110657,153-187m²,bostadsratt,2026-08-10T12:02:13.207044
1292681,https://www.hemnet.se/salda/lagenhet-6rum-solna-skytteholm-solna-kommun-framnasbacken-1-1292681,153-187m²,bostadsratt,2026-08-10T12:02:13.207046
7403870273928377966,https://www.hemnet.se/salda/lagenhet-5rum-djursholm-danderyds-kommun-ragnaroksvagen-9-7403870273928377966,153-187m²,bostadsratt,2026-08-10T12:02:13.207049
4226199923204398215,https://www.hemnet.se/salda/lagenhet-5rum-linne-goteborgs-kommun-linnegatan-52-4226199923204398215,153-187m²,bostadsratt,2026-08-10T12:02:13.207050
9127245076912949001,https://www.hemnet.se/salda/lagenhet-5rum-linnestaden-goteborgs-kommun-olivedalsgatan-19-9127245076912949001,153-187m²,bostadsratt,2026-08-10T12:02:13.207052
1093964,https://www.hemnet.se/salda/lagenhet-5rum-sodermalm-stockholms-kommun-s-t-paulsgatan-35-b-1093964,153-187m²,bostadsratt,2026-08-10T12:02:13.207053
6453289226979781161,https://www.hemnet.se/salda/lagenhet-6rum-centralt-orebro-kommun-kyrkogatan-24-6453289226979781161,153-187m²,bostadsratt,2026-08-10T12:02:13.207055
1301922,https://www.hemnet.se/salda/lagenhet-5rum-sigtuna-munkholmen-sigtuna-kommun-myntvagen-25-b-1301922,153-187m²,bostadsratt,2026-08-10T12:02:13.207056
1198087,"https://www.hemnet.se/salda/lagenhet-5rum-kungsholmen-stockholms-kommun-p-o-hallmans-gata-13,-tr-8-9-1198087",153-187m²,bostadsratt,2026-08-10T12:02:13.207058
777365,https://www.hemnet.se/salda/lagenhet-5rum-centrum-lunds-kommun-rabygatan-15-777365,153-187m²,bostadsratt,2026-08-10T12:02:13.207059
631910,"https://www.hemnet.se/salda/lagenhet-7rum-gamla-rasunda-solna-kommun-tottvagen-1a,-van-2-3-631910",153-187m²,bostadsratt,2026-08-10T12:02:13.207061
676368,https://www.hemnet.se/salda/lagenhet-6rum-eriksberg-goteborgs-kommun-bratterasgatan-72-676368,153-187m²,bostadsratt,2026-08-10T12:02:13.207062
6593275183567221551,https://www.hemnet.se/salda/lagenhet-7rum-nasby-park-taby-kommun-eskadervagen-20-6593275183567221551,153-187m²,bostadsratt,2026-08-10T12:02:13.207063
45838,https://www.hemnet.se/salda/lagenhet-6rum-hammarby-sjostad-stockholms-kommun-hammarbyterrassen-43-45838,153-187m²,bostadsratt,2026-08-10T12:02:13.207065
375240086054341945,https://www.hemnet.se/salda/lagenhet-5rum-stora-essingen-stockholms-kommun-stenkullavagen-25-375240086054341945,153-187m²,bostadsratt,2026-08-10T12:02:13.207066
760183,"https://www.hemnet.se/salda/lagenhet-6rum-ostermalm-stockholms-kommun-sibyllegatan-9,-3-tr-760183",153-187m²,bostadsratt,2026-08-10T12:02:13.207068
554188,"https://www.hemnet.se/salda/lagenhet-5,5rum-vasastaden-goteborgs-kommun-gotabergsgatan-9-554188",153-187m²,bostadsratt,2026-08-10T12:02:13.207069
1066174,"https://www.hemnet.se/salda/lagenhet-5rum-arenastaden-solna-kommun-evenemangsgatan-6,-8-tr-1066174",153-187m²,bostadsratt,2026-08-10T12:02:13.207071
207610,https://www.hemnet.se/salda/lagenhet-6rum-norrmalm-vasastan-stockholms-kommun-kammakargatan-38-207610,153-187m²,bostadsratt,2026-08-10T12:02:13.207072
640278,https://www.hemnet.se/salda/lagenhet-5rum-gjuteriet-ystads-kommun-gotgangen-110-640278,153-187m²,bostadsratt,2026-08-10T12:02:13.207073
1240102,https://www.hemnet.se/salda/lagenhet-5rum-ovre-slotts-uppsala-kommun-ovre-slottsgatan-9b-1240102,153-187m²,bostadsratt,2026-08-10T12:02:13.207075
31660602517369976,"https://www.hemnet.se/salda/lagenhet-5rum-ostermalm-stockholms-kommun-valhallavagen-16,-2-tr-31660602517369976",153-187m²,bostadsratt,2026-08-10T12:02:13.207076
1365770,https://www.hemnet.se/salda/lagenhet-5rum-gustavsbergs-hamn-varmdo-kommun-tyra-lundgrens-vag-3-1365770,153-187m²,bostadsratt,2026-08-10T12:02:13.207077
7119620702188551836,https://www.hemnet.se/salda/lagenhet-6rum-grondal-stockholms-kommun-ljusstoparbacken-1-7119620702188551836,153-187m²,bostadsratt,2026-08-10T12:02:13.207079
1451517918974689064,"https://www.hemnet.se/salda/lagenhet-6rum-kungsholmen-radhuset-stockholms-kommun-fleminggatan-21,-5tr-1451517918974689064",153-187m²,bostadsratt,2026-08-10T12:02:13.207080
1143540,https://www.hemnet.se/salda/lagenhet-5rum-stocksund-danderyds-kommun-tagaliden-5-1143540,153-187m²,bostadsratt,2026-08-10T12:02:13.207082
973687,"https://www.hemnet.se/salda/lagenhet-6rum-vasastan-stockholms-kommun-vanadisplan-2,-3tr-973687",153-187m²,bostadsratt,2026-08-10T12:02:13.207083
5263676777449037110,https://www.hemnet.se/salda/lagenhet-6rum-city-malmo-kommun-sodra-promenaden-25c-5263676777449037110,153-187m²,bostadsratt,2026-08-10T12:02:13.207084
4637742437749555495,https://www.hemnet.se/salda/lagenhet-4rum-ostermalm-stockholms-kommun-karlavagen-1-4637742437749555495,153-187m²,bostadsratt,2026-08-10T12:02:13.207086
585244,https://www.hemnet.se/salda/lagenhet-5rum-sorbyangen-orebro-kommun-studievagen-11-585244,153-187m²,bostadsratt,2026-08-10T12:02:13.207087
1405889,https://www.hemnet.se/salda/lagenhet-6rum-mjolkudden-lulea-kommun-radiomasten-185-1405889,153-187m²,bostadsratt,2026-08-10T12:02:13.207088
595498,https://www.hemnet.se/salda/lagenhet-6rum-vaster-nykopings-kommun-vastra-kvarngatan-1-595498,153-187m²,bostadsratt,2026-08-10T12:02:13.207090
9158223131714953542,https://www.hemnet.se/salda/lagenhet-6rum-nasbypark-taby-kommun-eskadervagen-10-9158223131714953542,153-187m²,bostadsratt,2026-08-10T12:02:13.207091
1124113,https://www.hemnet.se/salda/lagenhet-5rum-strangnas-strangnas-kommun-sundbyvagen-40-1124113,153-187m²,bostadsratt,2026-08-10T12:02:13.207093
1316455,https://www.hemnet.se/salda/lagenhet-6rum-mjolkudden-lulea-kommun-radiomasten-111-1316455,153-187m²,bostadsratt,2026-08-10T12:02:13.207094
909830,"https://www.hemnet.se/salda/lagenhet-5rum-ostermalm-stockholms-kommun-nybrogatan-36,-4-tr-909830",153-187m²,bostadsratt,2026-08-10T12:02:13.207095
8714783031443818299,https://www.hemnet.se/salda/lagenhet-6rum-bymarken-jonkopings-kommun-stjarnvagen-16b-8714783031443818299,153-187m²,bostadsratt,2026-08-10T12:02:13.207097
323532386390148807,https://www.hemnet.se/salda/lagenhet-8rum-bredsand-enkopings-kommun-galeonsvagen-7b-323532386390148807,153-187m²,bostadsratt,2026-08-10T12:02:13.207098
1491132,https://www.hemnet.se/salda/lagenhet-5rum-vasterhaninge-haninge-kommun-kolonilottsvagen-121-1491132,153-187m²,bostadsratt,2026-08-10T12:02:13.207099
820637,https://www.hemnet.se/salda/lagenhet-7rum-limhamns-sjostad-malmo-kommun-geijersgatan-lgh-714-820637,153-187m²,bostadsratt,2026-08-10T12:02:13.207101
6975299661291525070,"https://www.hemnet.se/salda/lagenhet-5rum-ekhagen-stockholms-kommun-aminnevagen-19,-3av3-tr-6975299661291525070",153-187m²,bostadsratt,2026-08-10T12:02:13.207102
206377,https://www.hemnet.se/salda/lagenhet-5rum-stallhagen-slottstradgarden-vasteras-kommun-nanna-svartz-gata-3-206377,153-187m²,bostadsratt,2026-08-10T12:02:13.207104
727883900959464571,https://www.hemnet.se/salda/lagenhet-6rum-lomma-strandstaden-lomma-kommun-mantagsgrand-11-727883900959464571,153-187m²,bostadsratt,2026-08-10T12:02:13.207105
3481246371285842758,https://www.hemnet.se/salda/lagenhet-5rum-centralt-strangnas-strangnas-kommun-sundbyvagen-35-3481246371285842758,153-187m²,bostadsratt,2026-08-10T12:02:13.207106
855687705007526071,https://www.hemnet.se/salda/lagenhet-5rum-mjolkudden-lulea-kommun-radiomasten-109-855687705007526071,153-187m²,bostadsratt,2026-08-10T12:02:13.207108
1466017,https://www.hemnet.se/salda/lagenhet-6rum-berga-bergavik-kalmar-kommun-1466017,153-187m²,bostadsratt,2026-08-10T12:02:13.207109
7242432187104617145,https://www.hemnet.se/salda/lagenhet-5rum-maria-park-helsingborgs-kommun-paviljonggangen-13-7242432187104617145,153-187m²,bostadsratt,2026-08-10T12:02:13.207110
5793414850625488259,https://www.hemnet.se/salda/lagenhet-5rum-hoganas-uppsala-kommun-storgatan-8-5793414850625488259,153-187m²,bostadsratt,2026-08-10T12:02:13.207112
1110344,"https://www.hemnet.se/salda/lagenhet-5rum-kungsholmen-stockholms-kommun-bergsgatan-55,-6tr-1110344",153-187m²,bostadsratt,2026-08-10T12:02:13.207113
5210068044706491787,"https://www.hemnet.se/salda/lagenhet-6rum-akersberga-centralt-osterakers-kommun-vikingavagen-29,-lgh12-5210068044706491787",153-187m²,bostadsratt,2026-08-10T12:02:13.207115
7129268074850004086,https://www.hemnet.se/salda/lagenhet-5rum-visby-centralt-innerstan-gotlands-kommun-hastgatan-13-7129268074850004086,153-187m²,bostadsratt,2026-08-10T12:02:13.207116
480309,https://www.hemnet.se/salda/lagenhet-7rum-centrala-norrtalje-norrtalje-kommun-lilla-brogatan-1-480309,153-187m²,bostadsratt,2026-08-10T12:02:13.207117
1146624,https://www.hemnet.se/salda/lagenhet-5rum-helsingborg-centrum-helsingborgs-kommun-kullagatan-58-1146624,153-187m²,bostadsratt,2026-08-10T12:02:13.207119
8724991471059514685,https://www.hemnet.se/salda/lagenhet-6rum-saltsjoqvarn-nacka-kommun-ostra-finnbodavagen-13a-8724991471059514685,153-187m²,bostadsratt,2026-08-10T12:02:13.207121
344354,https://www.hemnet.se/salda/lagenhet-4rum-kabo-uppsala-kommun-thunbergsvagen-12-344354,153-187m²,bostadsratt,2026-08-10T12:02:13.207122
1410663,https://www.hemnet.se/salda/lagenhet-5rum-linne-goteborgs-kommun-prinsgatan-3-1410663,153-187m²,bostadsratt,2026-08-10T12:02:13.207123
893429,https://www.hemnet.se/salda/lagenhet-7rum-birkastan-stockholms-kommun-tomtebogatan-9-893429,153-187m²,bostadsratt,2026-08-10T12:02:13.207125
2274590150682828832,https://www.hemnet.se/salda/lagenhet-6rum-alliero-sundsvalls-kommun-baldersvagen-16b-2274590150682828832,153-187m²,bostadsratt,2026-08-10T12:02:13.207127
1161860,https://www.hemnet.se/salda/lagenhet-6rum-ostermalm-stockholms-kommun-grevgatan-70-1161860,153-187m²,bostadsratt,2026-08-10T12:02:13.207128
8163890993129956299,https://www.hemnet.se/salda/lagenhet-5rum-ostermalm-stockholms-kommun-lutzengatan-5a-8163890993129956299,153-187m²,bostadsratt,2026-08-10T12:02:13.207129
1392016,"https://www.hemnet.se/salda/lagenhet-6rum-vasastan-vasaparken-stockholms-kommun-observatoriegatan-22,-1,5tr-1392016",153-187m²,bostadsratt,2026-08-10T12:02:13.207131
151076,https://www.hemnet.se/salda/lagenhet-5rum-ystad-gjuteriet-ystads-kommun-gjuterigatan-124-151076,153-187m²,bostadsratt,2026-08-10T12:02:13.207132
155581,"https://www.hemnet.se/salda/lagenhet-6rum-sodermalm-tanto-stockholms-kommun-tantogatan-71,-7-tr-155581",153-187m²,bostadsratt,2026-08-10T12:02:13.207133
2295017878596395555,https://www.hemnet.se/salda/lagenhet-5rum-gamla-vaster-malmo-kommun-repslagaregatan-4a-2295017878596395555,153-187m²,bostadsratt,2026-08-10T12:02:13.207135
1307610,"https://www.hemnet.se/salda/lagenhet-4rum-sodermalm-stockholms-kommun-katarina-bangata-79,-5-tr-1307610",153-187m²,bostadsratt,2026-08-10T12:02:13.207136
112370667757940559,https://www.hemnet.se/salda/lagenhet-5rum-bremerlyckan-kalmar-kommun-bremergatan-17-112370667757940559,153-187m²,bostadsratt,2026-08-10T12:02:13.207138
742665,https://www.hemnet.se/salda/lagenhet-5rum-karrtorp-stockholms-kommun-karrtorpsvagen-34-742665,153-187m²,bostadsratt,2026-08-10T12:02:13.207139
651823,"https://www.hemnet.se/salda/lagenhet-6rum-runo-osterakers-kommun-runvagen-43,-lgh-28-651823",153-187m²,bostadsratt,2026-08-10T12:02:13.207140
747998,https://www.hemnet.se/salda/lagenhet-5rum-davidshall-stadsteatern-malmo-kommun-fersens-vag-12-747998,153-187m²,bostadsratt,2026-08-10T12:02:13.207142
644822,"https://www.hemnet.se/salda/lagenhet-5,5rum-kungsholmen-stockholms-kommun-p-o-hallmans-gata-13,-8-tr-644822",153-187m²,bostadsratt,2026-08-10T12:02:13.207143
840296,"https://www.hemnet.se/salda/lagenhet-5rum-kungsholmen-kungsholmstorg-stockholms-kommun-scheelegatan-13,-2-tr-840296",153-187m²,bostadsratt,2026-08-10T12:02:13.207145
249967,https://www.hemnet.se/salda/lagenhet-5rum-naset-lidingo-kommun-karins-alle-2-249967,153-187m²,bostadsratt,2026-08-10T12:02:13.207146
3401342109742941977,https://www.hemnet.se/salda/lagenhet-6rum-skytteholm-solna-kommun-nybodagatan-10-3401342109742941977,153-187m²,bostadsratt,2026-08-10T12:02:13.207147
1453444,https://www.hemnet.se/salda/lagenhet-5rum-norr-helsingborgs-kommun-halsovagen-9-1453444,153-187m²,bostadsratt,2026-08-10T12:02:13.207149
1136664,https://www.hemnet.se/salda/lagenhet-5rum-centrala-sundbyberg-sundbybergs-kommun-sturegatan-30-vaning-3-1136664,153-187m²,bostadsratt,2026-08-10T12:02:13.207150
775263,https://www.hemnet.se/salda/lagenhet-6rum-lilla-essingen-kungsholmen-stockholms-kommun-essinge-brogata-18-775263,153-187m²,bostadsratt,2026-08-10T12:02:13.207151
7315907809416800237,"https://www.hemnet.se/salda/lagenhet-4,5rum-s-t-knut-malmo-kommun-henrik-smithsgatan-1-7315907809416800237",153-187m²,bostadsratt,2026-08-10T12:02:13.207153
222085321758180450,"https://www.hemnet.se/salda/lagenhet-5,5rum-centrum-uppsala-kommun-s-t-johannesgatan-3-222085321758180450",153-187m²,bostadsratt,2026-08-10T12:02:13.207154
569363,https://www.hemnet.se/salda/lagenhet-5rum-gamla-vaster-malmo-kommun-repslagaregatan-2-a-569363,153-187m²,bostadsratt,2026-08-10T12:02:13.207156
2261477782399054528,https://www.hemnet.se/salda/lagenhet-5rum-ostermalm-stockholms-kommun-styrmansgatan-7-2261477782399054528,153-187m²,bostadsratt,2026-08-10T12:02:13.207157
5806849712185499645,https://www.hemnet.se/salda/lagenhet-7rum-centrala-vasby-upplands-vasby-kommun-holmvagen-19-5806849712185499645,153-187m²,bostadsratt,2026-08-10T12:02:13.207158
455772,https://www.hemnet.se/salda/lagenhet-6rum-ostermalm-kristianstads-kommun-vasagatan-13-455772,153-187m²,bostadsratt,2026-08-10T12:02:13.207160
1367733,"https://www.hemnet.se/salda/lagenhet-6rum-vasastan-stockholms-kommun-frejgatan-20,-6-tr-1367733",153-187m²,bostadsratt,2026-08-10T12:02:13.207161
1365987,https://www.hemnet.se/salda/lagenhet-6rum-haga-karlstads-kommun-nygatan-13-1365987,153-187m²,bostadsratt,2026-08-10T12:02:13.207162
77134,https://www.hemnet.se/salda/lagenhet-5rum-kolberga-oskarshamns-kommun-knutsbovagen-2-77134,153-187m²,bostadsratt,2026-08-10T12:02:13.207164
994084,https://www.hemnet.se/salda/lagenhet-3rum-lovsattra-vallentuna-kommun-lovsattravagen-17-994084,153-187m²,bostadsratt,2026-08-10T12:02:13.207165
739412,https://www.hemnet.se/salda/lagenhet-6rum-djurgarden-kristinehamns-kommun-kungsgardsvagen-22-739412,153-187m²,bostadsratt,2026-08-10T12:02:13.207166
4897379344739458943,https://www.hemnet.se/salda/lagenhet-5rum-klara-karlstads-kommun-malmtorgsgatan-5-4897379344739458943,153-187m²,bostadsratt,2026-08-10T12:02:13.207168
1098436,https://www.hemnet.se/salda/lagenhet-5rum-fjardingen-uppsala-kommun-skolgatan-13-1098436,153-187m²,bostadsratt,2026-08-10T12:02:13.207169
321982389731408369,https://www.hemnet.se/salda/lagenhet-5rum-vasastan-stockholms-kommun-sveavagen-111-321982389731408369,153-187m²,bostadsratt,2026-08-10T12:02:13.207170
4843211962610699513,https://www.hemnet.se/salda/lagenhet-6rum-centralt-norrkopings-kommun-garvaregatan-4b-4843211962610699513,153-187m²,bostadsratt,2026-08-10T12:02:13.207172
3674153371708859855,https://www.hemnet.se/salda/lagenhet-5rum-vasastaden-stockholms-kommun-karlbergsvagen-46a-3674153371708859855,153-187m²,bostadsratt,2026-08-10T12:02:13.207173
3424681984240132103,https://www.hemnet.se/salda/lagenhet-6rum-norrmalm-sundsvalls-kommun-baldersvagen-14b-3424681984240132103,153-187m²,bostadsratt,2026-08-10T12:02:13.207174
5635091452016016382,"https://www.hemnet.se/salda/lagenhet-5,5rum-rorsjoparken-malmo-kommun-ostra-forstadsgatan-35b-5635091452016016382",153-187m²,bostadsratt,2026-08-10T12:02:13.207176
1737218900520316704,https://www.hemnet.se/salda/lagenhet-4rum-sodermalm-stockholms-kommun-lilla-erstagatan-4-1737218900520316704,153-187m²,bostadsratt,2026-08-10T12:02:13.207177
193258,https://www.hemnet.se/salda/lagenhet-5rum-sodermalm-stockholms-kommun-gotgatan-79-6-6-193258,153-187m²,bostadsratt,2026-08-10T12:02:13.207179
1203362,"https://www.hemnet.se/salda/lagenhet-2rum-sandby-gardby-oland-morbylanga-kommun-galleriet,-eksgarden-gardby-1203362",153-187m²,bostadsratt,2026-08-10T12:02:13.207181
6277154941425488099,https://www.hemnet.se/salda/lagenhet-6rum-centralt-norrkopings-kommun-hospitalsgatan-12a-6277154941425488099,153-187m²,bostadsratt,2026-08-10T12:02:13.207182
933519,https://www.hemnet.se/salda/lagenhet-5rum-limhamn-malmo-kommun-tegnergatan-27-e-933519,153-187m²,bostadsratt,2026-08-10T12:02:13.207183
582589,https://www.hemnet.se/salda/lagenhet-5rum-ystad-gjuteriet-ystads-kommun-gjuterigatan-76-582589,153-187m²,bostadsratt,2026-08-10T12:02:13.207185
921980,"https://www.hemnet.se/salda/lagenhet-5rum-vasastan-stockholms-kommun-odengatan-43,-1-tr-921980",153-187m²,bostadsratt,2026-08-10T12:02:13.207186
106903435908322550,"https://www.hemnet.se/salda/lagenhet-6rum-vasastan-stockholms-kommun-birger-jarlsgatan-98,-3-tr-106903435908322550",153-187m²,bostadsratt,2026-08-10T12:02:13.207188
3030489075988791690,https://www.hemnet.se/salda/lagenhet-6rum-vasastan-sibirien-stockholms-kommun-frejgatan-2-valhallavagen-16-3030489075988791690,153-187m²,bostadsratt,2026-08-10T12:02:13.207189
1400760,https://www.hemnet.se/salda/lagenhet-6rum-centrum-helsingborgs-kommun-drottninggatan-60-1400760,153-187m²,bostadsratt,2026-08-10T12:02:13.207191
1287683,https://www.hemnet.se/salda/lagenhet-5rum-ostermalm-stockholms-kommun-verdandigatan-3-1287683,153-187m²,bostadsratt,2026-08-10T12:02:13.207192
1121345,https://www.hemnet.se/salda/lagenhet-5rum-centrum-ostermalm-kristianstads-kommun-foreningsgatan-9a-1121345,153-187m²,bostadsratt,2026-08-10T12:02:13.207194
6729821928422480694,https://www.hemnet.se/salda/lagenhet-5rum-linne-annedal-goteborgs-kommun-nilssonsberg-5-6729821928422480694,153-187m²,bostadsratt,2026-08-10T12:02:13.207195
91237142967846897,https://www.hemnet.se/salda/lagenhet-6rum-framre-luthagen-uppsala-kommun-borjegatan-3-b-91237142967846897,153-187m²,bostadsratt,2026-08-10T12:02:13.207196
1239014,https://www.hemnet.se/salda/lagenhet-5rum-stallhagen-vasteras-kommun-slottsstigen-1-1239014,153-187m²,bostadsratt,2026-08-10T12:02:13.207198
1459385,https://www.hemnet.se/salda/lagenhet-6rum-ostermalm-stockholms-kommun-lutzengatan-7-1459385,153-187m²,bostadsratt,2026-08-10T12:02:13.207199
1177224,https://www.hemnet.se/salda/lagenhet-5rum-kungsholmen-norr-malarstrand-stockholms-kommun-norr-malarstrand-16-vaning-4-1177224,153-187m²,bostadsratt,2026-08-10T12:02:13.207201
995273258046106415,https://www.hemnet.se/salda/lagenhet-6rum-are-bjornen-are-kommun-bjornenvagen-37a-995273258046106415,153-187m²,bostadsratt,2026-08-10T12:02:13.207202
4013432703384129957,https://www.hemnet.se/salda/lagenhet-6rum-vasastan-stockholms-kommun-vastmannagatan-12-4013432703384129957,153-187m²,bostadsratt,2026-08-10T12:02:13.207204
6829012137845561457,https://www.hemnet.se/salda/lagenhet-8rum-lund-centrum-lunds-kommun-bankgatan-11a-6829012137845561457,153-187m²,bostadsratt,2026-08-10T12:02:13.207205
1947421628640948401,https://www.hemnet.se/salda/lagenhet-6rum-munka-ljungby-angelholms-kommun-vaxthusvagen-20-1947421628640948401,153-187m²,bostadsratt,2026-08-10T12:02:13.207207
907073,https://www.hemnet.se/salda/lagenhet-5rum-hersby-lidingo-kommun-bergsvagen-2-a-907073,153-187m²,bostadsratt,2026-08-10T12:02:13.207208
859787,https://www.hemnet.se/salda/lagenhet-6rum-djurgarden-kristinehamns-kommun-kungsgardsvagen-18-859787,153-187m²,bostadsratt,2026-08-10T12:02:13.207209
751517,"https://www.hemnet.se/salda/lagenhet-6rum-runo-osterakers-kommun-runvagen-39,-lgh-30-751517",153-187m²,bostadsratt,2026-08-10T12:02:13.207211
1309532,https://www.hemnet.se/salda/lagenhet-6rum-centrum-lunds-kommun-nygatan-14a-1309532,153-187m²,bostadsratt,2026-08-10T12:02:13.207213
1129360,https://www.hemnet.se/salda/lagenhet-3rum-regementet-ystads-kommun-bjornstjernegatan-2-lgh-1104-1129360,153-187m²,bostadsratt,2026-08-10T12:02:13.207214
1255425,https://www.hemnet.se/salda/lagenhet-4rum-davidshall-malmo-kommun-kockumsgatan-8-1255425,153-187m²,bostadsratt,2026-08-10T12:02:13.207216
852747,https://www.hemnet.se/salda/lagenhet-5rum-vasastan-stockholms-kommun-norrtullsgatan-29-852747,153-187m²,bostadsratt,2026-08-10T12:02:13.207217
3374237943110185798,https://www.hemnet.se/salda/lagenhet-4rum-norrmalm-stockholms-kommun-kammakargatan-27a-3374237943110185798,153-187m²,bostadsratt,2026-08-10T12:02:13.207219
1065924,https://www.hemnet.se/salda/lagenhet-6rum-strandangarna-tyreso-kommun-sjopiren-3-1065924,153-187m²,bostadsratt,2026-08-10T12:02:13.207220
1349930,"https://www.hemnet.se/salda/lagenhet-4rum-sodermalm-stockholms-kommun-ostgotagatan-19,-3-tr-1349930",153-187m²,bostadsratt,2026-08-10T12:02:13.207222
426394,https://www.hemnet.se/salda/lagenhet-5rum-alvsjo-langsjo-stockholms-kommun-myrvagen-23-426394,153-187m²,bostadsratt,2026-08-10T12:02:13.207223
3224574153449278794,https://www.hemnet.se/salda/lagenhet-6rum-hermanstorp-haninge-kommun-hermanstorpsvagen-84-3224574153449278794,153-187m²,bostadsratt,2026-08-10T12:02:13.207225
373337,"https://www.hemnet.se/salda/lagenhet-5,5rum-vasastan-birkastan-stockholms-kommun-rorstrandsgatan-14-373337",153-187m²,bostadsratt,2026-08-10T12:02:13.207226
1294529,https://www.hemnet.se/salda/lagenhet-4rum-rasunda-solna-kommun-vintervagen-25-1294529,153-187m²,bostadsratt,2026-08-10T12:02:13.207228
4024564920269819090,https://www.hemnet.se/salda/lagenhet-4rum-lund-centralt-lunds-kommun-kung-oskars-vag-1-4024564920269819090,153-187m²,bostadsratt,2026-08-10T12:02:13.207229
648256,https://www.hemnet.se/salda/lagenhet-4rum-kungsholmen-norr-malarstrand-stockholms-kommun-kungsholms-hamnplan-5-648256,153-187m²,bostadsratt,2026-08-10T12:02:13.207231
653654,https://www.hemnet.se/salda/lagenhet-6rum-rang-sand-vellinge-kommun-rang-sandsvagen-28-653654,153-187m²,bostadsratt,2026-08-10T12:02:13.207232
542358,"https://www.hemnet.se/salda/lagenhet-5rum-dalenum-lidingo-kommun-reflektorstigen-2,-5tr-542358",153-187m²,bostadsratt,2026-08-10T12:02:13.207234
1937740451117946162,https://www.hemnet.se/salda/lagenhet-5rum-limhamns-sjostad-malmo-kommun-glasbrukskajen-8a-1937740451117946162,153-187m²,bostadsratt,2026-08-10T12:02:13.207235
6167240852269533828,https://www.hemnet.se/salda/lagenhet-6rum-vasastaden-goteborgs-kommun-vasa-kyrkogata-1-6167240852269533828,153-187m²,bostadsratt,2026-08-10T12:02:13.207237
1332404,https://www.hemnet.se/salda/lagenhet-5rum-malmen-kalmar-kommun-smalandsgatan-1a-1332404,153-187m²,bostadsratt,2026-08-10T12:02:13.207238
604212,https://www.hemnet.se/salda/lagenhet-6rum-solgard-huddinge-kommun-hedenhosvagen-29-604212,153-187m²,bostadsratt,2026-08-10T12:02:13.207239
589846,https://www.hemnet.se/salda/lagenhet-6rum-hestra-boras-kommun-hestra-ringvag-10-c-589846,153-187m²,bostadsratt,2026-08-10T12:02:13.207241
61841,https://www.hemnet.se/salda/lagenhet-4rum-vasastan-stockholms-kommun-idungatan-6-61841,153-187m²,bostadsratt,2026-08-10T12:02:13.207242
1076038,https://www.hemnet.se/salda/lagenhet-4rum-ostermalm-stockholms-kommun-karlavagen-1-1076038,153-187m²,bostadsratt,2026-08-10T12:02:13.207243
1437457,https://www.hemnet.se/salda/lagenhet-4rum-lorensberg-goteborgs-kommun-carlandersplatsen-3-1437457,153-187m²,bostadsratt,2026-08-10T12:02:13.207245
307207,https://www.hemnet.se/salda/lagenhet-4rum-lorensberg-goteborgs-kommun-kungsportsavenyen-20-307207,153-187m²,bostadsratt,2026-08-10T12:02:13.207246
1311481,"https://www.hemnet.se/salda/lagenhet-5rum-solna-gamla-rasunda-solna-kommun-vintervagen-25,-3-tr-1311481",153-187m²,bostadsratt,2026-08-10T12:02:13.207248
1143173,"https://www.hemnet.se/salda/lagenhet-6,5rum-midsommarkransen-aspudden-stockholms-kommun-fastlagsvagen-54-1143173",153-187m²,bostadsratt,2026-08-10T12:02:13.207249
1215196,https://www.hemnet.se/salda/lagenhet-5rum-hoganas-hoganas-kommun-storgatan-80-1215196,153-187m²,bostadsratt,2026-08-10T12:02:13.207251
755884,https://www.hemnet.se/salda/lagenhet-6rum-centrala-vasby-upplands-vasby-kommun-holmvagen-7-755884,153-187m²,bostadsratt,2026-08-10T12:02:13.207252
653261,"https://www.hemnet.se/salda/lagenhet-5rum-sodermalm-hogalid-stockholms-kommun-hornsgatan-75,-1tr-653261",153-187m²,bostadsratt,2026-08-10T12:02:13.207254
1018628543430647616,https://www.hemnet.se/salda/lagenhet-6rum-vasastan-stockholms-kommun-tre-liljor-3-1018628543430647616,153-187m²,bostadsratt,2026-08-10T12:02:13.207255
6714122960224423694,https://www.hemnet.se/salda/lagenhet-5rum-vasastan-norrmalm-stockholms-kommun-tegnergatan-18-6714122960224423694,153-187m²,bostadsratt,2026-08-10T12:02:13.207257
881593,"https://www.hemnet.se/salda/lagenhet-4,5rum-kvarnholmen-nacka-kommun-mjolnarvagen-20a-881593",153-187m²,bostadsratt,2026-08-10T12:02:13.207258
7817044357066400337,https://www.hemnet.se/salda/lagenhet-6rum-slottsstaden-malmo-kommun-skvadronsgatan-10-7817044357066400337,153-187m²,bostadsratt,2026-08-10T12:02:13.207259
5436726506100469675,https://www.hemnet.se/salda/lagenhet-6rum-tegefjall-are-kommun-tegefjall-blabaret-5-5436726506100469675,153-187m²,bostadsratt,2026-08-10T12:02:13.207261
7114796439579888608,https://www.hemnet.se/salda/lagenhet-6rum-centrala-linkoping-linkopings-kommun-drottninggatan-6-7114796439579888608,153-187m²,bostadsratt,2026-08-10T12:02:13.207262
6078915977558325911,https://www.hemnet.se/salda/lagenhet-5rum-are-bjornen-are-kommun-bjornen-hoken-11-d-6078915977558325911,153-187m²,bostadsratt,2026-08-10T12:02:13.207264
1510825,https://www.hemnet.se/salda/lagenhet-3rum-centralt-vaster-nykopings-kommun-bagaregatan-58-1510825,153-187m²,bostadsratt,2026-08-10T12:02:13.207265
1117366,https://www.hemnet.se/salda/lagenhet-5rum-vasastan-s-t-eriksplan-stockholms-kommun-karlbergsvagen-43b-1117366,153-187m²,bostadsratt,2026-08-10T12:02:13.207266
1120104,https://www.hemnet.se/salda/lagenhet-6rum-lillgarden-haninge-kommun-kolonilottsvagen-etapp-2-radhus-15-1120104,153-187m²,bostadsratt,2026-08-10T12:02:13.207268
1266575,https://www.hemnet.se/salda/lagenhet-7rum-centrum-slottshojden-helsingborgs-kommun-kung-kristoffers-gata-25-1266575,153-187m²,bostadsratt,2026-08-10T12:02:13.207270
1301208,"https://www.hemnet.se/salda/lagenhet-5rum-kungsholmen-stockholms-kommun-pipersgatan-27,-vind-1301208",153-187m²,bostadsratt,2026-08-10T12:02:13.207271
7381642225728238353,https://www.hemnet.se/salda/lagenhet-4rum-malmo-city-malmo-kommun-stora-nygatan-15-7381642225728238353,153-187m²,bostadsratt,2026-08-10T12:02:13.207272
2295039795722548168,https://www.hemnet.se/salda/lagenhet-6rum-solsidan-nacka-kommun-ronnbacken-4b-2295039795722548168,153-187m²,bostadsratt,2026-08-10T12:02:13.207274
1414918011066342336,https://www.hemnet.se/salda/lagenhet-5rum-nedre-johanneberg-goteborgs-kommun-viktor-rydbergsgatan-13-1414918011066342336,153-187m²,bostadsratt,2026-08-10T12:02:13.207275
469538147681046829,"https://www.hemnet.se/salda/lagenhet-7rum-rasunda-solna-kommun-virebergsvagen-18,-van-8-9-469538147681046829",153-187m²,bostadsratt,2026-08-10T12:02:13.207276
431350,https://www.hemnet.se/salda/lagenhet-5rum-stallhagen-vasteras-kommun-nanna-svartz-gata-3-431350,153-187m²,bostadsratt,2026-08-10T12:02:13.207278
1146423,https://www.hemnet.se/salda/lagenhet-5rum-nynashamn-trehorningen-nynashamns-kommun-oskarsgatan-8b-1146423,153-187m²,bostadsratt,2026-08-10T12:02:13.207279
1370393,https://www.hemnet.se/salda/lagenhet-6rum-linnestaden-goteborgs-kommun-linnegatan-50-1370393,153-187m²,bostadsratt,2026-08-10T12:02:13.207281
85293034458141583,https://www.hemnet.se/salda/lagenhet-4rum-vasastan-stockholms-kommun-torsgatan-54-85293034458141583,153-187m²,bostadsratt,2026-08-10T12:02:13.207282
835910,https://www.hemnet.se/salda/lagenhet-5rum-centrum-boras-kommun-osterlanggatan-64-835910,153-187m²,bostadsratt,2026-08-10T12:02:13.207283
3097040086351721528,https://www.hemnet.se/salda/lagenhet-8rum-luthagen-uppsala-kommun-prastgardsgatan-19-b-3097040086351721528,153-187m²,bostadsratt,2026-08-10T12:02:13.207285
4415032266230629846,https://www.hemnet.se/salda/lagenhet-5rum-sodermalm-katarina-stockholms-kommun-gotgatan-69-4415032266230629846,153-187m²,bostadsratt,2026-08-10T12:02:13.207286
1437636235691207186,https://www.hemnet.se/salda/lagenhet-5rum-landskrona-centrum-landskrona-kommun-kungsgatan-7-1437636235691207186,153-187m²,bostadsratt,2026-08-10T12:02:13.207288
2778336599120642447,https://www.hemnet.se/salda/lagenhet-6rum-nyhem-finspangs-kommun-blabarsstigen-42-2778336599120642447,153-187m²,bostadsratt,2026-08-10T12:02:13.207289
512068,https://www.hemnet.se/salda/lagenhet-5rum-ursvik-sundbybergs-kommun-forskargrand-20-512068,153-187m²,bostadsratt,2026-08-10T12:02:13.207290
2852929346401729760,https://www.hemnet.se/salda/lagenhet-5rum-olympia-helsingborgs-kommun-mellersta-stenbocksgatan-5-2852929346401729760,153-187m²,bostadsratt,2026-08-10T12:02:13.207292
2130416536985394265,https://www.hemnet.se/salda/lagenhet-4rum-ostermalm-stockholms-kommun-grevgatan-25b-2130416536985394265,153-187m²,bostadsratt,2026-08-10T12:02:13.207293
315168,https://www.hemnet.se/salda/lagenhet-5rum-triangeln-city-malmo-kommun-sodra-forstadsgatan-62-315168,153-187m²,bostadsratt,2026-08-10T12:02:13.207295
4509219182062682794,https://www.hemnet.se/salda/lagenhet-4rum-slottsstaden-malmo-kommun-regementsgatan-74-4509219182062682794,153-187m²,bostadsratt,2026-08-10T12:02:13.207296
1497927,https://www.hemnet.se/salda/lagenhet-7rum-centrala-ystad-ystads-kommun-lilla-ostergatan-32-b-1497927,153-187m²,bostadsratt,2026-08-10T12:02:13.207297
5583828366042526885,"https://www.hemnet.se/salda/lagenhet-6rum-henriksdalsringen-nacka-kommun-henriksdalsringen-9,-1-tr-5583828366042526885",153-187m²,bostadsratt,2026-08-10T12:02:13.207299
5053884263285695755,"https://www.hemnet.se/salda/lagenhet-6,5rum-tagaborg-helsingborgs-kommun-karl-x-gustavs-gata-6-5053884263285695755",153-187m²,bostadsratt,2026-08-10T12:02:13.207300
939820355943666752,https://www.hemnet.se/salda/lagenhet-6rum-liljeholmen-jonkopings-kommun-huskvarnavagen-5-939820355943666752,153-187m²,bostadsratt,2026-08-10T12:02:13.207302
5593731163481068037,"https://www.hemnet.se/salda/lagenhet-5rum-sodermalm-hogalid-stockholms-kommun-heleneborgsgatan-19,-2tr-5593731163481068037",153-187m²,bostadsratt,2026-08-10T12:02:13.207303
2562277233032099307,https://www.hemnet.se/salda/lagenhet-6rum-ostermalm-vasastan-stockholms-kommun-birger-jarlsgatan-96-2562277233032099307,153-187m²,bostadsratt,2026-08-10T12:02:13.207305
835876,https://www.hemnet.se/salda/lagenhet-7rum-grondal-stockholms-kommun-grenljusbacken-21-835876,153-187m²,bostadsratt,2026-08-10T12:02:13.207306
105759,"https://www.hemnet.se/salda/lagenhet-6rum-ostermalm-karlaplan-stockholms-kommun-grevgatan-70,-4tr-renoveringsbehov-105759",153-187m²,bostadsratt,2026-08-10T12:02:13.207307
1108403,https://www.hemnet.se/salda/lagenhet-6rum-osby-osby-kommun-postgatan-2a-1108403,153-187m²,bostadsratt,2026-08-10T12:02:13.207309
8071600276770042941,https://www.hemnet.se/salda/lagenhet-4rum-city-linkopings-kommun-linnegatan-25a-8071600276770042941,153-187m²,bostadsratt,2026-08-10T12:02:13.207310
7509865462619316883,https://www.hemnet.se/salda/lagenhet-6rum-lund-centrum-lunds-kommun-brunnsgatan-14b-7509865462619316883,153-187m²,bostadsratt,2026-08-10T12:02:13.207312
6057205635551060659,https://www.hemnet.se/salda/lagenhet-5rum-bro-sabyholm-upplands-bro-kommun-rosaringvagen-10-6057205635551060659,153-187m²,bostadsratt,2026-08-10T12:02:13.207313
3315031103076537632,"https://www.hemnet.se/salda/lagenhet-4,5rum-kungshojd-goteborgs-kommun-kungshojdsgatan-11b-3315031103076537632",153-187m²,bostadsratt,2026-08-10T12:02:13.207315
120522,https://www.hemnet.se/salda/lagenhet-7rum-molndal-molndals-kommun-ridspogatan-2b-120522,153-187m²,bostadsratt,2026-08-10T12:02:13.207316
5791600368321036847,https://www.hemnet.se/salda/lagenhet-4rum-kasernhojden-karlstads-kommun-kasernhojden-15b-5791600368321036847,153-187m²,bostadsratt,2026-08-10T12:02:13.207317
5095704281464781524,https://www.hemnet.se/salda/lagenhet-5rum-ystad-centrum-ystads-kommun-thorssons-vag-15-lgh4-5095704281464781524,153-187m²,bostadsratt,2026-08-10T12:02:13.207319
1312926,https://www.hemnet.se/salda/lagenhet-5rum-orgryte-goteborgs-kommun-brodragatan-6b-1312926,153-187m²,bostadsratt,2026-08-10T12:02:13.207320
2529723898094254856,https://www.hemnet.se/salda/lagenhet-5rum-ostermalm-stockholms-kommun-grev-turegatan-86-2529723898094254856,153-187m²,bostadsratt,2026-08-10T12:02:13.207321
261608,https://www.hemnet.se/salda/lagenhet-5rum-vasastaden-goteborgs-kommun-haga-kyrkogata-28-a-261608,153-187m²,bostadsratt,2026-08-10T12:02:13.207324
267879,"https://www.hemnet.se/salda/lagenhet-5rum-midsommarkransen-aspudden-stockholms-kommun-fastlagsvagen-46,-hogst-upp-267879",153-187m²,bostadsratt,2026-08-10T12:02:13.207325
8129998347982549577,https://www.hemnet.se/salda/lagenhet-5rum-gamla-staden-malmo-kommun-ostergatan-27-8129998347982549577,153-187m²,bostadsratt,2026-08-10T12:02:13.207327
777609,"https://www.hemnet.se/salda/lagenhet-4rum-vasastan-stockholms-kommun-upplandsgatan-56,-5tr-777609",153-187m²,bostadsratt,2026-08-10T12:02:13.207328
5909520484698346541,https://www.hemnet.se/salda/lagenhet-5rum-ostermalm-stockholms-kommun-ostermalmsgatan-72-5909520484698346541,153-187m²,bostadsratt,2026-08-10T12:02:13.207330
993352,https://www.hemnet.se/salda/lagenhet-5rum-malmen-kalmar-kommun-linnegatan-14a-993352,153-187m²,bostadsratt,2026-08-10T12:02:13.207331
1091888,https://www.hemnet.se/salda/lagenhet-6rum-bromma-riksbyhojden-stockholms-kommun-sedumbacken-16-1091888,153-187m²,bostadsratt,2026-08-10T12:02:13.207333
245977,https://www.hemnet.se/salda/lagenhet-4rum-centralt-vasteras-kommun-kristinagatan-10-245977,153-187m²,bostadsratt,2026-08-10T12:02:13.207334
1159894,https://www.hemnet.se/salda/lagenhet-5rum-helsingborg-helsingborgs-kommun-magnus-erikssons-gata-8b-1159894,153-187m²,bostadsratt,2026-08-10T12:02:13.207336
1001712,https://www.hemnet.se/salda/lagenhet-6rum-ostermalm-stockholms-kommun-valhallavagen-56-1001712,153-187m²,bostadsratt,2026-08-10T12:02:13.207337
993118,"https://www.hemnet.se/salda/lagenhet-5rum-frosunda-solna-kommun-frogatan-6,-5-tr-993118",153-187m²,bostadsratt,2026-08-10T12:02:13.207338
8113213446478567364,https://www.hemnet.se/salda/lagenhet-6rum-tagaborg-helsingborg-helsingborgs-kommun-karl-x-gustavs-gata-45-8113213446478567364,153-187m²,bostadsratt,2026-08-10T12:02:13.207340
4331089260326370936,https://www.hemnet.se/salda/lagenhet-6rum-vastra-orminge-nacka-kommun-betsovagen-4-4331089260326370936,153-187m²,bostadsratt,2026-08-10T12:02:13.207341
5902603557966800718,"https://www.hemnet.se/salda/lagenhet-4,5rum-kungsholmen-stockholms-kommun-garvargatan-7,-4tr-5902603557966800718",153-187m²,bostadsratt,2026-08-10T12:02:13.207343
5764358401403168099,https://www.hemnet.se/salda/lagenhet-5rum-ribersborg-malmo-kommun-ola-hanssonsgatan-3a-5764358401403168099,153-187m²,bostadsratt,2026-08-10T12:02:13.207344
1444344471036790046,https://www.hemnet.se/salda/lagenhet-6rum-sofiaparken-lunds-kommun-lovisastigen-34-1444344471036790046,153-187m²,bostadsratt,2026-08-10T12:02:13.207345
1302527,https://www.hemnet.se/salda/lagenhet-4rum-centralt-norrkopings-kommun-knappingsborgsgatan-11-1302527,153-187m²,bostadsratt,2026-08-10T12:02:13.207347
962858,"https://www.hemnet.se/salda/lagenhet-5rum-stockholm-stockholms-kommun-heleneborgsgatan-12-b,-4tr-962858",153-187m²,bostadsratt,2026-08-10T12:02:13.207348
4163356787742603372,https://www.hemnet.se/salda/lagenhet-6rum-centralt-ornskoldsviks-kommun-storgatan-51b-4163356787742603372,153-187m²,bostadsratt,2026-08-10T12:02:13.207349
913328,https://www.hemnet.se/salda/lagenhet-5rum-salto-karlskrona-kommun-utovagen-4-a-lgh-1501-913328,153-187m²,bostadsratt,2026-08-10T12:02:13.207351
4385930334860224457,https://www.hemnet.se/salda/lagenhet-7rum-ovre-slotts-uppsala-kommun-ovre-slottsgatan-10-4385930334860224457,153-187m²,bostadsratt,2026-08-10T12:02:13.207352
1123519,https://www.hemnet.se/salda/lagenhet-3rum-inom-vallgraven-goteborgs-kommun-drottninggatan-71-1123519,153-187m²,bostadsratt,2026-08-10T12:02:13.207354
6424793224216092038,https://www.hemnet.se/salda/lagenhet-4rum-vasastan-hagastaden-stockholms-kommun-valfrid-palmgrens-gata-7-6424793224216092038,153-187m²,bostadsratt,2026-08-10T12:02:13.207355
1072159601262721820,https://www.hemnet.se/salda/lagenhet-5rum-sodermalm-stockholms-kommun-gotgatan-35-1072159601262721820,153-187m²,bostadsratt,2026-08-10T12:02:13.207356
172768,https://www.hemnet.se/salda/lagenhet-6rum-sodermalm-centralt-sundsvalls-kommun-albacksgatan-37-172768,153-187m²,bostadsratt,2026-08-10T12:02:13.207358
1890459123126548831,https://www.hemnet.se/salda/lagenhet-6rum-ramshall-linkopings-kommun-stigbergsgatan-31a-1890459123126548831,153-187m²,bostadsratt,2026-08-10T12:02:13.207359
1177722,https://www.hemnet.se/salda/lagenhet-6rum-ostermalm-stockholms-kommun-vartavagen-6-1177722,153-187m²,bostadsratt,2026-08-10T12:02:13.207360
3987018324972168418,https://www.hemnet.se/salda/lagenhet-4rum-backa-karlskoga-kommun-dimbovagen-25a-3987018324972168418,153-187m²,bostadsratt,2026-08-10T12:02:13.207362
1244777,"https://www.hemnet.se/salda/lagenhet-5rum-ostermalm-karlaplan-stockholms-kommun-karlaplan-18,-4-tr-1244777",153-187m²,bostadsratt,2026-08-10T12:02:13.207363
790353,"https://www.hemnet.se/salda/lagenhet-6,5rum-arenastaden-solna-kommun-evenemangsgatan-12-790353",153-187m²,bostadsratt,2026-08-10T12:02:13.207364
1326104,https://www.hemnet.se/salda/lagenhet-6rum-ostermalm-stockholms-kommun-sibyllegatan-44-1326104,153-187m²,bostadsratt,2026-08-10T12:02:13.207366
199112,"https://www.hemnet.se/salda/lagenhet-4rum-hasselby-strand-stockholms-kommun-medsolsbacken-17,-11-tr-199112",153-187m²,bostadsratt,2026-08-10T12:02:13.207367
6156813219880562095,https://www.hemnet.se/salda/lagenhet-4rum-vaster-jonkopings-kommun-kapellgatan-17b-6156813219880562095,153-187m²,bostadsratt,2026-08-10T12:02:13.207368
5743833056943729373,https://www.hemnet.se/salda/lagenhet-6rum-ostermalm-stockholms-kommun-artillerigatan-26-5743833056943729373,153-187m²,bostadsratt,2026-08-10T12:02:13.207370
1346119,https://www.hemnet.se/salda/lagenhet-5rum-norr-vid-folkparken-norrkopings-kommun-norra-promenaden-122-1346119,153-187m²,bostadsratt,2026-08-10T12:02:13.207371
501516,"https://www.hemnet.se/salda/lagenhet-4rum-kungsholmen-stockholms-kommun-jakob-westinsgatan-3,-6-tr-501516",153-187m²,bostadsratt,2026-08-10T12:02:13.207372
1510211,"https://www.hemnet.se/salda/lagenhet-4,5rum-vasastan-stockholms-kommun-sveavagen-114-1510211",153-187m²,bostadsratt,2026-08-10T12:02:13.207374
1286286,https://www.hemnet.se/salda/lagenhet-7rum-krikonbacken-nykopings-kommun-blasarevagen-28-1286286,153-187m²,bostadsratt,2026-08-10T12:02:13.207375
278323,https://www.hemnet.se/salda/lagenhet-5rum-linnestaden-goteborgs-kommun-linnegatan-11-278323,153-187m²,bostadsratt,2026-08-10T12:02:13.207377
9100426578258519322,https://www.hemnet.se/salda/lagenhet-4rum-city-malmo-kommun-ostergatan-27-9100426578258519322,153-187m²,bostadsratt,2026-08-10T12:02:13.207378
1335382,https://www.hemnet.se/salda/lagenhet-6rum-norby-uppsala-kommun-tryffelvagen-1h-1335382,153-187m²,bostadsratt,2026-08-10T12:02:13.207379
495209,"https://www.hemnet.se/salda/lagenhet-5rum-vasastan-stockholms-kommun-vastmannagatan-31,-2-tr-495209",153-187m²,bostadsratt,2026-08-10T12:02:13.207381
1705954967413308006,https://www.hemnet.se/salda/lagenhet-5rum-lorensberg-goteborgs-kommun-sodra-vagen-2-1705954967413308006,153-187m²,bostadsratt,2026-08-10T12:02:13.207382
4270035792124695982,https://www.hemnet.se/salda/lagenhet-5rum-centrum-umea-kommun-storgatan-54-4270035792124695982,153-187m²,bostadsratt,2026-08-10T12:02:13.207383
746558,https://www.hemnet.se/salda/lagenhet-6rum-hersby-lidingo-kommun-bergsvagen-9-746558,153-187m²,bostadsratt,2026-08-10T12:02:13.207384
3305311147114795379,https://www.hemnet.se/salda/lagenhet-5rum-vasastaden-goteborgs-kommun-erik-dahlbergsgatan-8a-3305311147114795379,153-187m²,bostadsratt,2026-08-10T12:02:13.207386
889262,https://www.hemnet.se/salda/lagenhet-6rum-hammarby-sjostad-stockholms-kommun-sjofartsgatan-10-889262,153-187m²,bostadsratt,2026-08-10T12:02:13.207387
8369310030852930849,https://www.hemnet.se/salda/lagenhet-5rum-limhamns-sjostad-malmo-kommun-glasbrukskajen-8a-8369310030852930849,153-187m²,bostadsratt,2026-08-10T12:02:13.207389
443398521362489697,https://www.hemnet.se/salda/lagenhet-6rum-eds-alle-upplands-vasby-kommun-alvsundavagen-16-443398521362489697,153-187m²,bostadsratt,2026-08-10T12:02:13.207390
7287777159953555683,https://www.hemnet.se/salda/lagenhet-5rum-vagga-karlshamns-kommun-saltsjobadsvagen-25-7287777159953555683,153-187m²,bostadsratt,2026-08-10T12:02:13.207392
894823729802856310,https://www.hemnet.se/salda/lagenhet-5rum-fridhemsplan-stockholms-kommun-fleminggatan-28-894823729802856310,153-187m²,bostadsratt,2026-08-10T12:02:13.207393
1105225,https://www.hemnet.se/salda/lagenhet-5rum-ostermalm-stockholms-kommun-styrmansgatan-6-1105225,153-187m²,bostadsratt,2026-08-10T12:02:13.207394
6798692901841967951,https://www.hemnet.se/salda/lagenhet-5rum-ostermalm-stockholms-kommun-riddargatan-43-6798692901841967951,153-187m²,bostadsratt,2026-08-10T12:02:13.207396
530747736220724975,"https://www.hemnet.se/salda/lagenhet-5rum-sodermalm-stockholms-kommun-gotgatan-69,-3-tr-530747736220724975",153-187m²,bostadsratt,2026-08-10T12:02:13.207397
1441260,https://www.hemnet.se/salda/lagenhet-5rum-gultzauudden-lulea-kommun-fredsgatan-2-1441260,153-187m²,bostadsratt,2026-08-10T12:02:13.207399
1380018,https://www.hemnet.se/salda/lagenhet-6rum-centrum-helsingborgs-kommun-drottninggatan-33-1380018,153-187m²,bostadsratt,2026-08-10T12:02:13.207400
822809,https://www.hemnet.se/salda/lagenhet-5rum-hersby-lidingo-kommun-agirvagen-5-822809,153-187m²,bostadsratt,2026-08-10T12:02:13.207402
711216,https://www.hemnet.se/salda/lagenhet-4rum-orrnaset-tyreso-kommun-klockargardsvagen-4c-711216,153-187m²,bostadsratt,2026-08-10T12:02:13.207404
1131499,https://www.hemnet.se/salda/lagenhet-4rum-centrum-lunds-kommun-aromalund-carl-bernlunds-gata-1131499,153-187m²,bostadsratt,2026-08-10T12:02:13.207405
1319437,https://www.hemnet.se/salda/lagenhet-5rum-centrum-lunds-kommun-karl-xii-gata-9-1319437,153-187m²,bostadsratt,2026-08-10T12:02:13.207407
1496196,https://www.hemnet.se/salda/lagenhet-5rum-norr-helsingborgs-kommun-drottninggatan-27-1496196,153-187m²,bostadsratt,2026-08-10T12:02:13.207409
1289337,https://www.hemnet.se/salda/lagenhet-6rum-nykvarns-kommun-vidbynas-alle-5-1289337,153-187m²,bostadsratt,2026-08-10T12:02:13.207410
1506240,https://www.hemnet.se/salda/lagenhet-4rum-ostermalm-stockholms-kommun-kommendorsgatan-3-1506240,153-187m²,bostadsratt,2026-08-10T12:02:13.207412
861431,"https://www.hemnet.se/salda/lagenhet-4rum-falsterbo-vellinge-kommun-sjogatan-14,-lgh-a1102-861431",153-187m²,bostadsratt,2026-08-10T12:02:13.207414
973117,https://www.hemnet.se/salda/lagenhet-5rum-lund-centrum-lunds-kommun-sankt-petri-kyrkogata-11-973117,153-187m²,bostadsratt,2026-08-10T12:02:13.207415
206746,https://www.hemnet.se/salda/lagenhet-6rum-ostermalm-stockholms-kommun-kommendorsgatan-25-206746,153-187m²,bostadsratt,2026-08-10T12:02:13.207417
122686,https://www.hemnet.se/salda/lagenhet-5rum-vagmastaren-karlstads-kommun-strandvagen-7-122686,153-187m²,bostadsratt,2026-08-10T12:02:13.207418
515560,"https://www.hemnet.se/salda/lagenhet-6rum-apoteksskogen-upplands-vasby-kommun-holmvagen-9,-5-tr-515560",153-187m²,bostadsratt,2026-08-10T12:02:13.207420
1503457,https://www.hemnet.se/salda/lagenhet-7rum-centrala-sodertalje-sodertalje-kommun-karlslundsgatan-15-1503457,153-187m²,bostadsratt,2026-08-10T12:02:13.207422
7737775206972830449,https://www.hemnet.se/salda/lagenhet-5rum-centralt-stromstads-kommun-norra-linnegatan-5-e-7737775206972830449,153-187m²,bostadsratt,2026-08-10T12:02:13.207423
3553053970647453259,https://www.hemnet.se/salda/lagenhet-6rum-gjuteriet-ystads-kommun-gotgangen-84-3553053970647453259,153-187m²,bostadsratt,2026-08-10T12:02:13.207425
649249398094087253,https://www.hemnet.se/salda/lagenhet-5rum-nedre-johanneberg-goteborgs-kommun-terrassgatan-1-649249398094087253,153-187m²,bostadsratt,2026-08-10T12:02:13.207426
704421,"https://www.hemnet.se/salda/lagenhet-5rum-ostermalm-stockholms-kommun-birger-jarlsgatan-46a,-2-tr-704421",153-187m²,bostadsratt,2026-08-10T12:02:13.207428
1491160,https://www.hemnet.se/salda/lagenhet-5rum-vasterhaninge-haninge-kommun-kolonilottsvagen-157-1491160,153-187m²,bostadsratt,2026-08-10T12:02:13.207429
5044989954847170754,https://www.hemnet.se/salda/lagenhet-4rum-centralt-norrkopings-kommun-skomakaregatan-4-5044989954847170754,153-187m²,bostadsratt,2026-08-10T12:02:13.207431
1679675239823011556,https://www.hemnet.se/salda/lagenhet-4rum-norrtalje-hamn-norrtalje-kommun-hamnpromenaden-17-1679675239823011556,153-187m²,bostadsratt,2026-08-10T12:02:13.207432
156615,https://www.hemnet.se/salda/lagenhet-6rum-grondal-stockholms-kommun-ormbergsvagen-20-156615,153-187m²,bostadsratt,2026-08-10T12:02:13.207434
812682,"https://www.hemnet.se/salda/lagenhet-5,5rum-frosunda-solna-kommun-gustav-iii-s-boulevard-45,-5-6-tr-812682",153-187m²,bostadsratt,2026-08-10T12:02:13.207436
7985298593768740963,https://www.hemnet.se/salda/lagenhet-5rum-spanga-solhem-stockholms-kommun-ankarsrumsgatan-5-7985298593768740963,153-187m²,bostadsratt,2026-08-10T12:02:13.207437
121906,https://www.hemnet.se/salda/lagenhet-7rum-centrala-sodertalje-sodertalje-kommun-karlslundsgatan-9-121906,153-187m²,bostadsratt,2026-08-10T12:02:13.207438
506986725966378581,"https://www.hemnet.se/salda/lagenhet-5rum-frosunda-solna-kommun-gustav-iii-s-boulevard-43,-5tr-506986725966378581",153-187m²,bostadsratt,2026-08-10T12:02:13.207440
355832,https://www.hemnet.se/salda/lagenhet-5rum-jonkoping-oster-jonkopings-kommun-bolagsgrand-1-355832,153-187m²,bostadsratt,2026-08-10T12:02:13.207441
1274540,https://www.hemnet.se/salda/lagenhet-4rum-ostermalm-stockholms-kommun-nybrogatan-73-1274540,153-187m²,bostadsratt,2026-08-10T12:02:13.207443
726466,"https://www.hemnet.se/salda/lagenhet-6rum-runo-osterakers-kommun-vikingavagen-47,-lgh-8-726466",153-187m²,bostadsratt,2026-08-10T12:02:13.207444
8367065898530267631,https://www.hemnet.se/salda/lagenhet-5rum-trosso-karlskrona-kommun-amiralitetsgatan-2-8367065898530267631,153-187m²,bostadsratt,2026-08-10T12:02:13.207446
3961373907641976421,https://www.hemnet.se/salda/lagenhet-5rum-gessie-vellinge-kommun-gessievagen-327-6-3961373907641976421,153-187m²,bostadsratt,2026-08-10T12:02:13.207447
7919583948629547406,https://www.hemnet.se/salda/lagenhet-5rum-ostermalm-stockholms-kommun-karlavagen-68-7919583948629547406,153-187m²,bostadsratt,2026-08-10T12:02:13.207449
1255030,https://www.hemnet.se/salda/lagenhet-6rum-skytteholm-solna-kommun-framnasbacken-1-1255030,153-187m²,bostadsratt,2026-08-10T12:02:13.207450
2108856966615738674,https://www.hemnet.se/salda/lagenhet-5rum-ostermalm-stockholms-kommun-sturegatan-58-2108856966615738674,153-187m²,bostadsratt,2026-08-10T12:02:13.207451
857733,https://www.hemnet.se/salda/lagenhet-5rum-tyreso-strand-tyreso-kommun-videvagen-56-857733,153-187m²,bostadsratt,2026-08-10T12:02:13.207453
536481,https://www.hemnet.se/salda/lagenhet-5rum-sankt-jorgen-goteborgs-kommun-sankt-jorgens-alle-4d-536481,153-187m²,bostadsratt,2026-08-10T12:02:13.207455
906923,https://www.hemnet.se/salda/lagenhet-6rum-ostermalm-stockholms-kommun-vartavagen-6-906923,153-187m²,bostadsratt,2026-08-10T12:02:13.207456
3146224258247444898,https://www.hemnet.se/salda/lagenhet-7rum-krikonbacken-nykopings-kommun-blasarevagen-26-3146224258247444898,153-187m²,bostadsratt,2026-08-10T12:02:13.207457
2247963941725684896,https://www.hemnet.se/salda/lagenhet-5rum-mickedala-halmstads-kommun-brf-stadsgarden-2247963941725684896,153-187m²,bostadsratt,2026-08-10T12:02:13.207459
1156505,https://www.hemnet.se/salda/lagenhet-6rum-karrtorp-enskede-stockholms-kommun-karrtorpsvagen-34-1156505,153-187m²,bostadsratt,2026-08-10T12:02:13.207460
1075476,https://www.hemnet.se/salda/lagenhet-5rum-centralt-gavle-kommun-norra-slottsgatan-16-1075476,153-187m²,bostadsratt,2026-08-10T12:02:13.207462
489950,"https://www.hemnet.se/salda/lagenhet-7rum-nasbydal-taby-kommun-nasbydalsvagen-4,-15-tr-489950",153-187m²,bostadsratt,2026-08-10T12:02:13.207463
796363,https://www.hemnet.se/salda/lagenhet-5rum-vasastan-stockholms-kommun-surbrunnsgatan-56-796363,153-187m²,bostadsratt,2026-08-10T12:02:13.207464
1360437,https://www.hemnet.se/salda/lagenhet-5rum-vasastaden-goteborgs-kommun-aschebergsgatan-35-1360437,153-187m²,bostadsratt,2026-08-10T12:02:13.207466
3886139103880231991,https://www.hemnet.se/salda/lagenhet-5rum-helsingborg-centrum-helsingborgs-kommun-halsovagen-7a-3886139103880231991,153-187m²,bostadsratt,2026-08-10T12:02:13.207467
1248265392505435180,https://www.hemnet.se/salda/lagenhet-5rum-sodermalm-stockholms-kommun-hokens-gata-1-1248265392505435180,153-187m²,bostadsratt,2026-08-10T12:02:13.207469
644599,https://www.hemnet.se/salda/lagenhet-5rum-lorensberg-goteborgs-kommun-kristinelundsgatan-7-644599,153-187m²,bostadsratt,2026-08-10T12:02:13.207470
9052322506010641905,https://www.hemnet.se/salda/lagenhet-5rum-centrum-uppsala-kommun-ostra-agatan-17-9052322506010641905,153-187m²,bostadsratt,2026-08-10T12:02:13.207471
1233476,https://www.hemnet.se/salda/lagenhet-4rum-nissastrand-halmstads-kommun-sven-jonsons-gata-2a-1233476,153-187m²,bostadsratt,2026-08-10T12:02:13.207473
653059,https://www.hemnet.se/salda/lagenhet-6rum-ostermalm-stockholms-kommun-valhallavagen-63-653059,153-187m²,bostadsratt,2026-08-10T12:02:13.207475
450937,https://www.hemnet.se/salda/lagenhet-5rum-orrnaset-tyreso-kommun-klockargardsvagen-4-450937,153-187m²,bostadsratt,2026-08-10T12:02:13.207476
3076384006413287290,"https://www.hemnet.se/salda/lagenhet-5,5rum-kungsholmen-norr-malarstrand-stockholms-kommun-norr-malarstrand-52,-3tr-3076384006413287290",153-187m²,bostadsratt,2026-08-10T12:02:13.207478
3012414122763954209,https://www.hemnet.se/salda/lagenhet-3rum-inom-vallgraven-goteborgs-kommun-stora-nygatan-9-3012414122763954209,153-187m²,bostadsratt,2026-08-10T12:02:13.207479
355530,https://www.hemnet.se/salda/lagenhet-6rum-vagga-karlshamns-kommun-saltsjobadsvagen-25-355530,153-187m²,bostadsratt,2026-08-10T12:02:13.207481
4238078858707320312,https://www.hemnet.se/salda/lagenhet-5rum-centralt-ornskoldsvik-ornskoldsviks-kommun-storgatan-51a-4238078858707320312,153-187m²,bostadsratt,2026-08-10T12:02:13.207482
1450001,https://www.hemnet.se/salda/lagenhet-6rum-habo-habo-kommun-karnekulla-1450001,153-187m²,bostadsratt,2026-08-10T12:02:13.207485
222381,https://www.hemnet.se/salda/lagenhet-5rum-i-en-park-vid-havet-nynashamns-kommun-grevgatan-20f-222381,153-187m²,bostadsratt,2026-08-10T12:02:13.207486
2123378401894450945,https://www.hemnet.se/salda/lagenhet-4rum-djursholm-danderyds-kommun-burevagen-22d-2123378401894450945,153-187m²,bostadsratt,2026-08-10T12:02:13.207488
76992,https://www.hemnet.se/salda/lagenhet-6rum-ostra-ljungby-klippans-kommun-blasingevagen-40-76992,153-187m²,bostadsratt,2026-08-10T12:02:13.207490
739631,https://www.hemnet.se/salda/lagenhet-6rum-sodermalm-stockholms-kommun-hornsgatan-64-b-739631,153-187m²,bostadsratt,2026-08-10T12:02:13.207492
382952,https://www.hemnet.se/salda/lagenhet-5rum-lorensberg-goteborgs-kommun-berzeliigatan-25-382952,153-187m²,bostadsratt,2026-08-10T12:02:13.207493
8043617004418533547,https://www.hemnet.se/salda/lagenhet-6rum-tyreso-strand-tyreso-kommun-sjopiren-4-8043617004418533547,153-187m²,bostadsratt,2026-08-10T12:02:13.207495
4912931333461026056,https://www.hemnet.se/salda/lagenhet-5rum-ystad-centrum-ystads-kommun-thorssons-vag-15-lgh4-4912931333461026056,153-187m²,bostadsratt,2026-08-10T12:02:13.207496
1049774,https://www.hemnet.se/salda/lagenhet-5rum-huvudsta-solna-kommun-slaggbacken-7-1049774,153-187m²,bostadsratt,2026-08-10T12:02:13.207498
296570,https://www.hemnet.se/salda/lagenhet-6rum-lilla-essingen-stockholms-kommun-essinge-brogata-18-josefinavagen-17-296570,153-187m²,bostadsratt,2026-08-10T12:02:13.207499
632702,"https://www.hemnet.se/salda/lagenhet-6rum-sodermalm-hogalid-stockholms-kommun-hornsgatan-75,-3tr-632702",153-187m²,bostadsratt,2026-08-10T12:02:13.207501
727930799300494131,https://www.hemnet.se/salda/lagenhet-6rum-backalyckan-jonkopings-kommun-stadsparksgatan-4-727930799300494131,153-187m²,bostadsratt,2026-08-10T12:02:13.207502
1302428,"https://www.hemnet.se/salda/lagenhet-4rum-hersby-lidingo-kommun-bergsvagen-2-a,-ep-1302428",153-187m²,bostadsratt,2026-08-10T12:02:13.207504
5388185132659800072,https://www.hemnet.se/salda/lagenhet-5rum-kungsangen-industristaden-uppsala-kommun-hugingatan-11-5388185132659800072,153-187m²,bostadsratt,2026-08-10T12:02:13.207505
8838382684840161829,https://www.hemnet.se/salda/lagenhet-7rum-centralt-kalmar-kommun-kaggensgatan-18-8838382684840161829,153-187m²,bostadsratt,2026-08-10T12:02:13.207506
283697,https://www.hemnet.se/salda/lagenhet-4rum-atollen-jonkopings-kommun-fiskargrand-3-a-283697,153-187m²,bostadsratt,2026-08-10T12:02:13.207508
95854,"https://www.hemnet.se/salda/lagenhet-5rum-midsommarkransen-aspudden-stockholms-kommun-fastlagsvagen-42,-etagelgh-95854",153-187m²,bostadsratt,2026-08-10T12:02:13.207509
1371001,"https://www.hemnet.se/salda/lagenhet-5rum-ahus-kristianstads-kommun-pistagegatan-13,-lgh-111-1371001",153-187m²,bostadsratt,2026-08-10T12:02:13.207511
8794361099447080961,https://www.hemnet.se/salda/lagenhet-5rum-linkopings-innerstad-linkopings-kommun-linnegatan-25a-8794361099447080961,153-187m²,bostadsratt,2026-08-10T12:02:13.207512
8760552868362043467,https://www.hemnet.se/salda/lagenhet-5rum-herrgardet-centrum-vasteras-kommun-herrgardsgatan-4b-8760552868362043467,153-187m²,bostadsratt,2026-08-10T12:02:13.207514
2527444454801841586,https://www.hemnet.se/salda/lagenhet-5rum-gamla-rasunda-solna-kommun-parkvagen-10b-2527444454801841586,153-187m²,bostadsratt,2026-08-10T12:02:13.207516
1149192,https://www.hemnet.se/salda/lagenhet-5rum-lund-centrum-lunds-kommun-tullgatan-1-a-1149192,153-187m²,bostadsratt,2026-08-10T12:02:13.207517
1259161,https://www.hemnet.se/salda/lagenhet-5rum-ostermalm-stockholms-kommun-banergatan-53-1259161,153-187m²,bostadsratt,2026-08-10T12:02:13.207519
1234914172784929375,https://www.hemnet.se/salda/lagenhet-5rum-kungsholmen-stockholms-kommun-fleminggatan-27-1234914172784929375,153-187m²,bostadsratt,2026-08-10T12:02:13.207520
740250,https://www.hemnet.se/salda/lagenhet-6rum-frosunda-solna-kommun-gustav-iii-s-boulevard-81-740250,153-187m²,bostadsratt,2026-08-10T12:02:13.207521
7238737951692344846,"https://www.hemnet.se/salda/lagenhet-3,5rum-hersby-lidingo-kommun-bergsvagen-2-a-7238737951692344846",153-187m²,bostadsratt,2026-08-10T12:02:13.207523
7523339142982634025,"https://www.hemnet.se/salda/lagenhet-5rum-vasastan-odenplan-stockholms-kommun-vidargatan-4,-2-tr-7523339142982634025",153-187m²,bostadsratt,2026-08-10T12:02:13.207524
581682,"https://www.hemnet.se/salda/lagenhet-5,5rum-larkstan-stockholms-kommun-odengatan-19,-2tr-bragevagen-21-581682",153-187m²,bostadsratt,2026-08-10T12:02:13.207526
823332,"https://www.hemnet.se/salda/lagenhet-5rum-huvudsta-solna-kommun-slaggbacken-7,-van-6-823332",153-187m²,bostadsratt,2026-08-10T12:02:13.207527
582967,https://www.hemnet.se/salda/lagenhet-5rum-rorsjostaden-malmo-kommun-betaniaplan-1-582967,153-187m²,bostadsratt,2026-08-10T12:02:13.207528
1367887,https://www.hemnet.se/salda/lagenhet-7rum-vasastan-stockholms-kommun-hollandargatan-36-1367887,153-187m²,bostadsratt,2026-08-10T12:02:13.207530
343336,"https://www.hemnet.se/salda/lagenhet-5rum-sodermalm-maria-stockholms-kommun-sankt-paulsgatan-36,-2-tr-343336",153-187m²,bostadsratt,2026-08-10T12:02:13.207531
8208195551600405623,"https://www.hemnet.se/salda/lagenhet-6rum-kungsholmen-stockholms-kommun-fleminggatan-21,-4-tr-8208195551600405623",153-187m²,bostadsratt,2026-08-10T12:02:13.207532
662352,https://www.hemnet.se/salda/lagenhet-5rum-city-malmo-kommun-amiralsgatan-6-662352,153-187m²,bostadsratt,2026-08-10T12:02:13.207534
207354,"https://www.hemnet.se/salda/lagenhet-5rum-kungsholmen-stockholms-kommun-scheelegatan-10,-2-tr-207354",153-187m²,bostadsratt,2026-08-10T12:02:13.207535
603742,https://www.hemnet.se/salda/lagenhet-4rum-rorsjostaden-malmo-kommun-henrik-smithsgatan-1-603742,153-187m²,bostadsratt,2026-08-10T12:02:13.207537
1256861,"https://www.hemnet.se/salda/lagenhet-5rum-vasastan-stockholms-kommun-upplandsgatan-73,-4tr-1256861",153-187m²,bostadsratt,2026-08-10T12:02:13.207538
572648,https://www.hemnet.se/salda/lagenhet-5rum-centrum-uppsala-uppsala-kommun-linnegatan-11-a-572648,153-187m²,bostadsratt,2026-08-10T12:02:13.207540
1142585,https://www.hemnet.se/salda/lagenhet-5rum-ostermalm-stockholms-kommun-vartavagen-12-1142585,153-187m²,bostadsratt,2026-08-10T12:02:13.207541
142606,https://www.hemnet.se/salda/lagenhet-6rum-kolsva-kopings-kommun-bergslagsvagen-125c-142606,153-187m²,bostadsratt,2026-08-10T12:02:13.207543
8205750548026838608,https://www.hemnet.se/salda/lagenhet-4rum-norr-helsingborgs-kommun-drottninggatan-234-8205750548026838608,153-187m²,bostadsratt,2026-08-10T12:02:13.207544
813724,"https://www.hemnet.se/salda/lagenhet-6rum-vasastan-norrmalm-stockholms-kommun-odengatan-45,-4-tr-813724",153-187m²,bostadsratt,2026-08-10T12:02:13.207546
1286924,https://www.hemnet.se/salda/lagenhet-4rum-strandvagen-landskrona-kommun-strandvagen-57a-1286924,153-187m²,bostadsratt,2026-08-10T12:02:13.207547
5251767121764062930,https://www.hemnet.se/salda/lagenhet-5rum-korsangen-vasteras-kommun-tegnergatan-1-5251767121764062930,153-187m²,bostadsratt,2026-08-10T12:02:13.207548
4233252624095955704,https://www.hemnet.se/salda/lagenhet-7rum-tunabackar-uppsala-kommun-torbjornsgatan-18-4233252624095955704,153-187m²,bostadsratt,2026-08-10T12:02:13.207550
1412078,https://www.hemnet.se/salda/lagenhet-4rum-vasastaden-goteborgs-kommun-nedre-fogelbergsgatan-3-1412078,153-187m²,bostadsratt,2026-08-10T12:02:13.207551
7916624783243632918,"https://www.hemnet.se/salda/lagenhet-5rum-sodermalm-mariatorget-stockholms-kommun-sankt-paulsgatan-36,-2,5-tr-7916624783243632918",153-187m²,bostadsratt,2026-08-10T12:02:13.207552
53577,https://www.hemnet.se/salda/lagenhet-4rum-jarla-sjo-nacka-kommun-buddes-grand-1-53577,153-187m²,bostadsratt,2026-08-10T12:02:13.207554
4502021085220559923,"https://www.hemnet.se/salda/lagenhet-5rum-vasastan-stockholms-kommun-sveavagen-111,-2-tr-4502021085220559923",153-187m²,bostadsratt,2026-08-10T12:02:13.207555
5300484901540832580,https://www.hemnet.se/salda/lagenhet-5rum-kristianstad-centralt-kristianstads-kommun-vastra-vallgatan-39-5300484901540832580,153-187m²,bostadsratt,2026-08-10T12:02:13.207557
781105,https://www.hemnet.se/salda/lagenhet-5rum-hammarby-sjostad-stockholms-kommun-babordsgatan-14-781105,153-187m²,bostadsratt,2026-08-10T12:02:13.207558
89586,https://www.hemnet.se/salda/lagenhet-5rum-centrum-slottshojden-helsingborgs-kommun-kung-kristoffers-gata-25-89586,153-187m²,bostadsratt,2026-08-10T12:02:13.207560
1598415687679577765,https://www.hemnet.se/salda/lagenhet-6rum-centrala-hisingen-goteborgs-kommun-trollhasselgatan-27-1598415687679577765,153-187m²,bostadsratt,2026-08-10T12:02:13.207561
9095952575254319739,https://www.hemnet.se/salda/lagenhet-6rum-saltsjobaden-nacka-kommun-skyttevagen-13b-9095952575254319739,153-187m²,bostadsratt,2026-08-10T12:02:13.207562
1410001,https://www.hemnet.se/salda/lagenhet-5rum-malmaberg-vasteras-kommun-gjutargatan-26a-1410001,153-187m²,bostadsratt,2026-08-10T12:02:13.207564
1131741,https://www.hemnet.se/salda/lagenhet-5rum-radmansvangen-malmo-kommun-radmansgatan-5-1131741,153-187m²,bostadsratt,2026-08-10T12:02:13.207565
1128082,https://www.hemnet.se/salda/lagenhet-6rum-sodermalm-katarina-sofia-stockholms-kommun-grindsgatan-35-1128082,153-187m²,bostadsratt,2026-08-10T12:02:13.207567
507165,"https://www.hemnet.se/salda/lagenhet-4,5rum-slottsstaden-ribersborg-malmo-kommun-regementsgatan-21-507165",153-187m²,bostadsratt,2026-08-10T12:02:13.207568
902022,https://www.hemnet.se/salda/lagenhet-6rum-ostermalm-stockholms-kommun-grev-magnigatan-3-902022,153-187m²,bostadsratt,2026-08-10T12:02:13.207569
1193445675851857368,https://www.hemnet.se/salda/lagenhet-6rum-framre-svartbacken-uppsala-kommun-vastra-jarnvagsgatan-23a-1193445675851857368,153-187m²,bostadsratt,2026-08-10T12:02:13.207571
8482231897782743619,https://www.hemnet.se/salda/lagenhet-5rum-katarina-stockholms-kommun-katarina-bangata-31-8482231897782743619,153-187m²,bostadsratt,2026-08-10T12:02:13.207572
1274793,https://www.hemnet.se/salda/lagenhet-6rum-centralt-linkopings-kommun-klostergatan-10-1274793,153-187m²,bostadsratt,2026-08-10T12:02:13.207574
1383518,"https://www.hemnet.se/salda/lagenhet-5rum-bromma-mariehall-stockholms-kommun-flyttblocksvagen-15,-vindsvaning-1383518",153-187m²,bostadsratt,2026-08-10T12:02:13.207575
2203372805509469101,https://www.hemnet.se/salda/lagenhet-5rum-rorsjostaden-malmo-kommun-betaniaplan-1-2203372805509469101,153-187m²,bostadsratt,2026-08-10T12:02:13.207576
4197909084503740536,"https://www.hemnet.se/salda/lagenhet-6rum-skytteholm-solna-kommun-framnasbacken-1,-7tr-4197909084503740536",153-187m²,bostadsratt,2026-08-10T12:02:13.207578
8740006308647899024,https://www.hemnet.se/salda/lagenhet-6rum-centrum-lunds-kommun-karl-xi-gatan-11b-8740006308647899024,153-187m²,bostadsratt,2026-08-10T12:02:13.207579
997032,https://www.hemnet.se/salda/lagenhet-6rum-centrum-helsingborgs-kommun-nedre-langvinkelsgatan-7-997032,153-187m²,bostadsratt,2026-08-10T12:02:13.207580
840583,https://www.hemnet.se/salda/lagenhet-5rum-snopptorp-eskilstuna-kommun-stenkvistavagen-10-840583,153-187m²,bostadsratt,2026-08-10T12:02:13.207582
2299410687474874163,https://www.hemnet.se/salda/lagenhet-5rum-ostermalm-stockholms-kommun-jungfrugatan-37-2299410687474874163,153-187m²,bostadsratt,2026-08-10T12:02:13.207583
293218,"https://www.hemnet.se/salda/lagenhet-5rum-hogalid-stockholms-kommun-ringvagen-8,-4tr-293218",153-187m²,bostadsratt,2026-08-10T12:02:13.207584
3557756996140519813,https://www.hemnet.se/salda/lagenhet-5rum-mjolkudden-lulea-kommun-radiomasten-125-3557756996140519813,153-187m²,bostadsratt,2026-08-10T12:02:13.207586
6440782036716763245,https://www.hemnet.se/salda/lagenhet-5rum-stallhagen-vasteras-kommun-gustavsgatan-14-6440782036716763245,153-187m²,bostadsratt,2026-08-10T12:02:13.207587
1240832536025109309,"https://www.hemnet.se/salda/lagenhet-4rum-sveakvarteren-stockholms-kommun-melodislingan-14,-4-tr-1240832536025109309",153-187m²,bostadsratt,2026-08-10T12:02:13.207588
668011,https://www.hemnet.se/salda/lagenhet-6rum-grondal-stockholms-kommun-ekensbergskajen-5-vaning-4-och-5-668011,153-187m²,bostadsratt,2026-08-10T12:02:13.207590
336963,https://www.hemnet.se/salda/lagenhet-6rum-lorensberg-goteborgs-kommun-kungsportsavenyen-45-336963,153-187m²,bostadsratt,2026-08-10T12:02:13.207591
1448514,"https://www.hemnet.se/salda/lagenhet-5rum-sodermalm-stockholms-kommun-tantogatan-71,-8-tr-1448514",153-187m²,bostadsratt,2026-08-10T12:02:13.207592
348383,"https://www.hemnet.se/salda/lagenhet-4,5rum-vasastaden-goteborgs-kommun-aschebergsgatan-37-348383",153-187m²,bostadsratt,2026-08-10T12:02:13.207594
965831,"https://www.hemnet.se/salda/lagenhet-5rum-vasastan-stockholms-kommun-norrtullsgatan-21,-3tr-965831",153-187m²,bostadsratt,2026-08-10T12:02:13.207595
601747,https://www.hemnet.se/salda/lagenhet-6rum-munka-ljungby-angelholms-kommun-vaxthusvagen-14-601747,153-187m²,bostadsratt,2026-08-10T12:02:13.207597
7646448558349844205,https://www.hemnet.se/salda/lagenhet-5rum-norr-helsingborgs-kommun-drottninggatan-122-7646448558349844205,153-187m²,bostadsratt,2026-08-10T12:02:13.207598
1145806,https://www.hemnet.se/salda/lagenhet-5rum-centrum-uppsala-kommun-ostra-agatan-59-1145806,153-187m²,bostadsratt,2026-08-10T12:02:13.207599
717952,https://www.hemnet.se/salda/lagenhet-5rum-sankt-jorgen-goteborgs-kommun-sankt-jorgens-alle-4-d-717952,153-187m²,bostadsratt,2026-08-10T12:02:13.207601
8207270289334116386,https://www.hemnet.se/salda/lagenhet-4rum-ostermalm-stockholms-kommun-eriksbergsgatan-40-8207270289334116386,153-187m²,bostadsratt,2026-08-10T12:02:13.207602
1809429654306386158,https://www.hemnet.se/salda/lagenhet-4rum-helsingborg-helsingborgs-kommun-hovitsmansgatan-9-1809429654306386158,153-187m²,bostadsratt,2026-08-10T12:02:13.207603
7331692353094629139,https://www.hemnet.se/salda/lagenhet-5rum-bremerlyckan-kalmar-kommun-bremergatan-17-7331692353094629139,153-187m²,bostadsratt,2026-08-10T12:02:13.207605
3548033034646114864,"https://www.hemnet.se/salda/lagenhet-4,5rum-kungsholmen-stockholms-kommun-kungsgatan-90,-4tr-3548033034646114864",153-187m²,bostadsratt,2026-08-10T12:02:13.207606
1424411,https://www.hemnet.se/salda/lagenhet-5rum-helsingborg-centrum-helsingborgs-kommun-drottninggatan-74-1424411,153-187m²,bostadsratt,2026-08-10T12:02:13.207607
976131,"https://www.hemnet.se/salda/lagenhet-5rum-lidingo-lidingo-kommun-banvagen-21-b,-3-tr-976131",153-187m²,bostadsratt,2026-08-10T12:02:13.207609
8720189133416695356,https://www.hemnet.se/salda/lagenhet-6rum-ostermalm-stockholms-kommun-grev-turegatan-86-8720189133416695356,153-187m²,bostadsratt,2026-08-10T12:02:13.207610
883158,https://www.hemnet.se/salda/lagenhet-6rum-munka-ljungby-angelholms-kommun-vaxthusvagen-1-883158,153-187m²,bostadsratt,2026-08-10T12:02:13.207611
3727051972447277643,https://www.hemnet.se/salda/lagenhet-5rum-centrum-malmo-kommun-ostergatan-27-3727051972447277643,153-187m²,bostadsratt,2026-08-10T12:02:13.207613
6256494841349101598,https://www.hemnet.se/salda/lagenhet-5rum-sodermalm-stockholms-kommun-swedenborgsgatan-7-6256494841349101598,153-187m²,bostadsratt,2026-08-10T12:02:13.207614
1478452,"https://www.hemnet.se/salda/lagenhet-5rum-kungsholmen-norr-malarstrand-stockholms-kommun-norr-malarstrand-30,-4tr-1478452",153-187m²,bostadsratt,2026-08-10T12:02:13.207615
43139,https://www.hemnet.se/salda/lagenhet-6rum-norr-helsingborgs-kommun-drottninggatan-55-43139,153-187m²,bostadsratt,2026-08-10T12:02:13.207617
4530736831382877184,"https://www.hemnet.se/salda/lagenhet-6rum-sodermalm-stockholms-kommun-asogatan-106,-van-5-6-etage-4530736831382877184",153-187m²,bostadsratt,2026-08-10T12:02:13.207618
6717216413384425783,https://www.hemnet.se/salda/lagenhet-5rum-kvarnholmen-kalmar-kommun-sodra-langgatan-13-6717216413384425783,153-187m²,bostadsratt,2026-08-10T12:02:13.207620
6041417715966526812,https://www.hemnet.se/salda/lagenhet-4rum-tagaborg-helsingborgs-kommun-karl-x-gustavs-gata-34-6041417715966526812,153-187m²,bostadsratt,2026-08-10T12:02:13.207621
1509982,https://www.hemnet.se/salda/lagenhet-6rum-vasastaden-goteborgs-kommun-haga-kyrkogata-16a-1509982,153-187m²,bostadsratt,2026-08-10T12:02:13.207622
1187037,https://www.hemnet.se/salda/lagenhet-5rum-vasastan-stockholms-kommun-vastmannagatan-31-1187037,153-187m²,bostadsratt,2026-08-10T12:02:13.207624
1484409,https://www.hemnet.se/salda/lagenhet-6rum-ostra-hamnen-vasteras-kommun-sjotullsgatan-4-1484409,153-187m²,bostadsratt,2026-08-10T12:02:13.207625
313584,https://www.hemnet.se/salda/lagenhet-6rum-centralt-sodertalje-kommun-kallgatan-4-313584,153-187m²,bostadsratt,2026-08-10T12:02:13.207626
1026186,https://www.hemnet.se/salda/lagenhet-5rum-lund-centrum-lunds-kommun-stora-fiskaregatan-15f-1026186,153-187m²,bostadsratt,2026-08-10T12:02:13.207628
1335719,https://www.hemnet.se/salda/lagenhet-5rum-hollviken-vellinge-kommun-svanjaktsvagen-6c-1335719,153-187m²,bostadsratt,2026-08-10T12:02:13.207630
1445799,https://www.hemnet.se/salda/lagenhet-6rum-berga-bergavik-kalmar-kommun-brf-sidenstigen-lgh-12-1445799,153-187m²,bostadsratt,2026-08-10T12:02:13.207632
7503487076124632338,https://www.hemnet.se/salda/lagenhet-4rum-centralt-norrkopings-kommun-knappingsborgsgatan-11-7503487076124632338,153-187m²,bostadsratt,2026-08-10T12:02:13.207633
417498,https://www.hemnet.se/salda/lagenhet-7rum-alvsjo-langbro-park-stockholms-kommun-johan-skyttes-vag-366-417498,153-187m²,bostadsratt,2026-08-10T12:02:13.207635
7840198823580804006,https://www.hemnet.se/salda/lagenhet-6rum-vasastan-birkastan-stockholms-kommun-sankt-eriksgatan-73-5-6-tr-7840198823580804006,153-187m²,bostadsratt,2026-08-10T12:02:13.207636
908758,https://www.hemnet.se/salda/lagenhet-5rum-mollevangen-lunds-kommun-mollevangsvagen-16b-908758,153-187m²,bostadsratt,2026-08-10T12:02:13.207639
8957731960963709000,https://www.hemnet.se/salda/lagenhet-4rum-centralt-sandvikens-kommun-hyttgatan-16b-8957731960963709000,153-187m²,bostadsratt,2026-08-10T12:02:13.207640
5213480025627507889,https://www.hemnet.se/salda/lagenhet-6rum-ostermalm-stockholms-kommun-nybrogatan-57-5213480025627507889,153-187m²,bostadsratt,2026-08-10T12:02:13.207642
7369812353440681424,https://www.hemnet.se/salda/lagenhet-5rum-sodermalm-katarina-stockholms-kommun-asogatan-131-7369812353440681424,153-187m²,bostadsratt,2026-08-10T12:02:13.207643
463883034526455675,https://www.hemnet.se/salda/lagenhet-4rum-ostermalm-stockholms-kommun-runebergsgatan-4-463883034526455675,153-187m²,bostadsratt,2026-08-10T12:02:13.207645
331638247343646004,https://www.hemnet.se/salda/lagenhet-5rum-backalyckan-jonkopings-kommun-stadsparksgatan-4-331638247343646004,153-187m²,bostadsratt,2026-08-10T12:02:13.207646
1136855,https://www.hemnet.se/salda/lagenhet-5rum-vasastaden-goteborgs-kommun-aschebergsgatan-17-1136855,153-187m²,bostadsratt,2026-08-10T12:02:13.207647
98192,https://www.hemnet.se/salda/lagenhet-5rum-vagmastaren-karlstads-kommun-strandvagen-5-98192,153-187m²,bostadsratt,2026-08-10T12:02:13.207649
4862700056289342933,"https://www.hemnet.se/salda/lagenhet-5rum-vasastan-birkastan-stockholms-kommun-karlbergsvagen-52,-1-tr-4862700056289342933",153-187m²,bostadsratt,2026-08-10T12:02:13.207650
7827405090057234116,https://www.hemnet.se/salda/lagenhet-5rum-centrum-vanersborgs-kommun-kungsgatan-1b-7827405090057234116,153-187m²,bostadsratt,2026-08-10T12:02:13.207652
6247877665524982547,https://www.hemnet.se/salda/lagenhet-4rum-ostermalm-stockholms-kommun-valhallavagen-61-6247877665524982547,153-187m²,bostadsratt,2026-08-10T12:02:13.207653
1343675,https://www.hemnet.se/salda/lagenhet-6rum-solgard-huddinge-kommun-skoldmovagen-13-1343675,153-187m²,bostadsratt,2026-08-10T12:02:13.207654
8299464494319019307,"https://www.hemnet.se/salda/lagenhet-5rum-ostermalm-stockholms-kommun-eriksbergsgatan-1a,-5-tr-8299464494319019307",153-187m²,bostadsratt,2026-08-10T12:02:13.207656
495468,https://www.hemnet.se/salda/lagenhet-6rum-backalyckan-jonkopings-kommun-stadsparksgatan-2-495468,153-187m²,bostadsratt,2026-08-10T12:02:13.207657
7069678851727477002,https://www.hemnet.se/salda/lagenhet-5rum-norr-malarstrand-stockholms-kommun-norr-malarstrand-34-7069678851727477002,153-187m²,bostadsratt,2026-08-10T12:02:13.207659
1186699,https://www.hemnet.se/salda/lagenhet-5rum-centralt-gavle-kommun-norra-slottsgatan-16-1186699,153-187m²,bostadsratt,2026-08-10T12:02:13.207660
445996,"https://www.hemnet.se/salda/lagenhet-7rum-nasbydal-taby-kommun-nasbydalsvagen-8,-15-16-tr-445996",153-187m²,bostadsratt,2026-08-10T12:02:13.207662
413231,https://www.hemnet.se/salda/lagenhet-4rum-vastra-hamnen-malmo-kommun-sundspromenaden-1-413231,153-187m²,bostadsratt,2026-08-10T12:02:13.207663
869124,"https://www.hemnet.se/salda/lagenhet-5rum-ostermalm-lulea-kommun-rektorsgatan-36,-lgh-a43-869124",153-187m²,bostadsratt,2026-08-10T12:02:13.207664
250443,"https://www.hemnet.se/salda/lagenhet-5rum-kungsholmen-norr-malarstrand-stockholms-kommun-jakob-westinsgatan-3,-van-3-250443",153-187m²,bostadsratt,2026-08-10T12:02:13.207666
1442634,https://www.hemnet.se/salda/lagenhet-5rum-s-t-knut-malmo-kommun-s-t-knuts-torg-1a-1442634,153-187m²,bostadsratt,2026-08-10T12:02:13.207668
4285234402225778988,https://www.hemnet.se/salda/lagenhet-7rum-stuvsta-huddinge-kommun-stationsvagen-21d-4285234402225778988,153-187m²,bostadsratt,2026-08-10T12:02:13.207669
506906,"https://www.hemnet.se/salda/lagenhet-6,5rum-tagaborg-helsingborgs-kommun-karl-x-gustavs-gata-6-506906",153-187m²,bostadsratt,2026-08-10T12:02:13.207670
980836,https://www.hemnet.se/salda/lagenhet-6rum-centrum-sundsvalls-kommun-baldersvagen-14-b-980836,153-187m²,bostadsratt,2026-08-10T12:02:13.207672
4647693833962768604,"https://www.hemnet.se/salda/lagenhet-6,5rum-centralt-eslovs-kommun-kanalgatan-32b-4647693833962768604",153-187m²,bostadsratt,2026-08-10T12:02:13.207673
153682,https://www.hemnet.se/salda/lagenhet-5rum-gideonsberg-vasteras-kommun-blomstergatan-5-b-153682,153-187m²,bostadsratt,2026-08-10T12:02:13.207674
1415258135369772017,https://www.hemnet.se/salda/lagenhet-6rum-s-t-knuts-torg-malmo-kommun-hantverkaregatan-18-1415258135369772017,153-187m²,bostadsratt,2026-08-10T12:02:13.207676
386230850422761033,https://www.hemnet.se/salda/lagenhet-5rum-beijerskajen-malmo-kommun-beijerskajen-2e-a2301-386230850422761033,153-187m²,bostadsratt,2026-08-10T12:02:13.207677
8959448342122043163,https://www.hemnet.se/salda/lagenhet-5rum-gjuteriet-ystads-kommun-gjuterigatan-88-8959448342122043163,153-187m²,bostadsratt,2026-08-10T12:02:13.207679
841035,"https://www.hemnet.se/salda/lagenhet-5rum-vasastan-odenplan-stockholms-kommun-upplandsgatan-47,-1-tr-841035",153-187m²,bostadsratt,2026-08-10T12:02:13.207680
88810,https://www.hemnet.se/salda/lagenhet-5rum-norr-helsingborgs-kommun-drottninggatan-122-88810,153-187m²,bostadsratt,2026-08-10T12:02:13.207681
616944,https://www.hemnet.se/salda/lagenhet-6rum-molndal-centralt-molndals-kommun-rundbergsgatan-10-b-616944,153-187m²,bostadsratt,2026-08-10T12:02:13.207683
422234,https://www.hemnet.se/salda/lagenhet-5rum-lomma-lomma-kommun-sommargatan-29-422234,153-187m²,bostadsratt,2026-08-10T12:02:13.207684
362287,https://www.hemnet.se/salda/lagenhet-5rum-lorensberg-goteborgs-kommun-hedasgatan-14-362287,153-187m²,bostadsratt,2026-08-10T12:02:13.207685
443481,"https://www.hemnet.se/salda/lagenhet-5rum-kungsholmen-stockholms-kommun-sodra-agnegatan-31,-4-tr-443481",153-187m²,bostadsratt,2026-08-10T12:02:13.207687
232376,https://www.hemnet.se/salda/lagenhet-4rum-vasastaden-goteborgs-kommun-storgatan-41-232376,153-187m²,bostadsratt,2026-08-10T12:02:13.207688
1161931,https://www.hemnet.se/salda/lagenhet-5rum-davidshall-malmo-opera-malmo-kommun-fersens-vag-12-1161931,153-187m²,bostadsratt,2026-08-10T12:02:13.207689
1322283,https://www.hemnet.se/salda/lagenhet-6rum-centrum-uddevalla-kommun-skolgatan-8-1322283,153-187m²,bostadsratt,2026-08-10T12:02:13.207691
254143,https://www.hemnet.se/salda/lagenhet-5rum-malmen-kalmar-kommun-smalandsgatan-1a-254143,153-187m²,bostadsratt,2026-08-10T12:02:13.207692
938426,"https://www.hemnet.se/salda/lagenhet-5,5rum-vasastaden-goteborgs-kommun-gotabergsgatan-9a-938426",153-187m²,bostadsratt,2026-08-10T12:02:13.207693
2259437412879471708,https://www.hemnet.se/salda/lagenhet-6rum-centralt-linkopings-kommun-nygatan-10-2259437412879471708,153-187m²,bostadsratt,2026-08-10T12:02:13.207695
8194364595105200854,https://www.hemnet.se/salda/lagenhet-6rum-centrum-orebro-orebro-kommun-oskarsparken-13-8194364595105200854,153-187m²,bostadsratt,2026-08-10T12:02:13.207696
1036305,https://www.hemnet.se/salda/lagenhet-5rum-lomma-strand-lomma-kommun-sommargatan-29-1036305,153-187m²,bostadsratt,2026-08-10T12:02:13.207697
4416791689352908060,https://www.hemnet.se/salda/lagenhet-4rum-ostermalm-stockholms-kommun-ostermalmsgatan-83-4416791689352908060,153-187m²,bostadsratt,2026-08-10T12:02:13.207699
1172660,https://www.hemnet.se/salda/lagenhet-6rum-mjolkudden-lulea-kommun-radiomasten-185-1172660,153-187m²,bostadsratt,2026-08-10T12:02:13.207700
688004,https://www.hemnet.se/salda/lagenhet-5rum-vasastan-stockholms-kommun-surbrunnsgatan-33-688004,153-187m²,bostadsratt,2026-08-10T12:02:13.207701
1153723,https://www.hemnet.se/salda/lagenhet-6rum-ostermalm-stockholms-kommun-stureparken-7-1153723,153-187m²,bostadsratt,2026-08-10T12:02:13.207703
7232634344298181830,https://www.hemnet.se/salda/lagenhet-6rum-hogmora-huddinge-kommun-punktstigen-4-7232634344298181830,153-187m²,bostadsratt,2026-08-10T12:02:13.207704
2230524116182824696,https://www.hemnet.se/salda/lagenhet-7rum-vasastaden-goteborgs-kommun-erik-dahlbergsgatan-32-2230524116182824696,153-187m²,bostadsratt,2026-08-10T12:02:13.207705
1076774,https://www.hemnet.se/salda/lagenhet-4rum-davidshall-malmo-kommun-davidshallsgatan-27a-1076774,153-187m²,bostadsratt,2026-08-10T12:02:13.207711
506519,https://www.hemnet.se/salda/lagenhet-4rum-centralt-gavle-kommun-drottninggatan-25-506519,153-187m²,bostadsratt,2026-08-10T12:02:13.207713
4380547915206516226,https://www.hemnet.se/salda/lagenhet-6rum-trosso-karlskrona-kommun-fortifikationsgatan-11-b-4380547915206516226,153-187m²,bostadsratt,2026-08-10T12:02:13.207715
5455623486403790458,https://www.hemnet.se/salda/lagenhet-5rum-ostermalm-stockholms-kommun-vartavagen-12-5455623486403790458,153-187m²,bostadsratt,2026-08-10T12:02:13.207716
1188292,https://www.hemnet.se/salda/lagenhet-6rum-fagelbro-gronkoping-varmdo-kommun-fagelbrostigen-424-1188292,153-187m²,bostadsratt,2026-08-10T12:02:13.207718
4271908837143150756,https://www.hemnet.se/salda/lagenhet-6rum-bromma-alvik-stockholms-kommun-gustavslundsvagen-149e-4271908837143150756,153-187m²,bostadsratt,2026-08-10T12:02:13.207719
877244,https://www.hemnet.se/salda/lagenhet-4rum-hovas-goteborgs-kommun-jarkholmsvagen-34-877244,153-187m²,bostadsratt,2026-08-10T12:02:13.207720
8855980283594331772,https://www.hemnet.se/salda/lagenhet-5rum-ostermalm-stockholms-kommun-grevgatan-26-8855980283594331772,153-187m²,bostadsratt,2026-08-10T12:02:13.207722
1445297,https://www.hemnet.se/salda/lagenhet-5rum-centrum-helsingborgs-kommun-sodra-kyrkogatan-22-b-1445297,153-187m²,bostadsratt,2026-08-10T12:02:13.207723
1203739,https://www.hemnet.se/salda/lagenhet-5rum-sodermalm-stockholms-kommun-katarina-bangata-21-1203739,153-187m²,bostadsratt,2026-08-10T12:02:13.207724
539798,https://www.hemnet.se/salda/lagenhet-7rum-triangeln-malmo-kommun-torpgatan-8-539798,153-187m²,bostadsratt,2026-08-10T12:02:13.207726
721328009241297744,"https://www.hemnet.se/salda/lagenhet-5rum-kungsholmen-stockholms-kommun-drottningholmsvagen-17,-5tr-721328009241297744",153-187m²,bostadsratt,2026-08-10T12:02:13.207727
1292690,https://www.hemnet.se/salda/lagenhet-6rum-stocksund-danderyds-kommun-stockholmsvagen-52-b-1292690,153-187m²,bostadsratt,2026-08-10T12:02:13.207729
379754,https://www.hemnet.se/salda/lagenhet-4rum-hovas-goteborgs-kommun-jarkholmsvagen-34-379754,153-187m²,bostadsratt,2026-08-10T12:02:13.207730
5054129215596368208,https://www.hemnet.se/salda/lagenhet-5rum-kallhall-jarfalla-kommun-teknikvagen-67-5054129215596368208,153-187m²,bostadsratt,2026-08-10T12:02:13.207731
597312,https://www.hemnet.se/salda/lagenhet-5rum-anderstorp-skelleftea-kommun-fabodgatan-8-597312,153-187m²,bostadsratt,2026-08-10T12:02:13.207732
2378292694585404004,https://www.hemnet.se/salda/lagenhet-6rum-centrum-trollhattans-kommun-drottninggatan-21-2378292694585404004,153-187m²,bostadsratt,2026-08-10T12:02:13.207734
1063187,https://www.hemnet.se/salda/lagenhet-5rum-herrhagen-karlstads-kommun-strandvagen-34c-1063187,153-187m²,bostadsratt,2026-08-10T12:02:13.207735
1186466,"https://www.hemnet.se/salda/lagenhet-5rum-hammarby-sjostad-stockholms-kommun-sickla-kanalgata-64,-van-4-5-1186466",153-187m²,bostadsratt,2026-08-10T12:02:13.207737
3271107187114326019,https://www.hemnet.se/salda/lagenhet-5rum-lund-centrum-lunds-kommun-stora-grabrodersgatan-12-3271107187114326019,153-187m²,bostadsratt,2026-08-10T12:02:13.207738
1353490,https://www.hemnet.se/salda/lagenhet-5rum-gamla-rasunda-solna-kommun-rasundavagen-125-1353490,153-187m²,bostadsratt,2026-08-10T12:02:13.207739
7624448148665940067,https://www.hemnet.se/salda/lagenhet-6rum-stravalla-varbergs-kommun-smealyckevagen-5a-7624448148665940067,153-187m²,bostadsratt,2026-08-10T12:02:13.207741
6325029025425496200,https://www.hemnet.se/salda/lagenhet-7rum-nasbydal-taby-kommun-nasbydalsvagen-8-15-trappor-6325029025425496200,153-187m²,bostadsratt,2026-08-10T12:02:13.207742
970725,https://www.hemnet.se/salda/lagenhet-5rum-drottningtorget-malmo-kommun-bagersgatan-2-970725,153-187m²,bostadsratt,2026-08-10T12:02:13.207743
1449858,https://www.hemnet.se/salda/lagenhet-4rum-kungsholmen-stockholms-kommun-arbetargatan-33f-1449858,153-187m²,bostadsratt,2026-08-10T12:02:13.207745
3518990037999822561,"https://www.hemnet.se/salda/lagenhet-5rum-vasastan-birkastan-stockholms-kommun-tomtebogatan-38,-6tr-3518990037999822561",153-187m²,bostadsratt,2026-08-10T12:02:13.207746
7793451322999495842,"https://www.hemnet.se/salda/lagenhet-7rum-nasbydal-taby-kommun-nasbydalsvagen-4,-15-tr-7793451322999495842",153-187m²,bostadsratt,2026-08-10T12:02:13.207747
531495953511689336,"https://www.hemnet.se/salda/lagenhet-5rum-kungsholmen-stockholms-kommun-svarvargatan-7,-4-tr-531495953511689336",153-187m²,bostadsratt,2026-08-10T12:02:13.207749
207796,"https://www.hemnet.se/salda/lagenhet-4rum-ursvik-sundbybergs-kommun-forskargrand-20,-hogst-upp,-etagelagenhet-207796",153-187m²,bostadsratt,2026-08-10T12:02:13.207750
310684,"https://www.hemnet.se/salda/lagenhet-6rum-vasastaden-stockholms-kommun-norrtullsgatan-28,-4-tr-310684",153-187m²,bostadsratt,2026-08-10T12:02:13.207752
835794,"https://www.hemnet.se/salda/lagenhet-6rum-nasby-park-taby-kommun-eskadervagen-10,-vaning-9-10-835794",153-187m²,bostadsratt,2026-08-10T12:02:13.207754
3405815574354023412,https://www.hemnet.se/salda/lagenhet-6rum-nyhem-finspangs-kommun-blabarsstigen-28-3405815574354023412,153-187m²,bostadsratt,2026-08-10T12:02:13.207756
1201078,https://www.hemnet.se/salda/lagenhet-5rum-rorsjostaden-malmo-kommun-foreningsgatan-51-1201078,153-187m²,bostadsratt,2026-08-10T12:02:13.207757
242090,https://www.hemnet.se/salda/lagenhet-5rum-s-t-knut-malmo-kommun-henrik-smithsgatan-10-242090,153-187m²,bostadsratt,2026-08-10T12:02:13.207758
7490469789852343305,https://www.hemnet.se/salda/lagenhet-5rum-rorsjostaden-malmo-kommun-dobelnsgatan-1a-7490469789852343305,153-187m²,bostadsratt,2026-08-10T12:02:13.207759
938531,https://www.hemnet.se/salda/lagenhet-6rum-johanneshov-stockholms-kommun-karrtorpsvagen-34-938531,153-187m²,bostadsratt,2026-08-10T12:02:13.207761
1365375,https://www.hemnet.se/salda/lagenhet-6rum-tullinge-botkyrka-kommun-katrinebergsvagen-102b-1365375,153-187m²,bostadsratt,2026-08-10T12:02:13.207762
6588841904599831265,https://www.hemnet.se/salda/lagenhet-5rum-kallhall-jarfalla-kommun-teknikvagen-85-6588841904599831265,153-187m²,bostadsratt,2026-08-10T12:02:13.207763
1232052079458863053,https://www.hemnet.se/salda/lagenhet-5rum-ostermalm-stockholms-kommun-skeppargatan-5-1232052079458863053,153-187m²,bostadsratt,2026-08-10T12:02:13.207765
1207310,https://www.hemnet.se/salda/lagenhet-4rum-strandstaden-lomma-kommun-sommargatan-30-1207310,153-187m²,bostadsratt,2026-08-10T12:02:13.207766
282876,https://www.hemnet.se/salda/lagenhet-6rum-centralt-norrkopings-kommun-repslagaregatan-13-282876,153-187m²,bostadsratt,2026-08-10T12:02:13.207768
169613,https://www.hemnet.se/salda/lagenhet-5rum-centralt-norrkopings-kommun-kristinagatan-15-169613,153-187m²,bostadsratt,2026-08-10T12:02:13.207769
1509189,https://www.hemnet.se/salda/lagenhet-6rum-skondal-stockholms-kommun-nummer-3-1509189,153-187m²,bostadsratt,2026-08-10T12:02:13.207770
7156473395664510551,https://www.hemnet.se/salda/lagenhet-4rum-ostermalm-stockholms-kommun-grevgatan-35-7156473395664510551,153-187m²,bostadsratt,2026-08-10T12:02:13.207772
2198425897325456565,https://www.hemnet.se/salda/lagenhet-6rum-centrum-helsingborgs-kommun-sodra-strandgatan-17-2198425897325456565,153-187m²,bostadsratt,2026-08-10T12:02:13.207773
2874660813135828259,https://www.hemnet.se/salda/lagenhet-5rum-inom-vallgraven-goteborgs-kommun-drottninggatan-71-2874660813135828259,153-187m²,bostadsratt,2026-08-10T12:02:13.207774
5149629940480596249,https://www.hemnet.se/salda/lagenhet-5rum-gashaga-pirar-lidingo-kommun-trossvagen-9-5149629940480596249,153-187m²,bostadsratt,2026-08-10T12:02:13.207778
7086238557977583156,"https://www.hemnet.se/salda/lagenhet-7,5rum-soder-vasaparken-norrkopings-kommun-sodra-promenaden-114f-7086238557977583156",153-187m²,bostadsratt,2026-08-10T12:02:13.207780
2829764675172642425,https://www.hemnet.se/salda/lagenhet-6rum-kolsva-kopings-kommun-bergslagsvagen-125-c-2829764675172642425,153-187m²,bostadsratt,2026-08-10T12:02:13.207781
74181,https://www.hemnet.se/salda/lagenhet-6rum-vasastaden-linkopings-kommun-gustav-adolfsgatan-17-a-74181,153-187m²,bostadsratt,2026-08-10T12:02:13.207782
5400520290090686116,https://www.hemnet.se/salda/lagenhet-6rum-ostermalm-stockholms-kommun-karlavagen-50-5400520290090686116,153-187m²,bostadsratt,2026-08-10T12:02:13.207784
3690955789731521911,https://www.hemnet.se/salda/lagenhet-5rum-ostermalm-stockholms-kommun-karlavagen-20a-3690955789731521911,153-187m²,bostadsratt,2026-08-10T12:02:13.207785
831897,https://www.hemnet.se/salda/lagenhet-5rum-gjuteriomradet-ystads-kommun-gotgangen-66-831897,153-187m²,bostadsratt,2026-08-10T12:02:13.207787
7441557200905929631,"https://www.hemnet.se/salda/lagenhet-4,5rum-vasastan-stockholms-kommun-sveavagen-114,-4tr-7441557200905929631",153-187m²,bostadsratt,2026-08-10T12:02:13.207788
1297457,"https://www.hemnet.se/salda/lagenhet-6rum-sickla-nacka-kommun-sickla-alle-45,-4tr-etage-1297457",153-187m²,bostadsratt,2026-08-10T12:02:13.207789
909087,https://www.hemnet.se/salda/lagenhet-6rum-norrmalm-stockholms-kommun-johannesgatan-26-909087,153-187m²,bostadsratt,2026-08-10T12:02:13.207791
49681,https://www.hemnet.se/salda/lagenhet-5rum-linne-goteborgs-kommun-prinsgatan-3-49681,153-187m²,bostadsratt,2026-08-10T12:02:13.207792
7799338177535535530,https://www.hemnet.se/salda/lagenhet-5rum-ostermalm-stockholms-kommun-vartavagen-12-7799338177535535530,153-187m²,bostadsratt,2026-08-10T12:02:13.207793
1386970,https://www.hemnet.se/salda/lagenhet-5rum-oster-orebro-kommun-kasten-ottergatan-2-1386970,153-187m²,bostadsratt,2026-08-10T12:02:13.207795
1803329648706673972,https://www.hemnet.se/salda/lagenhet-6rum-norr-helsingborgs-kommun-drottninggatan-184b-1803329648706673972,153-187m²,bostadsratt,2026-08-10T12:02:13.207796
2013326207134172046,https://www.hemnet.se/salda/lagenhet-4rum-ostermalm-stockholms-kommun-styrmansgatan-5-2013326207134172046,153-187m²,bostadsratt,2026-08-10T12:02:13.207797
7308840269762761745,https://www.hemnet.se/salda/lagenhet-5rum-tingvallastaden-karlstads-kommun-malmtorgsgatan-5-7308840269762761745,153-187m²,bostadsratt,2026-08-10T12:02:13.207799
7677743233394189594,"https://www.hemnet.se/salda/lagenhet-5,5rum-norra-djurgardsstaden-stockholms-kommun-spanielgatan-11-7677743233394189594",153-187m²,bostadsratt,2026-08-10T12:02:13.207800
1317603,https://www.hemnet.se/salda/lagenhet-6rum-vagmastaren-karlstads-kommun-strandvagen-21-1317603,153-187m²,bostadsratt,2026-08-10T12:02:13.207802
586391,https://www.hemnet.se/salda/lagenhet-6rum-framre-luthagen-uppsala-kommun-vasagatan-1a-586391,153-187m²,bostadsratt,2026-08-10T12:02:13.207803
1471396,"https://www.hemnet.se/salda/lagenhet-6rum-sodermalm-stockholms-kommun-asogatan-106,-van-5-6-etage-1471396",153-187m²,bostadsratt,2026-08-10T12:02:13.207804
6157091530255966028,https://www.hemnet.se/salda/lagenhet-5rum-city-vasteras-kommun-karlsgatan-4-6157091530255966028,153-187m²,bostadsratt,2026-08-10T12:02:13.207806
1112853,"https://www.hemnet.se/salda/lagenhet-5rum-kungsholmen-stockholms-kommun-jakob-westinsgatan-3,-2-tr-1112853",153-187m²,bostadsratt,2026-08-10T12:02:13.207807
1216320,https://www.hemnet.se/salda/lagenhet-5rum-borstahusen-landskrona-kommun-erikstorpsvagen-98-1216320,153-187m²,bostadsratt,2026-08-10T12:02:13.207808
760566,https://www.hemnet.se/salda/lagenhet-5rum-lund-centrum-lunds-kommun-spolegatan-22-760566,153-187m²,bostadsratt,2026-08-10T12:02:13.207810
970796,https://www.hemnet.se/salda/lagenhet-6rum-professorsstaden-lunds-kommun-finngatan-9-970796,153-187m²,bostadsratt,2026-08-10T12:02:13.207811
642759,https://www.hemnet.se/salda/lagenhet-5rum-luthagen-uppsala-kommun-norrlandsgatan-15-b-642759,153-187m²,bostadsratt,2026-08-10T12:02:13.207812
447974,"https://www.hemnet.se/salda/lagenhet-4rum-sodermalm-katarina-stockholms-kommun-blekingegatan-40c,-2tr-447974",153-187m²,bostadsratt,2026-08-10T12:02:13.207814
5064063105477187218,https://www.hemnet.se/salda/lagenhet-6rum-stocksund-danderyds-kommun-trappvagen-4-5064063105477187218,153-187m²,bostadsratt,2026-08-10T12:02:13.207815
7137223177441280134,https://www.hemnet.se/salda/lagenhet-6rum-centrala-staden-lunds-kommun-nygatan-14a-7137223177441280134,153-187m²,bostadsratt,2026-08-10T12:02:13.207816
1145924329584956648,https://www.hemnet.se/salda/lagenhet-5rum-centralt-oster-orebro-kommun-radmansgatan-8-1145924329584956648,153-187m²,bostadsratt,2026-08-10T12:02:13.207818
588322170975203797,https://www.hemnet.se/salda/lagenhet-5rum-norra-djurgardsstaden-stockholms-kommun-husarvikstorget-16-588322170975203797,153-187m²,bostadsratt,2026-08-10T12:02:13.207819
8036994257706729409,https://www.hemnet.se/salda/lagenhet-5rum-tollare-nacka-kommun-tollareslingan-7-8036994257706729409,153-187m²,bostadsratt,2026-08-10T12:02:13.207820
5238909776923228100,https://www.hemnet.se/salda/lagenhet-6rum-sodermalm-sofia-stockholms-kommun-dalslandsgatan-5-5238909776923228100,153-187m²,bostadsratt,2026-08-10T12:02:13.207822
1333250,https://www.hemnet.se/salda/lagenhet-5rum-kungsholmen-stockholms-kommun-svarvargatan-7-1333250,153-187m²,bostadsratt,2026-08-10T12:02:13.207823
1163770,https://www.hemnet.se/salda/lagenhet-5rum-ostermalm-stockholms-kommun-wittstocksgatan-9-1163770,153-187m²,bostadsratt,2026-08-10T12:02:13.207825
83765,https://www.hemnet.se/salda/lagenhet-7rum-hammarby-sjostad-stockholms-kommun-lugnets-alle-45-83765,153-187m²,bostadsratt,2026-08-10T12:02:13.207826
1479995,"https://www.hemnet.se/salda/lagenhet-5rum-ahus-kristianstads-kommun-romrussingatan-4,-lgh-102-1479995",153-187m²,bostadsratt,2026-08-10T12:02:13.207827
5144778757542280079,https://www.hemnet.se/salda/lagenhet-5rum-lorensberg-goteborgs-kommun-hedasgatan-14a-5144778757542280079,153-187m²,bostadsratt,2026-08-10T12:02:13.207829
1014160,https://www.hemnet.se/salda/lagenhet-5rum-ostermalm-stockholms-kommun-ostermalmsgatan-76-1014160,153-187m²,bostadsratt,2026-08-10T12:02:13.207830
467412,https://www.hemnet.se/salda/lagenhet-4rum-centrala-sodertalje-sodertalje-kommun-jarnagatan-7-467412,153-187m²,bostadsratt,2026-08-10T12:02:13.207831
1115709,https://www.hemnet.se/salda/lagenhet-6rum-s-t-knut-sankt-knut-malmo-kommun-master-henriksgatan-11a-1115709,153-187m²,bostadsratt,2026-08-10T12:02:13.207833
1251633284146912626,"https://www.hemnet.se/salda/lagenhet-7rum-kungsholmen-stockholms-kommun-hantverkargatan-79b,-5tr-1251633284146912626",153-187m²,bostadsratt,2026-08-10T12:02:13.207834
3939037693766547640,"https://www.hemnet.se/salda/lagenhet-5rum-vasastan-odenplan-stockholms-kommun-karlbergsvagen-18,-2-tr-3939037693766547640",153-187m²,bostadsratt,2026-08-10T12:02:13.207836
6035547699571343525,https://www.hemnet.se/salda/lagenhet-6rum-ostermalm-stockholms-kommun-linnegatan-92-6035547699571343525,153-187m²,bostadsratt,2026-08-10T12:02:13.207837
578680,https://www.hemnet.se/salda/lagenhet-7rum-stureby-stockholms-kommun-tussmotevagen-192b-578680,153-187m²,bostadsratt,2026-08-10T12:02:13.207839
1471934,"https://www.hemnet.se/salda/lagenhet-6rum-hammarby-sjostad-stockholms-kommun-lugnets-alle-52,-pl-4-5-1471934",153-187m²,bostadsratt,2026-08-10T12:02:13.207840
364772,https://www.hemnet.se/salda/lagenhet-5rum-lorensberg-goteborgs-kommun-kungsportsavenyen-27-364772,153-187m²,bostadsratt,2026-08-10T12:02:13.207841
6028298101795744105,https://www.hemnet.se/salda/lagenhet-5rum-gamla-rasunda-solna-kommun-parkvagen-10b-6028298101795744105,153-187m²,bostadsratt,2026-08-10T12:02:13.207843
8883336564105240557,https://www.hemnet.se/salda/lagenhet-4rum-drottningtorget-malmo-kommun-drottningtorget-1-8883336564105240557,153-187m²,bostadsratt,2026-08-10T12:02:13.207844
5760988058708783676,https://www.hemnet.se/salda/lagenhet-4rum-riddersberg-jonkopings-kommun-riddersbergs-sateri-1-5760988058708783676,153-187m²,bostadsratt,2026-08-10T12:02:13.207845
3073292357893939203,"https://www.hemnet.se/salda/lagenhet-5rum-vasastan-stockholms-kommun-kungstensgatan-57,-4-tr-3073292357893939203",153-187m²,bostadsratt,2026-08-10T12:02:13.207847
1034434,"https://www.hemnet.se/salda/lagenhet-5rum-katarina-stockholms-kommun-gotgatan-35,-3-tr-1034434",153-187m²,bostadsratt,2026-08-10T12:02:13.207848
191091,https://www.hemnet.se/salda/lagenhet-5rum-ramlosa-helsingborgs-kommun-tulegatan-20e-191091,153-187m²,bostadsratt,2026-08-10T12:02:13.207849
1298530,https://www.hemnet.se/salda/lagenhet-6rum-hollviken-vellinge-kommun-rang-sandsvagen-28d-1298530,153-187m²,bostadsratt,2026-08-10T12:02:13.207851
830708,https://www.hemnet.se/salda/lagenhet-5rum-centrum-uppsala-kommun-sysslomansgatan-11b-830708,153-187m²,bostadsratt,2026-08-10T12:02:13.207852
5432193092913934442,https://www.hemnet.se/salda/lagenhet-5rum-framre-luthagen-centrum-uppsala-kommun-sysslomansgatan-11b-5432193092913934442,153-187m²,bostadsratt,2026-08-10T12:02:13.207854
1014286,https://www.hemnet.se/salda/lagenhet-6rum-runo-osterakers-kommun-runvagen-17-1014286,153-187m²,bostadsratt,2026-08-10T12:02:13.207855
320577,https://www.hemnet.se/salda/lagenhet-4rum-tagaborg-helsingborgs-kommun-karl-x-gustavs-gata-6-320577,153-187m²,bostadsratt,2026-08-10T12:02:13.207856
810095,https://www.hemnet.se/salda/lagenhet-6rum-gottsunda-uppsala-kommun-cellovagen-5-s-810095,153-187m²,bostadsratt,2026-08-10T12:02:13.207858
285667,https://www.hemnet.se/salda/lagenhet-6rum-centralt-strommen-norrkopings-kommun-kvarngatan-34-285667,153-187m²,bostadsratt,2026-08-10T12:02:13.207859
1091708,https://www.hemnet.se/salda/lagenhet-6rum-bromma-nockeby-stockholms-kommun-skaldevagen-64-1091708,153-187m²,bostadsratt,2026-08-10T12:02:13.207861
594743,https://www.hemnet.se/salda/lagenhet-5rum-gamla-vaster-malmo-kommun-slottsgatan-32-594743,153-187m²,bostadsratt,2026-08-10T12:02:13.207862
412753,https://www.hemnet.se/salda/lagenhet-3rum-drottningtorget-gamla-stan-caroli-malmo-kommun-bagersgatan-2-412753,153-187m²,bostadsratt,2026-08-10T12:02:13.207863
8733082710121980361,https://www.hemnet.se/salda/lagenhet-5rum-brynas-gavle-kommun-sodra-fiskargatan-3-8733082710121980361,153-187m²,bostadsratt,2026-08-10T12:02:13.207865
1709154384460156470,https://www.hemnet.se/salda/lagenhet-5rum-lulea-innerstaden-ostermalm-lulea-kommun-fredsgatan-2-1709154384460156470,153-187m²,bostadsratt,2026-08-10T12:02:13.207866
5300712009188441272,https://www.hemnet.se/salda/lagenhet-5rum-ofre-slotts-uppsala-kommun-ovre-slottsgatan-9b-5300712009188441272,153-187m²,bostadsratt,2026-08-10T12:02:13.207868
1239955,https://www.hemnet.se/salda/lagenhet-6rum-lillgarden-haninge-kommun-kolonilottsvagen-etapp-2-radhus-11-1239955,153-187m²,bostadsratt,2026-08-10T12:02:13.207870
1070189,https://www.hemnet.se/salda/lagenhet-5rum-ostermalm-stockholms-kommun-kommendorsgatan-32-1070189,153-187m²,bostadsratt,2026-08-10T12:02:13.207871
4696230012210689446,https://www.hemnet.se/salda/lagenhet-6rum-ostermalm-stockholms-kommun-vartavagen-6-4696230012210689446,153-187m²,bostadsratt,2026-08-10T12:02:13.207872
1350529,https://www.hemnet.se/salda/lagenhet-4rum-ostermalm-stockholms-kommun-grev-turegatan-50-1350529,153-187m²,bostadsratt,2026-08-10T12:02:13.207874
1060675,https://www.hemnet.se/salda/lagenhet-6rum-gamla-vaster-malmo-kommun-repslagaregatan-4b-1060675,153-187m²,bostadsratt,2026-08-10T12:02:13.207876
941014,https://www.hemnet.se/salda/lagenhet-7rum-stavsnas-varmdo-kommun-ida-westerbergs-vag-13-941014,153-187m²,bostadsratt,2026-08-10T12:02:13.207878
872205,https://www.hemnet.se/salda/lagenhet-5rum-langsjo-stockholms-kommun-myrvagen-25-b-872205,153-187m²,bostadsratt,2026-08-10T12:02:13.207879
841837,https://www.hemnet.se/salda/lagenhet-8rum-rorsjostaden-malmo-kommun-andreegatan-4-841837,153-187m²,bostadsratt,2026-08-10T12:02:13.207880
4421608683531486998,https://www.hemnet.se/salda/lagenhet-6rum-centrum-lunds-kommun-gronegatan-32-4421608683531486998,153-187m²,bostadsratt,2026-08-10T12:02:13.207882
940837,https://www.hemnet.se/salda/lagenhet-6rum-nordantill-norrkopings-kommun-plankgatan-50-940837,153-187m²,bostadsratt,2026-08-10T12:02:13.207883
239779,"https://www.hemnet.se/salda/lagenhet-5rum-sodermalm-katarina-stockholms-kommun-gotgatan-35,-3-tr-239779",153-187m²,bostadsratt,2026-08-10T12:02:13.207886
832120,"https://www.hemnet.se/salda/lagenhet-4,5rum-centralt-sandvikens-kommun-odengatan-31-a-832120",153-187m²,bostadsratt,2026-08-10T12:02:13.207887
766450,https://www.hemnet.se/salda/lagenhet-5rum-vastra-hamnen-malmo-kommun-barometergatan-4-766450,153-187m²,bostadsratt,2026-08-10T12:02:13.207889
2950788268832333249,https://www.hemnet.se/salda/lagenhet-5rum-vasastaden-goteborgs-kommun-aschebergsgatan-41a-2950788268832333249,153-187m²,bostadsratt,2026-08-10T12:02:13.207890
268906,"https://www.hemnet.se/salda/lagenhet-6rum-vasastan-stockholms-kommun-dobelnsgatan-67a,-5tr-268906",153-187m²,bostadsratt,2026-08-10T12:02:13.207892
7498069583975066180,https://www.hemnet.se/salda/lagenhet-5rum-vasastan-odenplan-stockholms-kommun-karlbergsvagen-30-7498069583975066180,153-187m²,bostadsratt,2026-08-10T12:02:13.207893
1350650,https://www.hemnet.se/salda/lagenhet-4rum-skar-goteborgs-kommun-sankt-sigfridsgatan-83b-1350650,153-187m²,bostadsratt,2026-08-10T12:02:13.207895
311301,https://www.hemnet.se/salda/lagenhet-5rum-lorensberg-goteborgs-kommun-sodra-vagen-6-311301,153-187m²,bostadsratt,2026-08-10T12:02:13.207896
3060821488576377348,https://www.hemnet.se/salda/lagenhet-6rum-skytteholm-solna-kommun-framnasbacken-1-3060821488576377348,153-187m²,bostadsratt,2026-08-10T12:02:13.207897
1461511,https://www.hemnet.se/salda/lagenhet-6rum-sodermalm-katarina-stockholms-kommun-katarina-vastra-kyrkogata-8-1461511,153-187m²,bostadsratt,2026-08-10T12:02:13.207899
6955908156073199530,"https://www.hemnet.se/salda/lagenhet-5rum-vasastan-stockholms-kommun-odengatan-26,-5-tr-6955908156073199530",153-187m²,bostadsratt,2026-08-10T12:02:13.207900
248435,https://www.hemnet.se/salda/lagenhet-6rum-vastra-hamnen-malmo-kommun-flojelgatan-7-248435,153-187m²,bostadsratt,2026-08-10T12:02:13.207901
1462501,https://www.hemnet.se/salda/lagenhet-4rum-nacka-saltsjoqvarn-nacka-kommun-mannagrynstorget-2-1462501,153-187m²,bostadsratt,2026-08-10T12:02:13.207903
423699,https://www.hemnet.se/salda/lagenhet-5rum-centrum-koping-kopings-kommun-barnhemsgatan-9a-423699,153-187m²,bostadsratt,2026-08-10T12:02:13.207905
3293306953215843575,https://www.hemnet.se/salda/lagenhet-6rum-city-malmo-kommun-sodra-promenaden-25a-3293306953215843575,153-187m²,bostadsratt,2026-08-10T12:02:13.207906
5996341067578590478,https://www.hemnet.se/salda/lagenhet-5rum-norr-drottninggatan-helsingborgs-kommun-drottninggatan-31-5996341067578590478,153-187m²,bostadsratt,2026-08-10T12:02:13.207907
1467232,https://www.hemnet.se/salda/lagenhet-5rum-ostermalm-stockholms-kommun-linnegatan-102-1467232,153-187m²,bostadsratt,2026-08-10T12:02:13.207909
467596,https://www.hemnet.se/salda/lagenhet-6rum-solgard-huddinge-kommun-hedenhosvagen-27-467596,153-187m²,bostadsratt,2026-08-10T12:02:13.207910
594493881606208009,https://www.hemnet.se/salda/lagenhet-4rum-gamla-vaster-malmo-kommun-vastergatan-40-594493881606208009,153-187m²,bostadsratt,2026-08-10T12:02:13.207912
1978724683085488940,https://www.hemnet.se/salda/lagenhet-6rum-munka-ljungby-angelholms-kommun-vaxthusvagen-10-1978724683085488940,153-187m²,bostadsratt,2026-08-10T12:02:13.207913
721187,https://www.hemnet.se/salda/lagenhet-5rum-centralt-djakneberget-vasteras-kommun-lidmansvagen-7-721187,153-187m²,bostadsratt,2026-08-10T12:02:13.207915
931692135996586453,https://www.hemnet.se/salda/lagenhet-5rum-rydeback-helsingborgs-kommun-alnogatan-62-931692135996586453,153-187m²,bostadsratt,2026-08-10T12:02:13.207916
6069169685838405868,https://www.hemnet.se/salda/lagenhet-5rum-sundsvall-sundsvalls-kommun-baldersvagen-16b-6069169685838405868,153-187m²,bostadsratt,2026-08-10T12:02:13.207918
4535097660416288013,https://www.hemnet.se/salda/lagenhet-6rum-orgryte-jakobsdal-goteborgs-kommun-paskbergsgatan-9-4535097660416288013,153-187m²,bostadsratt,2026-08-10T12:02:13.207919
3693304195792568770,https://www.hemnet.se/salda/lagenhet-5rum-ostermalm-stockholms-kommun-kommendorsgatan-8c-3693304195792568770,153-187m²,bostadsratt,2026-08-10T12:02:13.207921
8049640204014141138,https://www.hemnet.se/salda/lagenhet-5rum-city-malmo-kommun-stora-nygatan-27b-8049640204014141138,153-187m²,bostadsratt,2026-08-10T12:02:13.207922
1073565,"https://www.hemnet.se/salda/lagenhet-6rum-kungsholmen-stockholms-kommun-bergsgatan-16,-2-tr-1073565",153-187m²,bostadsratt,2026-08-10T12:02:13.207924
3253036851624770979,"https://www.hemnet.se/salda/lagenhet-5rum-vaxholm-vaxholms-kommun-treuddsvagen-18,-van-4-5-3253036851624770979",153-187m²,bostadsratt,2026-08-10T12:02:13.207925
1349524,https://www.hemnet.se/salda/lagenhet-5rum-vemdalsskalet-vargen-harjedalens-kommun-solvargsvagen-7-1349524,153-187m²,bostadsratt,2026-08-10T12:02:13.207927
788001,https://www.hemnet.se/salda/lagenhet-5rum-huvudsta-solna-kommun-slaggbacken-2-788001,153-187m²,bostadsratt,2026-08-10T12:02:13.207928
125053,https://www.hemnet.se/salda/lagenhet-7rum-luthagen-uppsala-kommun-gotgatan-11-125053,153-187m²,bostadsratt,2026-08-10T12:02:13.207930
1383433,https://www.hemnet.se/salda/lagenhet-5rum-kalltorp-goteborgs-kommun-spelmansplatsen-6-1383433,153-187m²,bostadsratt,2026-08-10T12:02:13.207931
1337999,"https://www.hemnet.se/salda/lagenhet-6rum-vasastan-birkastan-stockholms-kommun-rorstrandsgatan-8,-5tr-1337999",153-187m²,bostadsratt,2026-08-10T12:02:13.207933
481724,"https://www.hemnet.se/salda/lagenhet-5rum-kungsholmen-stockholms-kommun-sysslomansgatan-20,-9-tr-481724",153-187m²,bostadsratt,2026-08-10T12:02:13.207934
352555252297079417,https://www.hemnet.se/salda/lagenhet-6rum-hogmora-huddinge-kommun-matvagen-7b-352555252297079417,153-187m²,bostadsratt,2026-08-10T12:02:13.207935
8312404119033021848,https://www.hemnet.se/salda/lagenhet-6rum-ostermalm-stockholms-kommun-vartavagen-16-8312404119033021848,153-187m²,bostadsratt,2026-08-10T12:02:13.207937
544121,"https://www.hemnet.se/salda/lagenhet-5,5rum-framre-luthagen-uppsala-kommun-borjegatan-3-b,1-tr-544121",153-187m²,bostadsratt,2026-08-10T12:02:13.207938
9040651080967940056,"https://www.hemnet.se/salda/lagenhet-6,5rum-rorsjoparken-malmo-kommun-ostra-forstadsgatan-35b-9040651080967940056",153-187m²,bostadsratt,2026-08-10T12:02:13.207940
525797,https://www.hemnet.se/salda/lagenhet-8rum-centralt-vasteras-kommun-kopparbergsvagen-14-525797,153-187m²,bostadsratt,2026-08-10T12:02:13.207941
5322772012709036202,"https://www.hemnet.se/salda/lagenhet-6rum-vasastan-odenplan-stockholms-kommun-norrtullsgatan-29,-2tr-5322772012709036202",153-187m²,bostadsratt,2026-08-10T12:02:13.207942
6648394966472164094,"https://www.hemnet.se/salda/lagenhet-6rum-sodermalm-stockholms-kommun-gotgatan-79,-6tr-6648394966472164094",153-187m²,bostadsratt,2026-08-10T12:02:13.207944
1858235123415694685,https://www.hemnet.se/salda/lagenhet-5rum-centrum-uppsala-kommun-kungsgatan-37b-1858235123415694685,153-187m²,bostadsratt,2026-08-10T12:02:13.207946
1092948,https://www.hemnet.se/salda/lagenhet-5rum-anderstorp-skelleftea-kommun-fabodgatan-60-1092948,153-187m²,bostadsratt,2026-08-10T12:02:13.207947
1855923752937416926,https://www.hemnet.se/salda/lagenhet-5rum-vastermalm-vasteras-kommun-norra-floragatan-33-1855923752937416926,153-187m²,bostadsratt,2026-08-10T12:02:13.207949
679392,https://www.hemnet.se/salda/lagenhet-5rum-olympia-helsingborgs-kommun-ostra-vallgatan-20-679392,153-187m²,bostadsratt,2026-08-10T12:02:13.207950
397075,"https://www.hemnet.se/salda/lagenhet-4,5rum-kungsholmen-stockholms-kommun-p-o-hallmans-gata-13-kungsholmsstrand,-8-tr-397075",153-187m²,bostadsratt,2026-08-10T12:02:13.207952
3498213217979226381,https://www.hemnet.se/salda/lagenhet-6rum-ostermalm-norrmalm-city-stockholms-kommun-adolf-fredriks-kyrkogata-3-3498213217979226381,153-187m²,bostadsratt,2026-08-10T12:02:13.207953
1166904,https://www.hemnet.se/salda/lagenhet-6rum-norrmalm-sundsvalls-kommun-baldersvagen-16-b-1166904,153-187m²,bostadsratt,2026-08-10T12:02:13.207955
1150683906298783307,https://www.hemnet.se/salda/lagenhet-5rum-vasastan-stockholms-kommun-tre-liljor-3-1150683906298783307,153-187m²,bostadsratt,2026-08-10T12:02:13.207956
1070850,https://www.hemnet.se/salda/lagenhet-6rum-vasastaden-goteborgs-kommun-molinsgatan-5-1070850,153-187m²,bostadsratt,2026-08-10T12:02:13.207957
963078,https://www.hemnet.se/salda/lagenhet-7rum-centrum-lunds-kommun-gyllenkroks-alle-21-963078,153-187m²,bostadsratt,2026-08-10T12:02:13.207959
470483,"https://www.hemnet.se/salda/lagenhet-4,5rum-kungshojd-inom-vallgraven-goteborgs-kommun-kungshojdsgatan-11-b-470483",153-187m²,bostadsratt,2026-08-10T12:02:13.207960
2682976352729287496,https://www.hemnet.se/salda/lagenhet-6rum-centrala-nacka-nacka-kommun-stadshusplatsen-2-2682976352729287496,153-187m²,bostadsratt,2026-08-10T12:02:13.207962
4297929488448452417,https://www.hemnet.se/salda/lagenhet-5rum-linnestaden-goteborgs-kommun-olivedalsgatan-19-4297929488448452417,153-187m²,bostadsratt,2026-08-10T12:02:13.207963
4454197286489377625,https://www.hemnet.se/salda/lagenhet-4rum-veberod-lunds-kommun-siamesgatan-27-4454197286489377625,153-187m²,bostadsratt,2026-08-10T12:02:13.207964
1275030,https://www.hemnet.se/salda/lagenhet-6rum-ostermalm-stockholms-kommun-riddargatan-45-1275030,153-187m²,bostadsratt,2026-08-10T12:02:13.207966
6595445730544215864,"https://www.hemnet.se/salda/lagenhet-5rum-sofo-stockholms-kommun-bondegatan-64,-vindsvaning-6595445730544215864",153-187m²,bostadsratt,2026-08-10T12:02:13.207967
1724293383481200428,https://www.hemnet.se/salda/lagenhet-5rum-sodermalm-katarina-stockholms-kommun-nytorgsgatan-21b-1724293383481200428,153-187m²,bostadsratt,2026-08-10T12:02:13.207969
3926173500535287203,"https://www.hemnet.se/salda/lagenhet-5rum-vasastan-stockholms-kommun-karlbergsvagen-43b,-2tr-3926173500535287203",153-187m²,bostadsratt,2026-08-10T12:02:13.207970
992567,https://www.hemnet.se/salda/lagenhet-5rum-ostermalm-stockholms-kommun-grevgatan-11-992567,153-187m²,bostadsratt,2026-08-10T12:02:13.207971
538031,"https://www.hemnet.se/salda/lagenhet-4,5rum-birkastan-vasastan-stockholms-kommun-sankt-eriksplan-10-rorstrandsgatan-2,-4tr-538031",153-187m²,bostadsratt,2026-08-10T12:02:13.207973
7563898552892939811,https://www.hemnet.se/salda/lagenhet-7rum-maria-park-helsingborgs-kommun-carl-westmans-alle-6e-7563898552892939811,153-187m²,bostadsratt,2026-08-10T12:02:13.207975
1091672,https://www.hemnet.se/salda/lagenhet-6rum-bromma-stora-mossen-stockholms-kommun-enhorningsgrand-10-1091672,153-187m²,bostadsratt,2026-08-10T12:02:13.207976
358924,https://www.hemnet.se/salda/lagenhet-4rum-huskvarna-jonkopings-kommun-villagatan-7-358924,153-187m²,bostadsratt,2026-08-10T12:02:13.207977
290191,https://www.hemnet.se/salda/lagenhet-5rum-backalyckan-jonkopings-kommun-solstickegatan-33-290191,153-187m²,bostadsratt,2026-08-10T12:02:13.207979
1345592,https://www.hemnet.se/salda/lagenhet-6rum-city-helsingborgs-kommun-kungsgatan-8-1345592,153-187m²,bostadsratt,2026-08-10T12:02:13.207980
898869,https://www.hemnet.se/salda/lagenhet-6rum-kungsholmen-marieberg-stockholms-kommun-wivalliusgatan-14-898869,153-187m²,bostadsratt,2026-08-10T12:02:13.207982
779881,https://www.hemnet.se/salda/lagenhet-5rum-linnestaden-goteborg-goteborgs-kommun-linnegatan-3-779881,153-187m²,bostadsratt,2026-08-10T12:02:13.207983
8891391040654100365,https://www.hemnet.se/salda/lagenhet-5rum-centralt-vasastaden-linkopings-kommun-vasavagen-14-8891391040654100365,153-187m²,bostadsratt,2026-08-10T12:02:13.207984
4730594437321415267,https://www.hemnet.se/salda/lagenhet-5rum-orgryte-goteborgs-kommun-birkagatan-22b-4730594437321415267,153-187m²,bostadsratt,2026-08-10T12:02:13.207986
900294,"https://www.hemnet.se/salda/lagenhet-4,5rum-vasastaden-goteborgs-kommun-viktoriagatan-15-a-900294",153-187m²,bostadsratt,2026-08-10T12:02:13.207987
168653,https://www.hemnet.se/salda/lagenhet-5rum-lillaudden-vasteras-kommun-fyrtornsgatan-2-168653,153-187m²,bostadsratt,2026-08-10T12:02:13.207989
1477084,"https://www.hemnet.se/salda/lagenhet-5rum-ahus-kristianstads-kommun-romrussingatan-14,-lgh-107-1477084",153-187m²,bostadsratt,2026-08-10T12:02:13.207990
6362204210921349741,https://www.hemnet.se/salda/lagenhet-7rum-soderhamn-soderhamns-kommun-tvarsjovagen-2-6362204210921349741,153-187m²,bostadsratt,2026-08-10T12:02:13.207991
287414577879066796,https://www.hemnet.se/salda/lagenhet-5rum-centrum-halmstads-kommun-karlsbergsvagen-2b-287414577879066796,153-187m²,bostadsratt,2026-08-10T12:02:13.207993
7133359618545928487,https://www.hemnet.se/salda/lagenhet-170m2-kallhall-jarfalla-kommun-skarprattarvagen-1b-7133359618545928487,153-187m²,bostadsratt,2026-08-10T12:02:13.207994
4538699775798182558,"https://www.hemnet.se/salda/lagenhet-4,5rum-vasastaden-goteborgs-kommun-aschebergsgatan-39-4538699775798182558",153-187m²,bostadsratt,2026-08-10T12:02:13.207995
1478117,https://www.hemnet.se/salda/lagenhet-5rum-ostermalm-stockholms-kommun-odengatan-15-sald-1478117,153-187m²,bostadsratt,2026-08-10T12:02:13.207997
1063831,"https://www.hemnet.se/salda/lagenhet-4rum-centralt-ystads-kommun-fridhemsgatan-36-b,-lg-36b-1502-1063831",153-187m²,bostadsratt,2026-08-10T12:02:13.207998
1781916357688492225,https://www.hemnet.se/salda/lagenhet-5rum-ostermalm-vasastan-stockholms-kommun-frejgatan-15-1781916357688492225,153-187m²,bostadsratt,2026-08-10T12:02:13.208000
1341255,https://www.hemnet.se/salda/lagenhet-5rum-borstahusen-landskrona-kommun-strandvagen-17-1341255,153-187m²,bostadsratt,2026-08-10T12:02:13.208001
737357,https://www.hemnet.se/salda/lagenhet-8rum-hersby-lidingo-kommun-atlasvagen-11-ostra-norevagen-2-737357,153-187m²,bostadsratt,2026-08-10T12:02:13.208002
3856791175956310136,https://www.hemnet.se/salda/lagenhet-6rum-tullinge-ulfsbergsgarden-botkyrka-kommun-ulvsbergsvagen-13e-3856791175956310136,153-187m²,bostadsratt,2026-08-10T12:02:13.208004
8025709086808324743,https://www.hemnet.se/salda/lagenhet-7rum-myrangen-huddinge-kommun-bjornspinnarvagen-145-8025709086808324743,153-187m²,bostadsratt,2026-08-10T12:02:13.208005
646814,"https://www.hemnet.se/salda/lagenhet-6rum-osterakers-kommun-runvagen-29,-lgh-35-646814",153-187m²,bostadsratt,2026-08-10T12:02:13.208007
1449860,https://www.hemnet.se/salda/lagenhet-5rum-ostermalm-stockholms-kommun-styrmansgatan-52-1449860,153-187m²,bostadsratt,2026-08-10T12:02:13.208008
1378055,https://www.hemnet.se/salda/lagenhet-4rum-jonkoping-jonkopings-kommun-huskvarnavagen-5-1378055,153-187m²,bostadsratt,2026-08-10T12:02:13.208009
9169184324677374233,https://www.hemnet.se/salda/lagenhet-4rum-jarfalla-jarfalla-kommun-teknikvagen-61-9169184324677374233,153-187m²,bostadsratt,2026-08-10T12:02:13.208011
624215786945705065,https://www.hemnet.se/salda/lagenhet-7rum-ovre-slotts-uppsala-kommun-ovre-slottsgatan-10-624215786945705065,153-187m²,bostadsratt,2026-08-10T12:02:13.208012
7334886720287405424,https://www.hemnet.se/salda/lagenhet-6rum-centrum-ostermalm-vasteras-kommun-utanbygatan-6f-7334886720287405424,153-187m²,bostadsratt,2026-08-10T12:02:13.208013
1210537,https://www.hemnet.se/salda/lagenhet-6rum-bromma-smedslatten-stockholms-kommun-nyangsvagen-27-1210537,153-187m²,bostadsratt,2026-08-10T12:02:13.208027
1448785,https://www.hemnet.se/salda/lagenhet-5rum-centrum-lulea-kommun-sandviksgatan-77d-1448785,153-187m²,bostadsratt,2026-08-10T12:02:13.208028
354178,https://www.hemnet.se/salda/lagenhet-5rum-centralt-kalmar-kommun-linnegatan-14-a-354178,153-187m²,bostadsratt,2026-08-10T12:02:13.208030
111798,"https://www.hemnet.se/salda/lagenhet-5,5rum-katarina-stockholms-kommun-ringvagen-83,-4-tr-111798",153-187m²,bostadsratt,2026-08-10T12:02:13.208031
1386790,https://www.hemnet.se/salda/lagenhet-5rum-centrum-ostermalm-kristianstads-kommun-kanalgatan-28-1386790,153-187m²,bostadsratt,2026-08-10T12:02:13.208032
4774401370293096064,https://www.hemnet.se/salda/lagenhet-4rum-centrum-nyhamn-landskrona-kommun-parkgatan-8e-4774401370293096064,153-187m²,bostadsratt,2026-08-10T12:02:13.208034
5464860954404377040,https://www.hemnet.se/salda/lagenhet-5rum-norra-nynashamn-nynashamns-kommun-torggatan-8d-5464860954404377040,153-187m²,bostadsratt,2026-08-10T12:02:13.208035
648414825743694910,"https://www.hemnet.se/salda/lagenhet-5rum-vasastan-stockholms-kommun-karlbergsvagen-54,-6tr-648414825743694910",153-187m²,bostadsratt,2026-08-10T12:02:13.208037
1187532,https://www.hemnet.se/salda/lagenhet-5rum-solna-gamla-rasunda-solna-kommun-ekstigen-12b-1187532,153-187m²,bostadsratt,2026-08-10T12:02:13.208038
1035745609932641547,https://www.hemnet.se/salda/lagenhet-6rum-gjuteriet-ystads-kommun-gjuterigatan-58-1035745609932641547,153-187m²,bostadsratt,2026-08-10T12:02:13.208039
4033008620903772610,https://www.hemnet.se/salda/lagenhet-5rum-ostermalm-stockholms-kommun-brahegatan-39-4033008620903772610,153-187m²,bostadsratt,2026-08-10T12:02:13.208041
602289,https://www.hemnet.se/salda/lagenhet-5rum-ofre-slotts-fjardingen-uppsala-kommun-skolgatan-13-602289,153-187m²,bostadsratt,2026-08-10T12:02:13.208042
218113,https://www.hemnet.se/salda/lagenhet-5rum-klara-karlstads-kommun-hybelejens-gata-4-218113,153-187m²,bostadsratt,2026-08-10T12:02:13.208044
1041035,https://www.hemnet.se/salda/lagenhet-6rum-gjuteriet-ystads-kommun-gjuterigatan-82-1041035,153-187m²,bostadsratt,2026-08-10T12:02:13.208045
581195842097209548,https://www.hemnet.se/salda/lagenhet-7rum-centrala-gallivare-gallivare-kommun-postgatan-5c-581195842097209548,153-187m²,bostadsratt,2026-08-10T12:02:13.208047
1204337,"https://www.hemnet.se/salda/lagenhet-5rum-ostermalm-stockholms-kommun-ostermalmsgatan-46,-2tr-1204337",153-187m²,bostadsratt,2026-08-10T12:02:13.208048
603664,https://www.hemnet.se/salda/lagenhet-5rum-jonkoping-oster-jonkopings-kommun-bolagsgrand-1-603664,153-187m²,bostadsratt,2026-08-10T12:02:13.208049
7563583233139515613,https://www.hemnet.se/salda/lagenhet-5rum-vasastan-stockholms-kommun-vegagatan-10-7563583233139515613,153-187m²,bostadsratt,2026-08-10T12:02:13.208051
3323856650368918190,https://www.hemnet.se/salda/lagenhet-7rum-orbyhus-tierps-kommun-tibyvagen-1a-3323856650368918190,153-187m²,bostadsratt,2026-08-10T12:02:13.208052
682744,https://www.hemnet.se/salda/lagenhet-4rum-tingvallastaden-karlstads-kommun-vastra-kanalgatan-1-682744,153-187m²,bostadsratt,2026-08-10T12:02:13.208054
1120854,"https://www.hemnet.se/salda/lagenhet-7rum-bergsatra-lidingo-kommun-gavelvagen-5,-tr-1120854",153-187m²,bostadsratt,2026-08-10T12:02:13.208055
6348267852201806367,https://www.hemnet.se/salda/lagenhet-4rum-gavle-centrum-gavle-kommun-byggmastargatan-5-6348267852201806367,153-187m²,bostadsratt,2026-08-10T12:02:13.208057
619975,"https://www.hemnet.se/salda/lagenhet-6rum-kungsholmen-stockholms-kommun-hantverkargatan-18,-5-tr-619975",153-187m²,bostadsratt,2026-08-10T12:02:13.208058
6961160758805973631,https://www.hemnet.se/salda/lagenhet-4rum-drottningtorget-malmo-kommun-drottningtorget-1-6961160758805973631,153-187m²,bostadsratt,2026-08-10T12:02:13.208060
278762,https://www.hemnet.se/salda/lagenhet-6rum-framre-luthagen-uppsala-kommun-skolgatan-21-278762,153-187m²,bostadsratt,2026-08-10T12:02:13.208061
488949,https://www.hemnet.se/salda/lagenhet-6rum-slottsstaden-malmo-kommun-regementsgatan-60-488949,153-187m²,bostadsratt,2026-08-10T12:02:13.208062
3173217577436112650,https://www.hemnet.se/salda/lagenhet-7rum-centrala-sodertalje-sodertalje-kommun-karlslundsgatan-15-3173217577436112650,153-187m²,bostadsratt,2026-08-10T12:02:13.208064
460250,https://www.hemnet.se/salda/lagenhet-5rum-ostermalm-vasastan-stockholms-kommun-radmansgatan-23-25-lgh-1-460250,153-187m²,bostadsratt,2026-08-10T12:02:13.208065
582714,https://www.hemnet.se/salda/lagenhet-4rum-kalkbrottet-malmo-kommun-kalkstensvagen-5-582714,153-187m²,bostadsratt,2026-08-10T12:02:13.208066
442902549971230457,https://www.hemnet.se/salda/lagenhet-7rum-herrgardet-vasteras-kommun-utanbygatan-6j-442902549971230457,153-187m²,bostadsratt,2026-08-10T12:02:13.208068
682099,https://www.hemnet.se/salda/lagenhet-5rum-ostermalm-karlaplan-stockholms-kommun-karlavagen-70-682099,153-187m²,bostadsratt,2026-08-10T12:02:13.208069
604852,https://www.hemnet.se/salda/lagenhet-4rum-grondal-stockholms-kommun-sjobjornsvagen-16a-ormbergsvagen-1-604852,153-187m²,bostadsratt,2026-08-10T12:02:13.208071
6348062837402648114,https://www.hemnet.se/salda/lagenhet-5rum-linne-goteborgs-kommun-prinsgatan-3-6348062837402648114,153-187m²,bostadsratt,2026-08-10T12:02:13.208072
831523,https://www.hemnet.se/salda/lagenhet-6rum-slottsstaden-malmo-kommun-regementsgatan-62-831523,153-187m²,bostadsratt,2026-08-10T12:02:13.208073
2766831360581089770,https://www.hemnet.se/salda/lagenhet-5rum-ostermalm-stockholms-kommun-karlavagen-68-2766831360581089770,153-187m²,bostadsratt,2026-08-10T12:02:13.208074
1076797,https://www.hemnet.se/salda/lagenhet-4rum-vasastan-stockholms-kommun-torsgatan-54-1076797,153-187m²,bostadsratt,2026-08-10T12:02:13.208076
827479,https://www.hemnet.se/salda/lagenhet-5rum-langholmen-stockholms-kommun-malarvarvsbacken-18-827479,153-187m²,bostadsratt,2026-08-10T12:02:13.208077
749525,https://www.hemnet.se/salda/lagenhet-6rum-nykvarn-vidbynas-nykvarns-kommun-vidbynaspark-hus-8-749525,153-187m²,bostadsratt,2026-08-10T12:02:13.208079
4993381408148759548,"https://www.hemnet.se/salda/lagenhet-6rum-vasastan-stockholms-kommun-frejgatan-38,-4-tr-4993381408148759548",153-187m²,bostadsratt,2026-08-10T12:02:13.208080
1482045,https://www.hemnet.se/salda/lagenhet-5rum-lund-centrum-lunds-kommun-stora-fiskaregatan-15f-1482045,153-187m²,bostadsratt,2026-08-10T12:02:13.208081
660220,https://www.hemnet.se/salda/lagenhet-6rum-centralt-vasteras-kommun-karlsgatan-11a-660220,153-187m²,bostadsratt,2026-08-10T12:02:13.208083
7474534319346248501,"https://www.hemnet.se/salda/lagenhet-6rum-triangeln-radmansvangen-malmo-kommun-kapellgatan-8,-21421-malmo-7474534319346248501",153-187m²,bostadsratt,2026-08-10T12:02:13.208084
3413902167206523479,https://www.hemnet.se/salda/lagenhet-6rum-ostermalm-stockholms-kommun-artillerigatan-48-3413902167206523479,153-187m²,bostadsratt,2026-08-10T12:02:13.208085
9207804962105420093,https://www.hemnet.se/salda/lagenhet-5rum-vasastan-stockholms-kommun-kungstensgatan-62-9207804962105420093,153-187m²,bostadsratt,2026-08-10T12:02:13.208087
1260341,https://www.hemnet.se/salda/lagenhet-5rum-ostermalm-stockholms-kommun-vartavagen-16-1260341,153-187m²,bostadsratt,2026-08-10T12:02:13.208088
167937,https://www.hemnet.se/salda/lagenhet-6rum-centrala-sundbyberg-sundbybergs-kommun-rosengatan-8-167937,153-187m²,bostadsratt,2026-08-10T12:02:13.208089
808109,https://www.hemnet.se/salda/lagenhet-5rum-ostermalm-stockholms-kommun-floragatan-10-808109,153-187m²,bostadsratt,2026-08-10T12:02:13.208091
2593070454569839168,https://www.hemnet.se/salda/lagenhet-6rum-ostermalm-stockholms-kommun-valhallavagen-78-2593070454569839168,153-187m²,bostadsratt,2026-08-10T12:02:13.208092
1464955,https://www.hemnet.se/salda/lagenhet-5rum-centrum-boras-kommun-sven-eriksonsgatan-14a-1464955,153-187m²,bostadsratt,2026-08-10T12:02:13.208094
4943303031275789448,https://www.hemnet.se/salda/lagenhet-6rum-sodermalm-stockholms-kommun-helgalunden-3-4943303031275789448,153-187m²,bostadsratt,2026-08-10T12:02:13.208095
6645392657454190977,https://www.hemnet.se/salda/lagenhet-5rum-hammarby-sjostad-stockholms-kommun-lugnets-alle-57-6645392657454190977,153-187m²,bostadsratt,2026-08-10T12:02:13.208096
2234208229429615490,https://www.hemnet.se/salda/lagenhet-5rum-kallhall-jarfalla-kommun-teknikvagen-45-2234208229429615490,153-187m²,bostadsratt,2026-08-10T12:02:13.208098
6807055023556058671,https://www.hemnet.se/salda/lagenhet-5rum-ostermalm-stockholms-kommun-sturegatan-44-a-6807055023556058671,153-187m²,bostadsratt,2026-08-10T12:02:13.208099
1381827,https://www.hemnet.se/salda/lagenhet-6rum-centralt-knivsta-kommun-margaretavagen-47-a-1381827,153-187m²,bostadsratt,2026-08-10T12:02:13.208100
614415586749610115,"https://www.hemnet.se/salda/lagenhet-6rum-nasby-park-taby-kommun-eskadervagen-26,-vaning-8-och-9-hogst-upp-614415586749610115",153-187m²,bostadsratt,2026-08-10T12:02:13.208102
476777,https://www.hemnet.se/salda/lagenhet-6rum-vasastan-stockholms-kommun-surbrunnsgatan-55-476777,153-187m²,bostadsratt,2026-08-10T12:02:13.208103
1163448,https://www.hemnet.se/salda/lagenhet-5rum-ostermalm-stockholms-kommun-karlavagen-70-1163448,153-187m²,bostadsratt,2026-08-10T12:02:13.208105
7810441580365251047,https://www.hemnet.se/salda/lagenhet-5rum-gardet-stockholms-kommun-smedsbacksgatan-11-7810441580365251047,153-187m²,bostadsratt,2026-08-10T12:02:13.208106
3402215168605204412,https://www.hemnet.se/salda/lagenhet-5rum-sodermalm-stockholms-kommun-nytorgsgatan-21-b-3402215168605204412,153-187m²,bostadsratt,2026-08-10T12:02:13.208107
1261301,https://www.hemnet.se/salda/lagenhet-5rum-ostermalm-stockholms-kommun-karlavagen-7-1261301,153-187m²,bostadsratt,2026-08-10T12:02:13.208108
577904,https://www.hemnet.se/salda/lagenhet-4rum-sodermalm-katarina-stockholms-kommun-blekingegatan-40-577904,153-187m²,bostadsratt,2026-08-10T12:02:13.208110
447597,https://www.hemnet.se/salda/lagenhet-5rum-ostermalm-stockholms-kommun-stureparken-2-447597,153-187m²,bostadsratt,2026-08-10T12:02:13.208111
1314937,https://www.hemnet.se/salda/lagenhet-6rum-norby-uppsala-kommun-tryffelvagen-1m-1314937,153-187m²,bostadsratt,2026-08-10T12:02:13.208113
8924641686702208048,https://www.hemnet.se/salda/lagenhet-3rum-lorensberg-goteborgs-kommun-kungsportsavenyen-20-8924641686702208048,153-187m²,bostadsratt,2026-08-10T12:02:13.208115
903767,"https://www.hemnet.se/salda/lagenhet-5rum-stockholm-stockholms-kommun-kammakargatan-6-b,-4-tr-903767",153-187m²,bostadsratt,2026-08-10T12:02:13.208116
436067,https://www.hemnet.se/salda/lagenhet-5rum-anderstorp-skelleftea-kommun-fabodgatan-46-436067,153-187m²,bostadsratt,2026-08-10T12:02:13.208117
19273923440261939,"https://www.hemnet.se/salda/lagenhet-5rum-vasastan-stockholms-kommun-odengatan-92,-4-tr-19273923440261939",153-187m²,bostadsratt,2026-08-10T12:02:13.208119
124843,https://www.hemnet.se/salda/lagenhet-7rum-torshalla-eskilstuna-kommun-ruths-grand-2-a-124843,153-187m²,bostadsratt,2026-08-10T12:02:13.208120
1281694,"https://www.hemnet.se/salda/lagenhet-5rum-charlottenberg-danderyds-kommun-skogsslingan-8,-5tr,-1281694",153-187m²,bostadsratt,2026-08-10T12:02:13.208122
738400,"https://www.hemnet.se/salda/lagenhet-6rum-kungsholmen-stockholms-kommun-garvargatan-14,-1,5-tr-738400",153-187m²,bostadsratt,2026-08-10T12:02:13.208123
1120838,https://www.hemnet.se/salda/lagenhet-5rum-bromma-minneberg-stockholms-kommun-svartviksslingan-80b-1120838,153-187m²,bostadsratt,2026-08-10T12:02:13.208125
2851950570202876311,https://www.hemnet.se/salda/lagenhet-6rum-myrangen-huddinge-kommun-bjornspinnarvagen-103-2851950570202876311,153-187m²,bostadsratt,2026-08-10T12:02:13.208126
1354790,https://www.hemnet.se/salda/lagenhet-5rum-klara-karlstads-kommun-hybelejens-gata-4-1354790,153-187m²,bostadsratt,2026-08-10T12:02:13.208127
7928944927809207450,https://www.hemnet.se/salda/lagenhet-4rum-vastra-hamnen-malmo-kommun-signalgatan-17-7928944927809207450,153-187m²,bostadsratt,2026-08-10T12:02:13.208129
349581,"https://www.hemnet.se/salda/lagenhet-5rum-kungsholmen-stockholms-kommun-norr-malarstrand-30,-5-tr-349581",153-187m²,bostadsratt,2026-08-10T12:02:13.208130
4140450012739682219,https://www.hemnet.se/salda/lagenhet-5rum-vagmastaren-karlstads-kommun-strandvagen-9-4140450012739682219,153-187m²,bostadsratt,2026-08-10T12:02:13.208132
908786,https://www.hemnet.se/salda/lagenhet-5rum-lorensberg-goteborgs-kommun-sodra-vagen-6a-908786,153-187m²,bostadsratt,2026-08-10T12:02:13.208133
724317,https://www.hemnet.se/salda/lagenhet-6rum-vastermalm-eskilstuna-kommun-wallingatan-11-724317,153-187m²,bostadsratt,2026-08-10T12:02:13.208134
680627,https://www.hemnet.se/salda/lagenhet-6rum-orbyhus-tierps-kommun-tibyvagen-1b-680627,153-187m²,bostadsratt,2026-08-10T12:02:13.208136
1024988,https://www.hemnet.se/salda/lagenhet-6rum-ostermalm-vasastan-stockholms-kommun-surbrunnsgatan-10-1024988,153-187m²,bostadsratt,2026-08-10T12:02:13.208137
1506903,https://www.hemnet.se/salda/lagenhet-5rum-hasthagen-malmo-kommun-ostra-ronneholmsvagen-21-1506903,153-187m²,bostadsratt,2026-08-10T12:02:13.208138
1281384,https://www.hemnet.se/salda/lagenhet-6rum-jarva-solna-kommun-gunnarbovagen-48-1281384,153-187m²,bostadsratt,2026-08-10T12:02:13.208140
2497933899174732691,https://www.hemnet.se/salda/lagenhet-5rum-gamla-vaster-malmo-kommun-stora-nygatan-77-2497933899174732691,153-187m²,bostadsratt,2026-08-10T12:02:13.208141
773132,https://www.hemnet.se/salda/lagenhet-5rum-alvik-stockholms-kommun-alviksvagen-1-773132,153-187m²,bostadsratt,2026-08-10T12:02:13.208142
5829237546209793076,https://www.hemnet.se/salda/lagenhet-5rum-vastermalm-vasteras-kommun-slottsstigen-1-5829237546209793076,153-187m²,bostadsratt,2026-08-10T12:02:13.208144
589647,https://www.hemnet.se/salda/lagenhet-5rum-city-malmo-kommun-stora-nygatan-27-a-589647,153-187m²,bostadsratt,2026-08-10T12:02:13.208145
1142549782114037315,https://www.hemnet.se/salda/lagenhet-5rum-jonkoping-jonkopings-kommun-albert-engstroms-vag-8-1142549782114037315,153-187m²,bostadsratt,2026-08-10T12:02:13.208146
1245214,https://www.hemnet.se/salda/lagenhet-5rum-bergshamra-solna-kommun-bergshamra-alle-125-1245214,153-187m²,bostadsratt,2026-08-10T12:02:13.208148
640629,"https://www.hemnet.se/salda/lagenhet-7rum-gardet-ostermalm-stockholms-kommun-angskarsgatan-6,-2-tr-640629",153-187m²,bostadsratt,2026-08-10T12:02:13.208149
1327188,https://www.hemnet.se/salda/lagenhet-5rum-uppsala-uppsala-kommun-dragarbrunnsgatan-63-b-1327188,153-187m²,bostadsratt,2026-08-10T12:02:13.208151
786373,https://www.hemnet.se/salda/lagenhet-5rum-idre-fjall-alvdalens-kommun-idre-fjall-selita-2a-786373,153-187m²,bostadsratt,2026-08-10T12:02:13.208152
1971101480617899042,https://www.hemnet.se/salda/lagenhet-6rum-centrum-lulea-kommun-stationsgatan-42b-1971101480617899042,153-187m²,bostadsratt,2026-08-10T12:02:13.208154
2416991486438492271,"https://www.hemnet.se/salda/lagenhet-5,5rum-kungsholmen-norr-malarstrand-stockholms-kommun-pilgatan-3,-4tr-2416991486438492271",153-187m²,bostadsratt,2026-08-10T12:02:13.208155
234411,https://www.hemnet.se/salda/lagenhet-5rum-gustavsberg-gustavsbergs-hamn-varmdo-kommun-tyra-lundgrens-vag-3-234411,153-187m²,bostadsratt,2026-08-10T12:02:13.208157
224437712266830410,https://www.hemnet.se/salda/lagenhet-5rum-hammarby-sjostad-stockholms-kommun-korphoppsgatan-33-224437712266830410,153-187m²,bostadsratt,2026-08-10T12:02:13.208158
1158284,https://www.hemnet.se/salda/lagenhet-5rum-vik-simrishamns-kommun-vresrosvagen-8-1158284,153-187m²,bostadsratt,2026-08-10T12:02:13.208159
532276,"https://www.hemnet.se/salda/lagenhet-5rum-charlottenberg-danderyds-kommun-skogsslingan-12,-5tr-532276",153-187m²,bostadsratt,2026-08-10T12:02:13.208161
8790643803949735918,https://www.hemnet.se/salda/lagenhet-5rum-lillaudden-vasteras-kommun-fyrbaksvagen-2-8790643803949735918,153-187m²,bostadsratt,2026-08-10T12:02:13.208162
1118183,https://www.hemnet.se/salda/lagenhet-5rum-centralt-norrkopings-kommun-slottsgatan-122-1118183,153-187m²,bostadsratt,2026-08-10T12:02:13.208164
938852,https://www.hemnet.se/salda/lagenhet-4rum-vasastan-odenplan-stockholms-kommun-upplandsgatan-56-938852,153-187m²,bostadsratt,2026-08-10T12:02:13.208165
93817,"https://www.hemnet.se/salda/lagenhet-4rum-kungsholmen-stockholms-kommun-scheelegatan-26,-2-tr-93817",153-187m²,bostadsratt,2026-08-10T12:02:13.208166
1132896,https://www.hemnet.se/salda/lagenhet-6rum-solgard-huddinge-kommun-skoldmovagen-19-1132896,153-187m²,bostadsratt,2026-08-10T12:02:13.208168
1325390,https://www.hemnet.se/salda/lagenhet-7rum-krikonbacken-nykopings-kommun-blasarevagen-33-1325390,153-187m²,bostadsratt,2026-08-10T12:02:13.208169
1462391,"https://www.hemnet.se/salda/lagenhet-5rum-vasastan-stockholms-kommun-idungatan-2,-4tr-1462391",153-187m²,bostadsratt,2026-08-10T12:02:13.208170
1323764,https://www.hemnet.se/salda/lagenhet-5rum-olympia-helsingborgs-kommun-hovitsmansgatan-9-1323764,153-187m²,bostadsratt,2026-08-10T12:02:13.208172
1453853,https://www.hemnet.se/salda/lagenhet-6rum-ostermalm-stockholms-kommun-vartavagen-16a-1453853,153-187m²,bostadsratt,2026-08-10T12:02:13.208173
747431,https://www.hemnet.se/salda/lagenhet-5rum-anderstorp-skelleftea-kommun-fabodgatan-10-747431,153-187m²,bostadsratt,2026-08-10T12:02:13.208174
1496507,https://www.hemnet.se/salda/lagenhet-5rum-bromma-mariehall-stockholms-kommun-flyttblocksvagen-15-1496507,153-187m²,bostadsratt,2026-08-10T12:02:13.208176
1175093,https://www.hemnet.se/salda/lagenhet-4rum-triangeln-malmo-kommun-klostergatan-1-1175093,153-187m²,bostadsratt,2026-08-10T12:02:13.208177
658974847736690683,"https://www.hemnet.se/salda/lagenhet-5rum-vasastan-stockholms-kommun-hagagatan-4,-1-tr-658974847736690683",153-187m²,bostadsratt,2026-08-10T12:02:13.208178
184263,https://www.hemnet.se/salda/lagenhet-6rum-toarps-ekoby-oxie-kyrkby-malmo-kommun-n-p-skolds-vag-49-184263,153-187m²,bostadsratt,2026-08-10T12:02:13.208180
408121,https://www.hemnet.se/salda/lagenhet-5rum-centralt-gavle-kommun-norra-slottsgatan-16-408121,153-187m²,bostadsratt,2026-08-10T12:02:13.208181
2842263176994385502,https://www.hemnet.se/salda/lagenhet-5rum-ostermalm-stockholms-kommun-nybergsgatan-4-2842263176994385502,153-187m²,bostadsratt,2026-08-10T12:02:13.208183
1187208,"https://www.hemnet.se/salda/lagenhet-6rum-kungsholmen-kungsholmstorg-stockholms-kommun-hantverkargatan-10,-5tr-1187208",153-187m²,bostadsratt,2026-08-10T12:02:13.208184
1118571,"https://www.hemnet.se/salda/lagenhet-5rum-kungsholmen-hornsbergs-stand-stockholms-kommun-lustgardsgatan-14,-van-8-9-1118571",153-187m²,bostadsratt,2026-08-10T12:02:13.208186
1458103,https://www.hemnet.se/salda/lagenhet-6rum-centrum-uppsala-kommun-stora-torget-3-1458103,153-187m²,bostadsratt,2026-08-10T12:02:13.208187
496895,https://www.hemnet.se/salda/lagenhet-4rum-centralt-vasteras-kommun-vasagatan-28-496895,153-187m²,bostadsratt,2026-08-10T12:02:13.208188
1379108,"https://www.hemnet.se/salda/lagenhet-5,5rum-kungsholmen-radhuset-stockholms-kommun-kungsgatan-73,-5tr-1379108",153-187m²,bostadsratt,2026-08-10T12:02:13.208190
715367,https://www.hemnet.se/salda/lagenhet-4rum-city-malmo-kommun-ostergatan-27-715367,153-187m²,bostadsratt,2026-08-10T12:02:13.208191
1401789,"https://www.hemnet.se/salda/lagenhet-5rum-sodermalm-stockholms-kommun-hornsgatan-59-a,-4-tr-1401789",153-187m²,bostadsratt,2026-08-10T12:02:13.208192
661528,https://www.hemnet.se/salda/lagenhet-5rum-midsommarkransen-aspudden-stockholms-kommun-fastlagsvagen-54-661528,153-187m²,bostadsratt,2026-08-10T12:02:13.208194
1265875,https://www.hemnet.se/salda/lagenhet-5rum-ostermalm-stockholms-kommun-jarlaplan-4-1265875,153-187m²,bostadsratt,2026-08-10T12:02:13.208195
6409018295851302994,https://www.hemnet.se/salda/lagenhet-5rum-birkastan-stockholms-kommun-karlbergsvagen-52-6409018295851302994,153-187m²,bostadsratt,2026-08-10T12:02:13.208197
3105220849579757956,https://www.hemnet.se/salda/lagenhet-5rum-ostermalm-stockholms-kommun-birger-jarlsgatan-46-3105220849579757956,153-187m²,bostadsratt,2026-08-10T12:02:13.208198
1391434,https://www.hemnet.se/salda/lagenhet-6rum-vasastan-ostermalm-stockholms-kommun-birger-jarlsgatan-110-1391434,153-187m²,bostadsratt,2026-08-10T12:02:13.208199
6600927980977927559,"https://www.hemnet.se/salda/lagenhet-6rum-sodermalm-nytorget-stockholms-kommun-asogatan-168,-6-7-tr-6600927980977927559",153-187m²,bostadsratt,2026-08-10T12:02:13.208201
1409410981824416702,"https://www.hemnet.se/salda/lagenhet-6rum-maria-stockholms-kommun-bellmansgatan-15,-van-5-1409410981824416702",153-187m²,bostadsratt,2026-08-10T12:02:13.208202
1103482,https://www.hemnet.se/salda/lagenhet-5rum-djakneberget-vasteras-kommun-kristinagatan-19-1103482,153-187m²,bostadsratt,2026-08-10T12:02:13.208203
598001,https://www.hemnet.se/salda/lagenhet-5rum-kallhall-jarfalla-kommun-teknikvagen-61-598001,153-187m²,bostadsratt,2026-08-10T12:02:13.208205
1278041,https://www.hemnet.se/salda/lagenhet-5rum-centrum-sundsvalls-kommun-nybrogatan-21-1278041,153-187m²,bostadsratt,2026-08-10T12:02:13.208206
652235,https://www.hemnet.se/salda/lagenhet-4rum-centralt-norrkopings-kommun-nygatan-71-652235,153-187m²,bostadsratt,2026-08-10T12:02:13.208207
1099660,https://www.hemnet.se/salda/lagenhet-5rum-vaxjo-centrum-vaxjo-kommun-vastergatan-18b-1099660,153-187m²,bostadsratt,2026-08-10T12:02:13.208209
1320333,https://www.hemnet.se/salda/lagenhet-5rum-torsvik-lidingo-kommun-vastra-norevagen-10-1320333,153-187m²,bostadsratt,2026-08-10T12:02:13.208210
760420,https://www.hemnet.se/salda/lagenhet-5rum-majorna-goteborgs-kommun-mariebergsgatan-13a-760420,153-187m²,bostadsratt,2026-08-10T12:02:13.208212
974945,https://www.hemnet.se/salda/lagenhet-6rum-ostermalm-stockholms-kommun-karlavagen-94-974945,153-187m²,bostadsratt,2026-08-10T12:02:13.208213
1456218,https://www.hemnet.se/salda/lagenhet-4rum-centrum-varbergs-kommun-vastra-vallgatan-20-1456218,153-187m²,bostadsratt,2026-08-10T12:02:13.208214
276947,https://www.hemnet.se/salda/lagenhet-6rum-boxholm-boxholms-kommun-bjursdalsvagen-8f-276947,153-187m²,bostadsratt,2026-08-10T12:02:13.208216
1422421,https://www.hemnet.se/salda/lagenhet-5rum-gjuteriet-ystads-kommun-gjuterigatan-88-1422421,153-187m²,bostadsratt,2026-08-10T12:02:13.208217
1440592,https://www.hemnet.se/salda/lagenhet-5rum-rorsjostaden-malmo-kommun-amiralsgatan-6-1440592,153-187m²,bostadsratt,2026-08-10T12:02:13.208218
1274523,https://www.hemnet.se/salda/lagenhet-6rum-solna-centrum-solna-kommun-centrumslingan-47-1274523,153-187m²,bostadsratt,2026-08-10T12:02:13.208220
1148615,https://www.hemnet.se/salda/lagenhet-6rum-centralt-norrkopings-kommun-repslagaregatan-13b-1148615,153-187m²,bostadsratt,2026-08-10T12:02:13.208221
46621241145282771,"https://www.hemnet.se/salda/lagenhet-5rum-hammarby-sjostad-stockholms-kommun-skeppsmaklargatan-49,-8-8-tr-46621241145282771",153-187m²,bostadsratt,2026-08-10T12:02:13.208223
1134606,"https://www.hemnet.se/salda/lagenhet-4,5rum-vasastaden-goteborgs-kommun-aschebergsgatan-39-1134606",153-187m²,bostadsratt,2026-08-10T12:02:13.208224
650679839278780819,https://www.hemnet.se/salda/lagenhet-5rum-centrum-oster-nykopings-kommun-ostra-kyrkogatan-44-650679839278780819,153-187m²,bostadsratt,2026-08-10T12:02:13.208225
411491,https://www.hemnet.se/salda/lagenhet-4rum-davidshall-malmo-kommun-kockumsgatan-8-411491,153-187m²,bostadsratt,2026-08-10T12:02:13.208227
2213010017901731265,https://www.hemnet.se/salda/lagenhet-5rum-sodermalm-stockholms-kommun-kapellgrand-4-2213010017901731265,153-187m²,bostadsratt,2026-08-10T12:02:13.208228
745720,"https://www.hemnet.se/salda/lagenhet-6rum-farsta-stockholms-kommun-farstavagen-110a,-4-tr-745720",153-187m²,bostadsratt,2026-08-10T12:02:13.208229
1107304,https://www.hemnet.se/salda/lagenhet-6rum-vasastan-norrmalm-stockholms-kommun-drottninggatan-102a-1107304,153-187m²,bostadsratt,2026-08-10T12:02:13.208231
255022,"https://www.hemnet.se/salda/lagenhet-4,5rum-ostermalm-stockholms-kommun-kommendorsgatan-8-s-255022",153-187m²,bostadsratt,2026-08-10T12:02:13.208232
4789451128924845157,https://www.hemnet.se/salda/lagenhet-5rum-kneippen-norrkopings-kommun-almgatan-9a-4789451128924845157,153-187m²,bostadsratt,2026-08-10T12:02:13.208233
7024960817670427855,https://www.hemnet.se/salda/lagenhet-4rum-tingvallastaden-karlstads-kommun-herrgardsgatan-2b-7024960817670427855,153-187m²,bostadsratt,2026-08-10T12:02:13.208235
783913,https://www.hemnet.se/salda/lagenhet-6rum-spelhagen-nykopings-kommun-karnevalsvagen-7-783913,153-187m²,bostadsratt,2026-08-10T12:02:13.208236
527182,"https://www.hemnet.se/salda/lagenhet-6,5rum-tagaborg-helsingborgs-kommun-karl-x-gustavs-gata-6-527182",153-187m²,bostadsratt,2026-08-10T12:02:13.208238
4860828923586284310,https://www.hemnet.se/salda/lagenhet-6rum-skytteholm-solna-kommun-nybodagatan-4-4860828923586284310,153-187m²,bostadsratt,2026-08-10T12:02:13.208239
1430642,https://www.hemnet.se/salda/lagenhet-8rum-bredsand-enkopings-kommun-galeonsvagen-5b-1430642,153-187m²,bostadsratt,2026-08-10T12:02:13.208240
1191798,https://www.hemnet.se/salda/lagenhet-4rum-gangsatra-lidingo-kommun-lerbovagen-5-1191798,153-187m²,bostadsratt,2026-08-10T12:02:13.208242
330948,https://www.hemnet.se/salda/lagenhet-5rum-spanga-solhem-stockholms-kommun-ankarsrumsgatan-49-330948,153-187m²,bostadsratt,2026-08-10T12:02:13.208243
831076,https://www.hemnet.se/salda/lagenhet-6rum-skytteholm-solna-kommun-framnasbacken-1-831076,153-187m²,bostadsratt,2026-08-10T12:02:13.208244
2806223951064851995,https://www.hemnet.se/salda/lagenhet-6rum-runo-osterakers-kommun-vikingavagen-45-2806223951064851995,153-187m²,bostadsratt,2026-08-10T12:02:13.208247
718063,"https://www.hemnet.se/salda/lagenhet-6rum-sodermalm-maria-stockholms-kommun-brannkyrkagatan-38a,-van-2-3-718063",153-187m²,bostadsratt,2026-08-10T12:02:13.208249
1290707,"https://www.hemnet.se/salda/lagenhet-5rum-vasastan-birkastan-stockholms-kommun-karlbergsvagen-45,-3-tr,-1290707",153-187m²,bostadsratt,2026-08-10T12:02:13.208250
1295628,https://www.hemnet.se/salda/lagenhet-6rum-boras-boras-kommun-hestra-ringvag-10-c-1295628,153-187m²,bostadsratt,2026-08-10T12:02:13.208252
211148776584142839,"https://www.hemnet.se/salda/lagenhet-5rum-ostermalm-stockholms-kommun-runebergsgatan-7,-4-tr-211148776584142839",153-187m²,bostadsratt,2026-08-10T12:02:13.208253
411275,"https://www.hemnet.se/salda/lagenhet-5rum-ostermalm-stockholms-kommun-odengatan-10,-vindsvaning-411275",153-187m²,bostadsratt,2026-08-10T12:02:13.208255
941919,https://www.hemnet.se/salda/lagenhet-6rum-norr-helsingborgs-kommun-drottninggatan-51-941919,153-187m²,bostadsratt,2026-08-10T12:02:13.208256
1497207,"https://www.hemnet.se/salda/lagenhet-4rum-vasastan-stockholms-kommun-rorstrandsgatan-34,-vindsvaning-1497207",153-187m²,bostadsratt,2026-08-10T12:02:13.208258
425172,https://www.hemnet.se/salda/lagenhet-7rum-kungshamn-sotenas-kommun-stenhuggaregatan-16e-425172,153-187m²,bostadsratt,2026-08-10T12:02:13.208260
844617,"https://www.hemnet.se/salda/lagenhet-5,5rum-vasastan-stockholms-kommun-odengatan-42,-5-tr-844617",153-187m²,bostadsratt,2026-08-10T12:02:13.208261
1245645,https://www.hemnet.se/salda/lagenhet-4rum-lorensberg-goteborgs-kommun-kungsportsavenyn-20-1245645,153-187m²,bostadsratt,2026-08-10T12:02:13.208262
1344533807129541185,https://www.hemnet.se/salda/lagenhet-5rum-gashaga-pirar-lidingo-kommun-slipvagen-2-1344533807129541185,153-187m²,bostadsratt,2026-08-10T12:02:13.208264
5808352987434550041,https://www.hemnet.se/salda/lagenhet-5rum-vasastaden-goteborgs-kommun-erik-dahlbergsgatan-23-5808352987434550041,153-187m²,bostadsratt,2026-08-10T12:02:13.208265
7733871237548592171,"https://www.hemnet.se/salda/lagenhet-5rum-hersby-lidingo-kommun-kyrkvagen-26-a,-3-tr-7733871237548592171",153-187m²,bostadsratt,2026-08-10T12:02:13.208267
1136991,https://www.hemnet.se/salda/lagenhet-6rum-idre-fjall-alvdalens-kommun-fjallripan-2-b-1136991,153-187m²,bostadsratt,2026-08-10T12:02:13.208268
6035674242234322446,https://www.hemnet.se/salda/lagenhet-6rum-centralt-orebro-kommun-olaigatan-51-6035674242234322446,153-187m²,bostadsratt,2026-08-10T12:02:13.208270
1173667,https://www.hemnet.se/salda/lagenhet-5rum-kallhall-jarfalla-kommun-teknikvagen-23-1173667,153-187m²,bostadsratt,2026-08-10T12:02:13.208271
643396,https://www.hemnet.se/salda/lagenhet-6rum-nya-varvet-goteborgs-kommun-nya-varvsallen-23-643396,153-187m²,bostadsratt,2026-08-10T12:02:13.208272
8470916261367023236,https://www.hemnet.se/salda/lagenhet-5rum-ostermalm-stockholms-kommun-banergatan-49-8470916261367023236,153-187m²,bostadsratt,2026-08-10T12:02:13.208274
1309111,"https://www.hemnet.se/salda/lagenhet-4,5rum-helsingborg-centrum-helsingborgs-kommun-norra-storgatan-14-1309111",153-187m²,bostadsratt,2026-08-10T12:02:13.208275
1178766,https://www.hemnet.se/salda/lagenhet-5rum-vik-simrishamns-kommun-vresrosvagen-8-1178766,153-187m²,bostadsratt,2026-08-10T12:02:13.208276
5553305162434524516,"https://www.hemnet.se/salda/lagenhet-4rum-vasastan-birkastan-stockholms-kommun-tomtebogatan-29,-6tr-5553305162434524516",153-187m²,bostadsratt,2026-08-10T12:02:13.208278
445506,"https://www.hemnet.se/salda/lagenhet-5rum-vasastan-stockholms-kommun-odengatan-43,-3-tr-445506",153-187m²,bostadsratt,2026-08-10T12:02:13.208279
1808189393282527523,https://www.hemnet.se/salda/lagenhet-5rum-centrum-helsingborgs-kommun-halsovagen-9-1808189393282527523,153-187m²,bostadsratt,2026-08-10T12:02:13.208280
1251209,https://www.hemnet.se/salda/lagenhet-5rum-city-malmo-kommun-stora-nygatan-27-b-1251209,153-187m²,bostadsratt,2026-08-10T12:02:13.208282
8578940090417049279,"https://www.hemnet.se/salda/lagenhet-6rum-norrmalm-city-stockholms-kommun-adolf-fredriks-kyrkogata-3,-9-tr-8578940090417049279",153-187m²,bostadsratt,2026-08-10T12:02:13.208283
459856,https://www.hemnet.se/salda/lagenhet-3rum-centrum-vasteras-kommun-skomakargatan-3-459856,153-187m²,bostadsratt,2026-08-10T12:02:13.208285
5606097110456077752,https://www.hemnet.se/salda/lagenhet-5rum-ostermalm-stockholms-kommun-karlavagen-81-5606097110456077752,153-187m²,bostadsratt,2026-08-10T12:02:13.208286
2077937841246365516,https://www.hemnet.se/salda/lagenhet-5rum-centrala-sundbyberg-sundbybergs-kommun-skolgatan-9-2077937841246365516,153-187m²,bostadsratt,2026-08-10T12:02:13.208288
614082,https://www.hemnet.se/salda/lagenhet-5rum-nynashamn-nynashamns-kommun-skeppargatan-2-614082,153-187m²,bostadsratt,2026-08-10T12:02:13.208289
1376542,https://www.hemnet.se/salda/lagenhet-4rum-ostermalm-stockholms-kommun-narvavagen-18-1376542,153-187m²,bostadsratt,2026-08-10T12:02:13.208290
2974296370635369889,"https://www.hemnet.se/salda/lagenhet-5,5rum-hornstull-hogalid-stockholms-kommun-heleneborgsgatan-36b-2974296370635369889",153-187m²,bostadsratt,2026-08-10T12:02:13.208292
201704328226496680,https://www.hemnet.se/salda/lagenhet-5rum-vasastan-s-t-eriksplan-stockholms-kommun-karlbergsvagen-43b-201704328226496680,153-187m²,bostadsratt,2026-08-10T12:02:13.208293
8740464798675396567,https://www.hemnet.se/salda/lagenhet-6rum-vasastaden-stockholms-kommun-tomtebogatan-48a-8740464798675396567,153-187m²,bostadsratt,2026-08-10T12:02:13.208295
8385384542921422790,https://www.hemnet.se/salda/lagenhet-6rum-brynas-gavle-kommun-sodra-skeppsbron-4-8385384542921422790,153-187m²,bostadsratt,2026-08-10T12:02:13.208296
1119279,https://www.hemnet.se/salda/lagenhet-7rum-ribersborg-malmo-kommun-sergels-vag-14-a-1119279,153-187m²,bostadsratt,2026-08-10T12:02:13.208297
1222577,https://www.hemnet.se/salda/lagenhet-5rum-regementet-ystads-kommun-bjornstjernegatan-12b-1222577,153-187m²,bostadsratt,2026-08-10T12:02:13.208299
8289842264930013335,https://www.hemnet.se/salda/lagenhet-5rum-saltsjoqvarn-nacka-kommun-ostra-finnbodavagen-13a-8289842264930013335,153-187m²,bostadsratt,2026-08-10T12:02:13.208300
2831150876539033078,https://www.hemnet.se/salda/lagenhet-6rum-slussen-rorsjostaden-malmo-kommun-fredriksbergsgatan-2-2831150876539033078,153-187m²,bostadsratt,2026-08-10T12:02:13.208302
395646203390533755,https://www.hemnet.se/salda/lagenhet-5rum-davidshall-triangeln-malmo-kommun-davidshallsgatan-27a-395646203390533755,153-187m²,bostadsratt,2026-08-10T12:02:13.208303
2268787362835518017,https://www.hemnet.se/salda/lagenhet-6rum-nockebyhov-stockholms-kommun-ferievagen-68-2268787362835518017,153-187m²,bostadsratt,2026-08-10T12:02:13.208304
1056611,https://www.hemnet.se/salda/lagenhet-7rum-solbacken-malmo-kommun-vilebovagen-19f-1056611,153-187m²,bostadsratt,2026-08-10T12:02:13.208306
788249,https://www.hemnet.se/salda/lagenhet-4rum-gotland-vastra-gotlands-kommun-sodra-murgatan-788249,153-187m²,bostadsratt,2026-08-10T12:02:13.208307
909608,"https://www.hemnet.se/salda/lagenhet-5rum-vasastan-odenplan-stockholms-kommun-kungstensgatan-56,-4tr-909608",153-187m²,bostadsratt,2026-08-10T12:02:13.208308
1497556,https://www.hemnet.se/salda/lagenhet-4rum-vastra-hamnen-malmo-kommun-signalgatan-17-1497556,153-187m²,bostadsratt,2026-08-10T12:02:13.208310
368139,"https://www.hemnet.se/salda/lagenhet-6rum-kungsholmen-stockholms-kommun-kronobergsgatan-17,-5-tr-368139",153-187m²,bostadsratt,2026-08-10T12:02:13.208311
375403,https://www.hemnet.se/salda/lagenhet-5rum-linne-goteborgs-kommun-linnegatan-52-375403,153-187m²,bostadsratt,2026-08-10T12:02:13.208312
1255377,https://www.hemnet.se/salda/lagenhet-5rum-centralt-gavle-kommun-norra-slottsgatan-16-1255377,153-187m²,bostadsratt,2026-08-10T12:02:13.208314
3051227595008612867,https://www.hemnet.se/salda/lagenhet-6rum-solsidan-nacka-kommun-skyttevagen-13f-3051227595008612867,153-187m²,bostadsratt,2026-08-10T12:02:13.208315
222486,https://www.hemnet.se/salda/lagenhet-5rum-anderstorp-skelleftea-kommun-fabodgatan-10-222486,153-187m²,bostadsratt,2026-08-10T12:02:13.208317
954213,https://www.hemnet.se/salda/lagenhet-6rum-kallhall-jarfalla-kommun-teknikvagen-103-954213,153-187m²,bostadsratt,2026-08-10T12:02:13.208318
468927,https://www.hemnet.se/salda/lagenhet-6rum-jakobsberg-vasteras-kommun-jakobsbergsplatsen-2-a-468927,153-187m²,bostadsratt,2026-08-10T12:02:13.208319
1485983,https://www.hemnet.se/salda/lagenhet-6rum-city-malmo-kommun-sodra-promenaden-25a-1485983,153-187m²,bostadsratt,2026-08-10T12:02:13.208321
838078,https://www.hemnet.se/salda/lagenhet-6rum-kungsholmen-stockholms-kommun-hantverkargatan-77-838078,153-187m²,bostadsratt,2026-08-10T12:02:13.208322
8773210101653446196,https://www.hemnet.se/salda/lagenhet-7rum-trosa-trosa-kommun-persogatan-12d-31004-8773210101653446196,153-187m²,bostadsratt,2026-08-10T12:02:13.208323
1425629,https://www.hemnet.se/salda/lagenhet-6rum-centrum-ostermalm-vasteras-kommun-stora-gatan-1d-1425629,153-187m²,bostadsratt,2026-08-10T12:02:13.208325
1444705,https://www.hemnet.se/salda/lagenhet-3rum-ostermalm-stockholms-kommun-lill-jans-plan-1-1444705,153-187m²,bostadsratt,2026-08-10T12:02:13.208326
471047,"https://www.hemnet.se/salda/lagenhet-4rum-vasastan-birkastan-stockholms-kommun-rorstrandsgatan-14,-1tr-471047",153-187m²,bostadsratt,2026-08-10T12:02:13.208328
1180331,https://www.hemnet.se/salda/lagenhet-6rum-helsingborg-centrum-helsingborgs-kommun-nedre-langvinkelsgatan-7-1180331,153-187m²,bostadsratt,2026-08-10T12:02:13.208329
939721,"https://www.hemnet.se/salda/lagenhet-5,5rum-linnestaden-goteborgs-kommun-linnegatan-27-939721",153-187m²,bostadsratt,2026-08-10T12:02:13.208330
166856,https://www.hemnet.se/salda/lagenhet-5rum-centrum-staffanstorps-kommun-apoteksgatan-1-b-166856,153-187m²,bostadsratt,2026-08-10T12:02:13.208332
1393446,https://www.hemnet.se/salda/lagenhet-5rum-saltsjobaden-nacka-kommun-ringvagen-20-1393446,153-187m²,bostadsratt,2026-08-10T12:02:13.208333
1265903,"https://www.hemnet.se/salda/lagenhet-4,5rum-lorensberg-goteborgs-kommun-olof-wijksgatan-1-1265903",153-187m²,bostadsratt,2026-08-10T12:02:13.208335
301843,https://www.hemnet.se/salda/lagenhet-5rum-vasastaden-goteborgs-kommun-erik-dahlbergsgatan-24-a-301843,153-187m²,bostadsratt,2026-08-10T12:02:13.208336
979579,https://www.hemnet.se/salda/lagenhet-6rum-norrmalm-stockholms-kommun-wallingatan-14-979579,153-187m²,bostadsratt,2026-08-10T12:02:13.208337
400274,https://www.hemnet.se/salda/lagenhet-6rum-ostra-hamnen-vasteras-kommun-malargatan-21-400274,153-187m²,bostadsratt,2026-08-10T12:02:13.208339
5056304182976820705,https://www.hemnet.se/salda/lagenhet-4rum-strangnas-strangnas-kommun-visholmsvagen-29-a-5056304182976820705,153-187m²,bostadsratt,2026-08-10T12:02:13.208340
242874,https://www.hemnet.se/salda/lagenhet-4rum-visby-innerstad-gotlands-kommun-sodra-kyrkogatan-7-242874,153-187m²,bostadsratt,2026-08-10T12:02:13.208341
1248484,https://www.hemnet.se/salda/lagenhet-5rum-helsingborg-centrum-helsingborgs-kommun-sodra-kyrkogatan-22b-1248484,153-187m²,bostadsratt,2026-08-10T12:02:13.208343
707621,https://www.hemnet.se/salda/lagenhet-5rum-stravalla-varbergs-kommun-smealyckevagen-3b-707621,153-187m²,bostadsratt,2026-08-10T12:02:13.208344
5456966874822229186,https://www.hemnet.se/salda/lagenhet-6rum-centralt-knivsta-kommun-margaretavagen-47-a-5456966874822229186,153-187m²,bostadsratt,2026-08-10T12:02:13.208345
680267,https://www.hemnet.se/salda/lagenhet-6rum-solgard-huddinge-kommun-hedenhosvagen-92-680267,153-187m²,bostadsratt,2026-08-10T12:02:13.208347
317060,https://www.hemnet.se/salda/lagenhet-5rum-jarfalla-skalby-jarfalla-kommun-vardkasevagen-20-b-lgh-2b-317060,153-187m²,bostadsratt,2026-08-10T12:02:13.208348
275637,https://www.hemnet.se/salda/lagenhet-4rum-bremerlyckan-kalmar-kommun-bremergatan-17-275637,153-187m²,bostadsratt,2026-08-10T12:02:13.208350
231186,https://www.hemnet.se/salda/lagenhet-5rum-centrum-sodertalje-kommun-lovisinsgatan-9-231186,153-187m²,bostadsratt,2026-08-10T12:02:13.208351
5369152647016017030,"https://www.hemnet.se/salda/lagenhet-5rum-vasastan-stockholms-kommun-norrtullsgatan-24,-2tr-5369152647016017030",153-187m²,bostadsratt,2026-08-10T12:02:13.208352
1322853,"https://www.hemnet.se/salda/lagenhet-5rum-ahus-kristianstads-kommun-glassgatan,-lgh-113-1322853",153-187m²,bostadsratt,2026-08-10T12:02:13.208354
7026382375503137695,https://www.hemnet.se/salda/lagenhet-4rum-ostermalm-stockholms-kommun-styrmansgatan-53-7026382375503137695,153-187m²,bostadsratt,2026-08-10T12:02:13.208355
1353779286630178750,https://www.hemnet.se/salda/lagenhet-5rum-torsvik-lidingo-kommun-vastra-norevagen-10-1353779286630178750,153-187m²,bostadsratt,2026-08-10T12:02:13.208356
1149254,https://www.hemnet.se/salda/lagenhet-5rum-centrum-lulea-kommun-kopmantorget-3-1149254,153-187m²,bostadsratt,2026-08-10T12:02:13.208358
3454295514618414946,https://www.hemnet.se/salda/lagenhet-4rum-centralt-gavle-kommun-drottninggatan-25-3454295514618414946,153-187m²,bostadsratt,2026-08-10T12:02:13.208359
344256814245452229,https://www.hemnet.se/salda/lagenhet-5rum-lillaudden-vasteras-kommun-fyrbaksvagen-10-344256814245452229,153-187m²,bostadsratt,2026-08-10T12:02:13.208360
1263703,https://www.hemnet.se/salda/lagenhet-5rum-centrum-stenstaden-sundsvalls-kommun-nybrogatan-21-1263703,153-187m²,bostadsratt,2026-08-10T12:02:13.208362
604100,"https://www.hemnet.se/salda/lagenhet-8rum-farsta-stockholms-kommun-storforsplan-3,-14-15-tr-604100",153-187m²,bostadsratt,2026-08-10T12:02:13.208363
584368,https://www.hemnet.se/salda/lagenhet-6rum-hammarby-sjostad-stockholms-kommun-hammarbyterrassen-43-584368,153-187m²,bostadsratt,2026-08-10T12:02:13.208365
556697,https://www.hemnet.se/salda/lagenhet-5rum-centralt-vaster-nykopings-kommun-kungsgatan-9-556697,153-187m²,bostadsratt,2026-08-10T12:02:13.208366
166123562836691614,https://www.hemnet.se/salda/lagenhet-5rum-vasastaden-linkopings-kommun-platensgatan-23a-166123562836691614,153-187m²,bostadsratt,2026-08-10T12:02:13.208367
523830,https://www.hemnet.se/salda/lagenhet-6rum-kallhall-jarfalla-kommun-teknikvagen-115-523830,153-187m²,bostadsratt,2026-08-10T12:02:13.208369
9009763025915520777,https://www.hemnet.se/salda/lagenhet-5rum-lund-centrum-lunds-kommun-klostergatan-10-9009763025915520777,153-187m²,bostadsratt,2026-08-10T12:02:13.208370
2972879002901841945,https://www.hemnet.se/salda/lagenhet-6rum-centrala-huddinge-huddinge-kommun-solfagravagen-42v-2972879002901841945,153-187m²,bostadsratt,2026-08-10T12:02:13.208371
908279,https://www.hemnet.se/salda/lagenhet-6rum-mosas-orebro-kommun-stenvagen-44b-908279,153-187m²,bostadsratt,2026-08-10T12:02:13.208373
784127,"https://www.hemnet.se/salda/lagenhet-5rum-vasastan-stockholms-kommun-vastmannagatan-31,-3-tr-784127",153-187m²,bostadsratt,2026-08-10T12:02:13.208374
773921,https://www.hemnet.se/salda/lagenhet-5rum-vagmastaren-karlstads-kommun-strandvagen-5-773921,153-187m²,bostadsratt,2026-08-10T12:02:13.208375
1322148,https://www.hemnet.se/salda/lagenhet-6rum-brandkarr-nykopings-kommun-brandkarrsvagen-170-1322148,153-187m²,bostadsratt,2026-08-10T12:02:13.208377
514622,https://www.hemnet.se/salda/lagenhet-7rum-centralt-kalmar-kommun-kaggensgatan-18-514622,153-187m²,bostadsratt,2026-08-10T12:02:13.208378
8226478851502231071,"https://www.hemnet.se/salda/lagenhet-6rum-solna-centrum-solna-kommun-skytteholmsvagen-26,-4tr-8226478851502231071",153-187m²,bostadsratt,2026-08-10T12:02:13.208379
940600,https://www.hemnet.se/salda/lagenhet-4rum-four-gardens-malmo-kommun-kalkstensvagen-11-940600,153-187m²,bostadsratt,2026-08-10T12:02:13.208381
600931,https://www.hemnet.se/salda/lagenhet-5rum-vaxholm-centralt-vaxholms-kommun-palsundsstrand-12-600931,153-187m²,bostadsratt,2026-08-10T12:02:13.208382
543870,https://www.hemnet.se/salda/lagenhet-6rum-framre-luthagen-uppsala-kommun-skolgatan-12-a-543870,153-187m²,bostadsratt,2026-08-10T12:02:13.208383
8164435660281471514,https://www.hemnet.se/salda/lagenhet-6rum-johanneshov-stockholms-kommun-skulptorvagen-14-8164435660281471514,153-187m²,bostadsratt,2026-08-10T12:02:13.208385
919031,https://www.hemnet.se/salda/lagenhet-4rum-centrala-sigtuna-sigtuna-kommun-manfred-bjorkquists-alle-12-919031,153-187m²,bostadsratt,2026-08-10T12:02:13.208386
1384889,"https://www.hemnet.se/salda/lagenhet-7rum-ostermalm-stockholms-kommun-sturegatan-64,-4tr-1384889",153-187m²,bostadsratt,2026-08-10T12:02:13.208387
4140606172022496676,https://www.hemnet.se/salda/lagenhet-5rum-hallerna-stenungsunds-kommun-jan-ivarssons-vag-5-4140606172022496676,153-187m²,bostadsratt,2026-08-10T12:02:13.208389
1508031,https://www.hemnet.se/salda/lagenhet-5rum-vasastan-stockholms-kommun-karlbergsvagen-23-1508031,153-187m²,bostadsratt,2026-08-10T12:02:13.208390
349099,https://www.hemnet.se/salda/lagenhet-4rum-stocksund-danderyds-kommun-bengt-farjares-vag-22-349099,153-187m²,bostadsratt,2026-08-10T12:02:13.208392
4390022395898662176,https://www.hemnet.se/salda/lagenhet-5rum-city-malmo-kommun-exercisgatan-2a-4390022395898662176,153-187m²,bostadsratt,2026-08-10T12:02:13.208393
66071,https://www.hemnet.se/salda/lagenhet-4rum-vaster-nykopings-kommun-bagaregatan-58-a-66071,153-187m²,bostadsratt,2026-08-10T12:02:13.208394
257664,https://www.hemnet.se/salda/lagenhet-4rum-centralt-sodertalje-kommun-tappgatan-4-257664,153-187m²,bostadsratt,2026-08-10T12:02:13.208395
7018956490575400280,https://www.hemnet.se/salda/lagenhet-5rum-centrum-helsingborgs-kommun-nedre-langvinkelsgatan-10a-7018956490575400280,153-187m²,bostadsratt,2026-08-10T12:02:13.208398
1384373,https://www.hemnet.se/salda/lagenhet-4rum-centralt-norrkopings-kommun-nygatan-85-1384373,153-187m²,bostadsratt,2026-08-10T12:02:13.208399
2709349067162409762,https://www.hemnet.se/salda/lagenhet-4rum-fridhem-malmo-kommun-marietorps-alle-9-2709349067162409762,153-187m²,bostadsratt,2026-08-10T12:02:13.208400
1501583,"https://www.hemnet.se/salda/lagenhet-5rum-kungsholmen-stockholms-kommun-pipersgatan-6,-3-tr-1501583",153-187m²,bostadsratt,2026-08-10T12:02:13.208402
1245468,https://www.hemnet.se/salda/lagenhet-6rum-naset-lidingo-kommun-karins-alle-4-1245468,153-187m²,bostadsratt,2026-08-10T12:02:13.208403
1465311,https://www.hemnet.se/salda/lagenhet-7rum-bromma-norra-angby-stockholms-kommun-angby-torg-16-1465311,153-187m²,bostadsratt,2026-08-10T12:02:13.208405
8129120355486378776,"https://www.hemnet.se/salda/lagenhet-6rum-sodermalm-stockholms-kommun-renstiernas-gata-16,-van-4-8129120355486378776",153-187m²,bostadsratt,2026-08-10T12:02:13.208407
1275861,https://www.hemnet.se/salda/lagenhet-5rum-ostermalm-stockholms-kommun-skeppargatan-3-1275861,153-187m²,bostadsratt,2026-08-10T12:02:13.208409
1090878,https://www.hemnet.se/salda/lagenhet-5rum-jakobsdal-goteborgs-kommun-paskbergsgatan-9-1090878,153-187m²,bostadsratt,2026-08-10T12:02:13.208410
555432,"https://www.hemnet.se/salda/lagenhet-4,5rum-kvarnholmen-nacka-kommun-mjolnarvagen-20-a-555432",153-187m²,bostadsratt,2026-08-10T12:02:13.208411
1087831340724330066,https://www.hemnet.se/salda/lagenhet-5rum-mjolkudden-lulea-kommun-radiomasten-131-1087831340724330066,153-187m²,bostadsratt,2026-08-10T12:02:13.208413
592487,https://www.hemnet.se/salda/lagenhet-9rum-centrum-oxbacken-vasteras-kommun-stora-gatan-78-592487,153-187m²,bostadsratt,2026-08-10T12:02:13.208414
588654,"https://www.hemnet.se/salda/lagenhet-5rum-varnhem-malmo-kommun-ostra-forstadsgatan-35b,-tr-3-588654",153-187m²,bostadsratt,2026-08-10T12:02:13.208415
1698764172926609409,"https://www.hemnet.se/salda/lagenhet-5rum-kungsholmen-stockholms-kommun-kungsgatan-79,-3tr-1698764172926609409",153-187m²,bostadsratt,2026-08-10T12:02:13.208417
1349866,https://www.hemnet.se/salda/lagenhet-5rum-mariefred-strangnas-kommun-nygatan-3b-1349866,153-187m²,bostadsratt,2026-08-10T12:02:13.208418
896310,https://www.hemnet.se/salda/lagenhet-5rum-linne-goteborgs-kommun-olivedalsgatan-29-896310,153-187m²,bostadsratt,2026-08-10T12:02:13.208419
929785,https://www.hemnet.se/salda/lagenhet-5rum-centralt-trosa-kommun-villagatan-2-929785,153-187m²,bostadsratt,2026-08-10T12:02:13.208421
1434775,https://www.hemnet.se/salda/lagenhet-7rum-aby-molndals-kommun-ridspogatan-2b-1434775,153-187m²,bostadsratt,2026-08-10T12:02:13.208422
1106481,https://www.hemnet.se/salda/lagenhet-4rum-enebyberg-danderyds-kommun-osterangsvagen-32-a-1106481,153-187m²,bostadsratt,2026-08-10T12:02:13.208423
1498527,https://www.hemnet.se/salda/lagenhet-6rum-davidshall-malmo-kommun-regementsgatan-20-1498527,153-187m²,bostadsratt,2026-08-10T12:02:13.208425
1188732,"https://www.hemnet.se/salda/lagenhet-5rum-sodermalm-sofo-stockholms-kommun-folkungagatan-142,-6-tr-1188732",153-187m²,bostadsratt,2026-08-10T12:02:13.208426
945403,https://www.hemnet.se/salda/lagenhet-5rum-hollviken-vellinge-kommun-svanjaktsvagen-6d-945403,153-187m²,bostadsratt,2026-08-10T12:02:13.208428
882183,https://www.hemnet.se/salda/lagenhet-5rum-ostermalm-stockholms-kommun-villagatan-4-882183,153-187m²,bostadsratt,2026-08-10T12:02:13.208429
1035888217060445293,https://www.hemnet.se/salda/lagenhet-6rum-nora-danderyds-kommun-kvarnvagen-37c-1035888217060445293,153-187m²,bostadsratt,2026-08-10T12:02:13.208430
1156729,https://www.hemnet.se/salda/lagenhet-4rum-ostermalm-stockholms-kommun-valhallavagen-120-1156729,153-187m²,bostadsratt,2026-08-10T12:02:13.208432
8152112962037354820,https://www.hemnet.se/salda/lagenhet-6rum-kneippen-norrkopings-kommun-almgatan-4-8152112962037354820,153-187m²,bostadsratt,2026-08-10T12:02:13.208433
1283702,"https://www.hemnet.se/salda/lagenhet-5rum-kungsholmen-kungsholmstorg-stockholms-kommun-garvargatan-7,-4tr-1283702",153-187m²,bostadsratt,2026-08-10T12:02:13.208435
282178,https://www.hemnet.se/salda/lagenhet-6rum-vastra-hamnen-malmo-kommun-kompassgatan-7-282178,153-187m²,bostadsratt,2026-08-10T12:02:13.208436
1414549,"https://www.hemnet.se/salda/lagenhet-5rum-ostermalm-nedre-gardet-stockholms-kommun-melodislingan-18,-3-tr-1414549",153-187m²,bostadsratt,2026-08-10T12:02:13.208437
942406,https://www.hemnet.se/salda/lagenhet-5rum-gamla-vaster-malmo-kommun-slottsgatan-32-942406,153-187m²,bostadsratt,2026-08-10T12:02:13.208439
589607,"https://www.hemnet.se/salda/lagenhet-5rum-hammarby-sjostad-stockholms-kommun-hammarby-alle-9,-9tr-589607",153-187m²,bostadsratt,2026-08-10T12:02:13.208440
5458010035623901897,https://www.hemnet.se/salda/lagenhet-5rum-kungsholmen-stockholms-kommun-fleminggatan-85-5458010035623901897,153-187m²,bostadsratt,2026-08-10T12:02:13.208441
8134838492202931628,https://www.hemnet.se/salda/lagenhet-4rum-vasastan-stockholms-kommun-tomtebogatan-5-8134838492202931628,153-187m²,bostadsratt,2026-08-10T12:02:13.208443
467246,https://www.hemnet.se/salda/lagenhet-5rum-centralt-linkopings-kommun-klostergatan-8-467246,153-187m²,bostadsratt,2026-08-10T12:02:13.208444
1231700,https://www.hemnet.se/salda/lagenhet-6rum-centrum-malmo-kommun-sodra-promenaden-25c-1231700,153-187m²,bostadsratt,2026-08-10T12:02:13.208445
2142088725610863032,"https://www.hemnet.se/salda/lagenhet-5,5rum-city-slussen-malmo-kommun-exercisgatan-2a-2142088725610863032",153-187m²,bostadsratt,2026-08-10T12:02:13.208447
72671,https://www.hemnet.se/salda/lagenhet-6rum-grondal-stockholms-kommun-ormbergsvagen-20-72671,153-187m²,bostadsratt,2026-08-10T12:02:13.208448
1044754332636230540,https://www.hemnet.se/salda/lagenhet-5rum-gideonsberg-vasteras-kommun-blomstergatan-5b-1044754332636230540,153-187m²,bostadsratt,2026-08-10T12:02:13.208449
426510,https://www.hemnet.se/salda/lagenhet-6rum-drottningtorget-malmo-kommun-exercisgatan-2a-426510,153-187m²,bostadsratt,2026-08-10T12:02:13.208451
865387,"https://www.hemnet.se/salda/lagenhet-5rum-ostermalm-stockholms-kommun-runebergsgatan-4,-2-tr-865387",153-187m²,bostadsratt,2026-08-10T12:02:13.208452
911960,"https://www.hemnet.se/salda/lagenhet-6rum-vasastan-birkastan-stockholms-kommun-tomtebogatan-9,-1-tr-911960",153-187m²,bostadsratt,2026-08-10T12:02:13.208453
811299,https://www.hemnet.se/salda/lagenhet-5rum-ostermalm-stockholms-kommun-ostermalmsgatan-83-811299,153-187m²,bostadsratt,2026-08-10T12:02:13.208455
3300714161065161798,https://www.hemnet.se/salda/lagenhet-5rum-ostra-forstaden-halmstads-kommun-kaptensgatan-6-3300714161065161798,153-187m²,bostadsratt,2026-08-10T12:02:13.208456
910217,https://www.hemnet.se/salda/lagenhet-5rum-kalltorp-goteborgs-kommun-spelmansplatsen-6-910217,153-187m²,bostadsratt,2026-08-10T12:02:13.208457
170207,https://www.hemnet.se/salda/lagenhet-4rum-centrum-norr-helsingborgs-kommun-drottninggatan-31-170207,153-187m²,bostadsratt,2026-08-10T12:02:13.208459
8483506971270389693,https://www.hemnet.se/salda/lagenhet-5rum-centrum-uppsala-uppsala-kommun-skolgatan-43e-8483506971270389693,153-187m²,bostadsratt,2026-08-10T12:02:13.208460
1058146,https://www.hemnet.se/salda/lagenhet-5rum-saltsjobaden-nacka-kommun-ringvagen-13-b-1058146,153-187m²,bostadsratt,2026-08-10T12:02:13.208462
445804,https://www.hemnet.se/salda/lagenhet-7rum-sodermalm-sofo-stockholms-kommun-kocksgatan-47-445804,153-187m²,bostadsratt,2026-08-10T12:02:13.208463
5345933018150834188,https://www.hemnet.se/salda/lagenhet-5rum-vasastan-stockholms-kommun-wallingatan-31-5345933018150834188,153-187m²,bostadsratt,2026-08-10T12:02:13.208464
1085732,"https://www.hemnet.se/salda/lagenhet-5rum-kungsholmen-stockholms-kommun-svarvargatan-7,-3tr-1085732",153-187m²,bostadsratt,2026-08-10T12:02:13.208466
450125006323615953,https://www.hemnet.se/salda/lagenhet-5rum-centrum-kristianstads-kommun-kanalgatan-28-450125006323615953,153-187m²,bostadsratt,2026-08-10T12:02:13.208467
318389,https://www.hemnet.se/salda/lagenhet-4rum-olympia-helsingborgs-kommun-hovitsmansgatan-9-318389,153-187m²,bostadsratt,2026-08-10T12:02:13.208468
7609901800984710703,https://www.hemnet.se/salda/lagenhet-5rum-inom-vallgraven-goteborgs-kommun-sodra-larmgatan-18-7609901800984710703,153-187m²,bostadsratt,2026-08-10T12:02:13.208470
1371778,https://www.hemnet.se/salda/lagenhet-5rum-karlshamn-karlshamns-kommun-saltsjobadsvagen-25-1371778,153-187m²,bostadsratt,2026-08-10T12:02:13.208471
2500715469394814169,https://www.hemnet.se/salda/lagenhet-6rum-rorsjostaden-malmo-kommun-dobelnsgatan-1a-2500715469394814169,153-187m²,bostadsratt,2026-08-10T12:02:13.208472
3371992348208457847,https://www.hemnet.se/salda/lagenhet-5rum-centrum-kristianstads-kommun-kanalgatan-2-3371992348208457847,153-187m²,bostadsratt,2026-08-10T12:02:13.208474
1430821,https://www.hemnet.se/salda/lagenhet-5rum-kungsholmen-stockholms-kommun-fleminggatan-27-1430821,153-187m²,bostadsratt,2026-08-10T12:02:13.208475
3332716187529361886,"https://www.hemnet.se/salda/lagenhet-5rum-vasastan-birkastan-stockholms-kommun-karlbergsvagen-52,-3-tr-3332716187529361886",153-187m²,bostadsratt,2026-08-10T12:02:13.208476
769507,"https://www.hemnet.se/salda/lagenhet-6,5rum-lund-centrum-lunds-kommun-hospitalsgatan-10-769507",153-187m²,bostadsratt,2026-08-10T12:02:13.208478
807815,https://www.hemnet.se/salda/lagenhet-5rum-stocksund-danderyds-kommun-alpstigen-2-807815,153-187m²,bostadsratt,2026-08-10T12:02:13.208479
1102398,https://www.hemnet.se/salda/lagenhet-6rum-olympia-helsingborgs-kommun-ostra-vallgatan-18-1102398,153-187m²,bostadsratt,2026-08-10T12:02:13.208480
2551029783390801356,"https://www.hemnet.se/salda/lagenhet-7rum-tollare-nacka-kommun-tollarevagen-69,-townhouse-2551029783390801356",153-187m²,bostadsratt,2026-08-10T12:02:13.208482
2993138409086480599,https://www.hemnet.se/salda/lagenhet-6rum-stuvsta-myrangen-huddinge-kommun-bjornspinnarvagen-90-2993138409086480599,153-187m²,bostadsratt,2026-08-10T12:02:13.208484
2250581392267248147,https://www.hemnet.se/salda/lagenhet-5rum-vasastan-s-t-eriksplan-stockholms-kommun-karlbergsvagen-43b-2250581392267248147,153-187m²,bostadsratt,2026-08-10T12:02:13.208485
2138527611170486140,https://www.hemnet.se/salda/lagenhet-5rum-davidshall-malmo-kommun-kockumsgatan-6-2138527611170486140,153-187m²,bostadsratt,2026-08-10T12:02:13.208486
8906058099964499402,https://www.hemnet.se/salda/lagenhet-5rum-vastra-gatan-kungalvs-kommun-thorilds-grand-1-8906058099964499402,153-187m²,bostadsratt,2026-08-10T12:02:13.208488
52738,https://www.hemnet.se/salda/lagenhet-5rum-centralt-falu-kommun-bergmastaregatan-3-52738,153-187m²,bostadsratt,2026-08-10T12:02:13.208489
1394934,https://www.hemnet.se/salda/lagenhet-5rum-kungsholmen-stockholms-kommun-kungsgatan-90-1394934,153-187m²,bostadsratt,2026-08-10T12:02:13.208491
7707368244137249126,"https://www.hemnet.se/salda/lagenhet-4rum-sodermalm-stockholms-kommun-stigbergsgatan-35-a,-1-tr-7707368244137249126",153-187m²,bostadsratt,2026-08-10T12:02:13.208492
934823,https://www.hemnet.se/salda/lagenhet-5rum-majorna-goteborgs-kommun-allmanna-vagen-52-b-934823,153-187m²,bostadsratt,2026-08-10T12:02:13.208493
640657,https://www.hemnet.se/salda/lagenhet-5rum-lorensberg-goteborgs-kommun-berzeliigatan-25-640657,153-187m²,bostadsratt,2026-08-10T12:02:13.208495
1462964430214473903,https://www.hemnet.se/salda/lagenhet-5rum-ostermalm-stockholms-kommun-banergatan-39-1462964430214473903,153-187m²,bostadsratt,2026-08-10T12:02:13.208496
434702,https://www.hemnet.se/salda/lagenhet-4rum-centralt-gavle-kommun-drottninggatan-25-434702,153-187m²,bostadsratt,2026-08-10T12:02:13.208497
6244412791066197607,https://www.hemnet.se/salda/lagenhet-4rum-sodermalm-stockholms-kommun-hornsgatan-81-6244412791066197607,153-187m²,bostadsratt,2026-08-10T12:02:13.208499
8892621418998228632,https://www.hemnet.se/salda/lagenhet-5rum-ostermalm-stockholms-kommun-skeppargatan-68-8892621418998228632,153-187m²,bostadsratt,2026-08-10T12:02:13.208500
1110611,"https://www.hemnet.se/salda/lagenhet-5rum-vasastan-stockholms-kommun-idungatan-2,-4tr-1110611",153-187m²,bostadsratt,2026-08-10T12:02:13.208501
6491718456798673573,https://www.hemnet.se/salda/lagenhet-6rum-ostermalm-stockholms-kommun-surbrunnsgatan-5-6491718456798673573,153-187m²,bostadsratt,2026-08-10T12:02:13.208503
6553812391135023660,https://www.hemnet.se/salda/lagenhet-4rum-gamla-vaster-malmo-kommun-slottsgatan-12-6553812391135023660,153-187m²,bostadsratt,2026-08-10T12:02:13.208504
7013815242632519532,https://www.hemnet.se/salda/lagenhet-6rum-ostermalm-stockholms-kommun-riddargatan-60-7013815242632519532,153-187m²,bostadsratt,2026-08-10T12:02:13.208505
994241,https://www.hemnet.se/salda/lagenhet-5rum-kungsholmen-radhuset-stockholms-kommun-hantverkargatan-32-994241,153-187m²,bostadsratt,2026-08-10T12:02:13.208507
1725176535041448564,https://www.hemnet.se/salda/lagenhet-5rum-vaster-nykopings-kommun-kungsgatan-9-1725176535041448564,153-187m²,bostadsratt,2026-08-10T12:02:13.208508
1085328,"https://www.hemnet.se/salda/lagenhet-5rum-ostermalm-nedre-gardet-stockholms-kommun-melodislingan-10,-5-tr-1085328",153-187m²,bostadsratt,2026-08-10T12:02:13.208509
979518,https://www.hemnet.se/salda/lagenhet-7rum-mjolkudden-lulea-kommun-radiomasten-119-979518,153-187m²,bostadsratt,2026-08-10T12:02:13.208511
433388,https://www.hemnet.se/salda/lagenhet-5rum-vasastan-norrmalm-stockholms-kommun-vidargatan-4-433388,153-187m²,bostadsratt,2026-08-10T12:02:13.208512
418109,https://www.hemnet.se/salda/lagenhet-6rum-lilla-essingen-kungsholmen-stockholms-kommun-stralgatan-45-418109,153-187m²,bostadsratt,2026-08-10T12:02:13.208513
233193,https://www.hemnet.se/salda/lagenhet-5rum-fridhem-potatisakern-malmo-kommun-marietorps-alle-9-233193,153-187m²,bostadsratt,2026-08-10T12:02:13.208516
1117940,https://www.hemnet.se/salda/lagenhet-5rum-lillgarden-haninge-kommun-kolonilottsvagen-etapp-2-radhus-12-1117940,153-187m²,bostadsratt,2026-08-10T12:02:13.208517
1002984,https://www.hemnet.se/salda/lagenhet-8rum-rabylund-lunds-kommun-agronomvagen-1-1002984,153-187m²,bostadsratt,2026-08-10T12:02:13.208519
8882172255157684045,https://www.hemnet.se/salda/lagenhet-6rum-sodermalm-katarina-stockholms-kommun-svartensgatan-5b-8882172255157684045,153-187m²,bostadsratt,2026-08-10T12:02:13.208520
5439301685092972118,https://www.hemnet.se/salda/lagenhet-5rum-slottsstaden-malmo-malmo-kommun-regementsgatan-72-5439301685092972118,153-187m²,bostadsratt,2026-08-10T12:02:13.208522
8252434914148604905,https://www.hemnet.se/salda/lagenhet-5rum-ostermalm-stockholms-kommun-karlavagen-87-8252434914148604905,153-187m²,bostadsratt,2026-08-10T12:02:13.208523
833943,https://www.hemnet.se/salda/lagenhet-5rum-vasastaden-vasteras-vasteras-kommun-floragatan-13-a-833943,153-187m²,bostadsratt,2026-08-10T12:02:13.208524
4790230763063260865,"https://www.hemnet.se/salda/lagenhet-5rum-vasastan-stockholms-kommun-karlbergsvagen-52,-3tr-4790230763063260865",153-187m²,bostadsratt,2026-08-10T12:02:13.208526
8775858598615243995,https://www.hemnet.se/salda/lagenhet-5rum-vaster-nykopings-kommun-bagaregatan-26-8775858598615243995,153-187m²,bostadsratt,2026-08-10T12:02:13.208527
1044491014787117456,"https://www.hemnet.se/salda/lagenhet-3,5rum-vasastan-stockholms-kommun-ynglingagatan-17,-4tr-1044491014787117456",153-187m²,bostadsratt,2026-08-10T12:02:13.208528
5937557300456150532,https://www.hemnet.se/salda/lagenhet-5rum-centralt-gavle-kommun-ruddammsgatan-48-5937557300456150532,153-187m²,bostadsratt,2026-08-10T12:02:13.208530
1425428,https://www.hemnet.se/salda/lagenhet-5rum-tullstorp-malmo-kommun-mor-marnas-vag-96a-1425428,153-187m²,bostadsratt,2026-08-10T12:02:13.208531
2641411922232895257,https://www.hemnet.se/salda/lagenhet-6rum-vagmastaren-karlstads-kommun-strandvagen-21-2641411922232895257,153-187m²,bostadsratt,2026-08-10T12:02:13.208532
632290,https://www.hemnet.se/salda/lagenhet-4rum-gamla-rasunda-solna-kommun-rastavagen-2-a-632290,153-187m²,bostadsratt,2026-08-10T12:02:13.208534
5382490993518472122,https://www.hemnet.se/salda/lagenhet-4rum-bromma-mariehall-stockholms-kommun-flyttblocksvagen-15-5382490993518472122,153-187m²,bostadsratt,2026-08-10T12:02:13.208535
74087,https://www.hemnet.se/salda/lagenhet-6rum-norra-guldheden-goteborgs-kommun-reutersgatan-4-74087,153-187m²,bostadsratt,2026-08-10T12:02:13.208536
723437,https://www.hemnet.se/salda/lagenhet-6rum-vasastaden-goteborgs-kommun-ovre-fogelbergsgatan-4-723437,153-187m²,bostadsratt,2026-08-10T12:02:13.208538
1150202,https://www.hemnet.se/salda/lagenhet-4rum-centralt-vasteras-kommun-karlsgatan-4-1150202,153-187m²,bostadsratt,2026-08-10T12:02:13.208539
1256205,https://www.hemnet.se/salda/lagenhet-4rum-ribersborg-malmo-kommun-peterstorpsvagen-4-1256205,153-187m²,bostadsratt,2026-08-10T12:02:13.208541
668591,https://www.hemnet.se/salda/lagenhet-4rum-city-malmo-kommun-ostergatan-27-668591,153-187m²,bostadsratt,2026-08-10T12:02:13.208542
498283,https://www.hemnet.se/salda/lagenhet-5rum-mollevangen-lunds-kommun-mollevangsvagen-16b-498283,153-187m²,bostadsratt,2026-08-10T12:02:13.208543
1491137,https://www.hemnet.se/salda/lagenhet-5rum-vasterhaninge-haninge-kommun-kolonilottsvagen-127-1491137,153-187m²,bostadsratt,2026-08-10T12:02:13.208545
6237740676974467069,https://www.hemnet.se/salda/lagenhet-4rum-centrum-vasteras-kommun-skomakargatan-3-6237740676974467069,153-187m²,bostadsratt,2026-08-10T12:02:13.208546
1491166,https://www.hemnet.se/salda/lagenhet-7rum-vasterhaninge-haninge-kommun-kolonilottsvagen-167-1491166,153-187m²,bostadsratt,2026-08-10T12:02:13.208547
1092018,https://www.hemnet.se/salda/lagenhet-4rum-city-malmo-kommun-stora-nygatan-27b-1092018,153-187m²,bostadsratt,2026-08-10T12:02:13.208549
1239493,"https://www.hemnet.se/salda/lagenhet-7rum-sodermalm-katarina-stockholms-kommun-asogatan-106,-5-6-tr-1239493",153-187m²,bostadsratt,2026-08-10T12:02:13.208550
8414561656415378166,https://www.hemnet.se/salda/lagenhet-6rum-ostermalm-stockholms-kommun-lutzengatan-4-8414561656415378166,153-187m²,bostadsratt,2026-08-10T12:02:13.208552
636917,https://www.hemnet.se/salda/lagenhet-5rum-visby-centralt-gotlands-kommun-andersrogatan-6a-636917,153-187m²,bostadsratt,2026-08-10T12:02:13.208553
480740,https://www.hemnet.se/salda/lagenhet-5rum-kolberga-oskarshamns-kommun-knutsbovagen-2-480740,153-187m²,bostadsratt,2026-08-10T12:02:13.208554
360109,https://www.hemnet.se/salda/lagenhet-4rum-centralt-knappingsborg-norrkopings-kommun-stromparken-22-360109,153-187m²,bostadsratt,2026-08-10T12:02:13.208556
941706,https://www.hemnet.se/salda/lagenhet-6rum-ostermalm-stockholms-kommun-birger-jarlsgatan-38-941706,153-187m²,bostadsratt,2026-08-10T12:02:13.208557
1350776,"https://www.hemnet.se/salda/lagenhet-6rum-vasastan-norrmalm-stockholms-kommun-kammakargatan-38,-van-4-1350776",153-187m²,bostadsratt,2026-08-10T12:02:13.208558
818882,https://www.hemnet.se/salda/lagenhet-4rum-drottningtorget-malmo-kommun-drottningtorget-1-818882,153-187m²,bostadsratt,2026-08-10T12:02:13.208560
250330,https://www.hemnet.se/salda/lagenhet-4rum-vastra-hamnen-malmo-kommun-sundspromenaden-31-250330,153-187m²,bostadsratt,2026-08-10T12:02:13.208561
64662,https://www.hemnet.se/salda/lagenhet-5rum-lillaudden-vasteras-kommun-fyrbaksvagen-8-64662,153-187m²,bostadsratt,2026-08-10T12:02:13.208562
3130013269597010674,https://www.hemnet.se/salda/lagenhet-5rum-city-malmo-kommun-stora-nygatan-23-3130013269597010674,153-187m²,bostadsratt,2026-08-10T12:02:13.208564
1064348,https://www.hemnet.se/salda/lagenhet-5rum-vasastaden-goteborgs-kommun-engelbrektsgatan-5-1064348,153-187m²,bostadsratt,2026-08-10T12:02:13.208565
2313372013889648110,"https://www.hemnet.se/salda/lagenhet-5rum-centrala-sollentuna-sollentuna-kommun-sollentunavagen-134,-van-5-6-2313372013889648110",153-187m²,bostadsratt,2026-08-10T12:02:13.208566
1107782,https://www.hemnet.se/salda/lagenhet-5rum-linne-goteborgs-kommun-linnegatan-52-1107782,153-187m²,bostadsratt,2026-08-10T12:02:13.208568
1282131,"https://www.hemnet.se/salda/lagenhet-5rum-sodermalm-stockholms-kommun-asogatan-131,-3-tr-1282131",153-187m²,bostadsratt,2026-08-10T12:02:13.208569
7277804400157518741,https://www.hemnet.se/salda/lagenhet-3rum-centrum-lulea-kommun-smabatsgatan-6j-7277804400157518741,153-187m²,bostadsratt,2026-08-10T12:02:13.208570
1508450,https://www.hemnet.se/salda/lagenhet-6rum-skondal-stockholms-kommun-nummer-1-1508450,153-187m²,bostadsratt,2026-08-10T12:02:13.208572
1512296178711316740,https://www.hemnet.se/salda/lagenhet-5rum-strandnorum-stenungsunds-kommun-kakenasvagen-27-1512296178711316740,153-187m²,bostadsratt,2026-08-10T12:02:13.208573
8390882064214228988,https://www.hemnet.se/salda/lagenhet-5rum-luthagen-uppsala-kommun-luthagsesplanaden-11-8390882064214228988,153-187m²,bostadsratt,2026-08-10T12:02:13.208574
1362215784639411845,https://www.hemnet.se/salda/lagenhet-4rum-limhamn-on-malmo-kommun-sundskajen-2a-1362215784639411845,153-187m²,bostadsratt,2026-08-10T12:02:13.208576
9180680888005111547,https://www.hemnet.se/salda/lagenhet-6rum-trosso-karlskrona-kommun-sodra-smedjegatan-6-9180680888005111547,153-187m²,bostadsratt,2026-08-10T12:02:13.208577
4662647839283895309,https://www.hemnet.se/salda/lagenhet-6rum-norra-djurgardsstaden-stockholms-kommun-bobergsgatan-75-4662647839283895309,153-187m²,bostadsratt,2026-08-10T12:02:13.208578
1394466,https://www.hemnet.se/salda/lagenhet-6rum-alsike-knivsta-kommun-stenbrottsgatan-1394466,153-187m²,bostadsratt,2026-08-10T12:02:13.208580
8457982699237757628,"https://www.hemnet.se/salda/lagenhet-2rum-vasastaden-goteborgs-kommun-erik-dahlbergsgatan-6a,-van-5-5-8457982699237757628",153-187m²,bostadsratt,2026-08-10T12:02:13.208581
3261241423166773399,https://www.hemnet.se/salda/lagenhet-5rum-centrum-landskrona-kommun-parkgatan-8e-3261241423166773399,153-187m²,bostadsratt,2026-08-10T12:02:13.208583
635001,https://www.hemnet.se/salda/lagenhet-6rum-elfsborg-villastaden-falu-kommun-varlidsvagen-6-635001,153-187m²,bostadsratt,2026-08-10T12:02:13.208584
799692,https://www.hemnet.se/salda/lagenhet-5rum-hammarby-sjostad-stockholms-kommun-skeppsmaklargatan-49-799692,153-187m²,bostadsratt,2026-08-10T12:02:13.208585
207161,"https://www.hemnet.se/salda/lagenhet-5rum-lorensberg-innerstaden-goteborgs-kommun-burgardsgatan-16-a,-van-4-207161",153-187m²,bostadsratt,2026-08-10T12:02:13.208587
8814495740944930088,https://www.hemnet.se/salda/lagenhet-5rum-centrum-uppsala-kommun-sysslomansgatan-11b-8814495740944930088,153-187m²,bostadsratt,2026-08-10T12:02:13.208588
523971,https://www.hemnet.se/salda/lagenhet-5rum-vasastan-ostermalm-stockholms-kommun-birger-jarlsgatan-83-523971,153-187m²,bostadsratt,2026-08-10T12:02:13.208589
1116003,https://www.hemnet.se/salda/lagenhet-5rum-ostermalm-stockholms-kommun-banergatan-39-1116003,153-187m²,bostadsratt,2026-08-10T12:02:13.208591
1060825,https://www.hemnet.se/salda/lagenhet-5rum-trosa-trosa-kommun-bostallsgatan-1c-1060825,153-187m²,bostadsratt,2026-08-10T12:02:13.208592
864272,https://www.hemnet.se/salda/lagenhet-6rum-slussen-malmo-kommun-exercisgatan-2-a-864272,153-187m²,bostadsratt,2026-08-10T12:02:13.208593
8649756555715100450,https://www.hemnet.se/salda/lagenhet-5rum-sodermalm-stockholms-kommun-wollmar-yxkullsgatan-14-8649756555715100450,153-187m²,bostadsratt,2026-08-10T12:02:13.208595
544008,https://www.hemnet.se/salda/lagenhet-3rum-centrum-uppsala-kommun-skolgatan-31-544008,153-187m²,bostadsratt,2026-08-10T12:02:13.208596
1500932,"https://www.hemnet.se/salda/lagenhet-5,5rum-ostermalm-stockholms-kommun-narvavagen-5-1500932",153-187m²,bostadsratt,2026-08-10T12:02:13.208597
1245177,https://www.hemnet.se/salda/lagenhet-6rum-stockholm-stockholms-kommun-hantverkargatan-20-1245177,153-187m²,bostadsratt,2026-08-10T12:02:13.208599
1185607,https://www.hemnet.se/salda/lagenhet-4rum-kvarnholmen-nacka-kommun-mjolnarvagen-24-1185607,153-187m²,bostadsratt,2026-08-10T12:02:13.208600
40986,https://www.hemnet.se/salda/lagenhet-7rum-norr-norrkopings-kommun-norra-promenaden-120-b-40986,153-187m²,bostadsratt,2026-08-10T12:02:13.208601
5158257955361576413,https://www.hemnet.se/salda/lagenhet-6rum-slottsstaden-malmo-kommun-regementsgatan-60-5158257955361576413,153-187m²,bostadsratt,2026-08-10T12:02:13.208603
1087977,https://www.hemnet.se/salda/lagenhet-5rum-triangeln-malmo-kommun-klostergatan-6-1087977,153-187m²,bostadsratt,2026-08-10T12:02:13.208604
1301031,https://www.hemnet.se/salda/lagenhet-4rum-liljeholmen-jonkopings-kommun-plantagegrand-5-1301031,153-187m²,bostadsratt,2026-08-10T12:02:13.208605
8243434804242547698,https://www.hemnet.se/salda/lagenhet-6rum-akersberga-centralt-osterakers-kommun-runvagen-15-8243434804242547698,153-187m²,bostadsratt,2026-08-10T12:02:13.208607
6745827069711990291,"https://www.hemnet.se/salda/lagenhet-5,5rum-villastaden-falu-kommun-vasagatan-35-6745827069711990291",153-187m²,bostadsratt,2026-08-10T12:02:13.208608
1444602,https://www.hemnet.se/salda/lagenhet-6rum-lund-centrum-lunds-kommun-gyllenkroks-alle-29-1444602,153-187m²,bostadsratt,2026-08-10T12:02:13.208610
987561,https://www.hemnet.se/salda/lagenhet-5rum-ostermalm-stockholms-kommun-runebergsgatan-7-987561,153-187m²,bostadsratt,2026-08-10T12:02:13.208611
2692063783600372630,https://www.hemnet.se/salda/lagenhet-5rum-vasastan-stockholms-kommun-norrtullsgatan-22-2692063783600372630,153-187m²,bostadsratt,2026-08-10T12:02:13.208612
3909644856733793351,https://www.hemnet.se/salda/lagenhet-6rum-djursholm-danderyds-kommun-auravagen-13-3909644856733793351,153-187m²,bostadsratt,2026-08-10T12:02:13.208614
6755102524300320384,https://www.hemnet.se/salda/lagenhet-7rum-soder-eskilstuna-kommun-kvarngardesgatan-2a-6755102524300320384,153-187m²,bostadsratt,2026-08-10T12:02:13.208615
481899,https://www.hemnet.se/salda/lagenhet-5rum-ursvik-sundbybergs-kommun-forskargrand-24-481899,153-187m²,bostadsratt,2026-08-10T12:02:13.208616
1234643,https://www.hemnet.se/salda/lagenhet-5rum-city-malmo-kommun-sodra-forstadsgatan-82-1234643,153-187m²,bostadsratt,2026-08-10T12:02:13.208618
4411078567623514687,https://www.hemnet.se/salda/lagenhet-5rum-norr-helsingborgs-kommun-drottninggatan-230-4411078567623514687,153-187m²,bostadsratt,2026-08-10T12:02:13.208619
758434,"https://www.hemnet.se/salda/lagenhet-5,5rum-lorensberg-goteborgs-kommun-skanegatan-37-758434",153-187m²,bostadsratt,2026-08-10T12:02:13.208621
90918,https://www.hemnet.se/salda/lagenhet-6rum-gjuteriet-ystads-kommun-gotgangen-48-90918,153-187m²,bostadsratt,2026-08-10T12:02:13.208622
8971705570333135055,https://www.hemnet.se/salda/lagenhet-6rum-solgard-huddinge-kommun-hedenhosvagen-71-8971705570333135055,153-187m²,bostadsratt,2026-08-10T12:02:13.208623
904451,https://www.hemnet.se/salda/lagenhet-5rum-ostermalm-stockholms-kommun-sturegatan-31-904451,153-187m²,bostadsratt,2026-08-10T12:02:13.208624
184094,https://www.hemnet.se/salda/lagenhet-5rum-slussplan-slussen-drottningtorget-malmo-kommun-exercisgatan-2-a-184094,153-187m²,bostadsratt,2026-08-10T12:02:13.208626
3083090374595618229,https://www.hemnet.se/salda/lagenhet-4rum-centrum-lunds-kommun-prins-augusts-gata-12-3083090374595618229,153-187m²,bostadsratt,2026-08-10T12:02:13.208627
1843057098542221059,https://www.hemnet.se/salda/lagenhet-5rum-mariebo-jonkopings-kommun-neptunusvagen-30-1843057098542221059,153-187m²,bostadsratt,2026-08-10T12:02:13.208629
2333308827590981686,https://www.hemnet.se/salda/lagenhet-6rum-sandsbro-vaxjo-kommun-lilla-fyllerydsvagen-11b-2333308827590981686,153-187m²,bostadsratt,2026-08-10T12:02:13.208630
3059261997909160109,https://www.hemnet.se/salda/lagenhet-6rum-luthagen-uppsala-kommun-luthagsesplanaden-11-3059261997909160109,153-187m²,bostadsratt,2026-08-10T12:02:13.208632
1385014,https://www.hemnet.se/salda/lagenhet-6rum-kallhall-jarfalla-kommun-teknikvagen-37-1385014,153-187m²,bostadsratt,2026-08-10T12:02:13.208633
604016,https://www.hemnet.se/salda/lagenhet-5rum-vasastaden-goteborgs-kommun-engelbrektsgatan-5-604016,153-187m²,bostadsratt,2026-08-10T12:02:13.208634
1203511900741904553,https://www.hemnet.se/salda/lagenhet-4rum-ostermalm-stockholms-kommun-karlavagen-71-1203511900741904553,153-187m²,bostadsratt,2026-08-10T12:02:13.208636
1165111,https://www.hemnet.se/salda/lagenhet-6rum-lorensberg-goteborgs-kommun-berzeliigatan-23-1165111,153-187m²,bostadsratt,2026-08-10T12:02:13.208637
1037831,https://www.hemnet.se/salda/lagenhet-5rum-gotland-vastra-gotlands-kommun-kung-magnus-vag-28-1037831,153-187m²,bostadsratt,2026-08-10T12:02:13.208638
469306,https://www.hemnet.se/salda/lagenhet-5rum-vasastaden-goteborgs-kommun-vasa-kyrkogata-1-469306,153-187m²,bostadsratt,2026-08-10T12:02:13.208640
1520169703021650108,https://www.hemnet.se/salda/lagenhet-4rum-norr-helsingborgs-kommun-drottninggatan-33-1520169703021650108,153-187m²,bostadsratt,2026-08-10T12:02:13.208641
1444803,"https://www.hemnet.se/salda/lagenhet-6rum-vasastan-stockholms-kommun-odengatan-43,-1-tr-1444803",153-187m²,bostadsratt,2026-08-10T12:02:13.208642
1297098,https://www.hemnet.se/salda/lagenhet-5rum-nynashamn-nynashamns-kommun-grevgatan-20f-1297098,153-187m²,bostadsratt,2026-08-10T12:02:13.208644
1318130,https://www.hemnet.se/salda/lagenhet-5rum-sodermalm-stockholms-kommun-katarina-bangata-37-1318130,153-187m²,bostadsratt,2026-08-10T12:02:13.208645
2822815063599430343,https://www.hemnet.se/salda/lagenhet-5rum-ostra-hamnen-vasteras-kommun-ostra-hamngatan-6-2822815063599430343,153-187m²,bostadsratt,2026-08-10T12:02:13.208646
1080054,https://www.hemnet.se/salda/lagenhet-6rum-ostermalm-stockholms-kommun-artillerigatan-14-1080054,153-187m²,bostadsratt,2026-08-10T12:02:13.208648
1275517943902205217,https://www.hemnet.se/salda/lagenhet-4rum-centralt-oster-orebro-kommun-oskarsparken-7-1275517943902205217,153-187m²,bostadsratt,2026-08-10T12:02:13.208649
612902,https://www.hemnet.se/salda/lagenhet-3rum-drottningtorget-malmo-kommun-bagersgatan-2-612902,153-187m²,bostadsratt,2026-08-10T12:02:13.208650
1159862,https://www.hemnet.se/salda/lagenhet-6rum-vagga-karlshamns-kommun-saltsjobadsvagen-25-1159862,153-187m²,bostadsratt,2026-08-10T12:02:13.208652
1176367,https://www.hemnet.se/salda/lagenhet-5rum-ostermalm-stureparken-stockholms-kommun-sturegatan-58-1176367,153-187m²,bostadsratt,2026-08-10T12:02:13.208653
796324,https://www.hemnet.se/salda/lagenhet-6rum-limhamn-malmo-kommun-birger-jarlsgatan-26-796324,153-187m²,bostadsratt,2026-08-10T12:02:13.208654
494520,https://www.hemnet.se/salda/lagenhet-6rum-slussen-malmo-kommun-exercisgatan-2a-494520,153-187m²,bostadsratt,2026-08-10T12:02:13.208656
5517142781088614652,https://www.hemnet.se/salda/lagenhet-5rum-centrum-lunds-kommun-rabygatan-15-5517142781088614652,153-187m²,bostadsratt,2026-08-10T12:02:13.208657
1159001,https://www.hemnet.se/salda/lagenhet-5rum-kallhall-jarfalla-kommun-teknikvagen-51-1159001,153-187m²,bostadsratt,2026-08-10T12:02:13.208658
1154221,https://www.hemnet.se/salda/lagenhet-5rum-tungelsta-haninge-kommun-kolonilottsvagen-45-1154221,153-187m²,bostadsratt,2026-08-10T12:02:13.208660
529683,"https://www.hemnet.se/salda/lagenhet-4rum-kvarnholmen-nacka-kommun-mjolnarvagen-20-b,-7tr-8tr-529683",153-187m²,bostadsratt,2026-08-10T12:02:13.208661
2841317388211563311,https://www.hemnet.se/salda/lagenhet-5rum-malmo-opera-malmo-kommun-ostra-ronneholmsvagen-27a-2841317388211563311,153-187m²,bostadsratt,2026-08-10T12:02:13.208663
3600607120437447069,https://www.hemnet.se/salda/lagenhet-7rum-tyreso-strand-tyreso-kommun-tranmyravagen-5a-3600607120437447069,153-187m²,bostadsratt,2026-08-10T12:02:13.208665
1120956,https://www.hemnet.se/salda/lagenhet-6rum-lillgarden-haninge-kommun-kolonilottsvagen-etapp-2-radhus-18-1120956,153-187m²,bostadsratt,2026-08-10T12:02:13.208666
913484,https://www.hemnet.se/salda/lagenhet-4rum-linnestaden-goteborgs-kommun-linnegatan-9-913484,153-187m²,bostadsratt,2026-08-10T12:02:13.208668
5595396438736774967,https://www.hemnet.se/salda/lagenhet-6rum-centrum-vasteras-kommun-karlsgatan-4-5595396438736774967,153-187m²,bostadsratt,2026-08-10T12:02:13.208669
4591601690137128108,https://www.hemnet.se/salda/lagenhet-5rum-oster-centralt-orebro-orebro-kommun-kasten-ottergatan-2-4591601690137128108,153-187m²,bostadsratt,2026-08-10T12:02:13.208670
1439703,https://www.hemnet.se/salda/lagenhet-6rum-stockholm-sodermalm-stockholms-kommun-maria-prastgardsgata-26-1439703,153-187m²,bostadsratt,2026-08-10T12:02:13.208672
1315968,https://www.hemnet.se/salda/lagenhet-8rum-bredsand-enkopings-kommun-galeonsvagen-5a-1315968,153-187m²,bostadsratt,2026-08-10T12:02:13.208673
688409,https://www.hemnet.se/salda/lagenhet-6rum-kungsholmen-kungsholmstorg-stockholms-kommun-hantverkargatan-77-688409,153-187m²,bostadsratt,2026-08-10T12:02:13.208675
1308829,https://www.hemnet.se/salda/lagenhet-6rum-centrum-halmstads-kommun-karlsbergsvagen-2b-1308829,153-187m²,bostadsratt,2026-08-10T12:02:13.208676
1066186,"https://www.hemnet.se/salda/lagenhet-6rum-ostermalm-stockholms-kommun-fryxellsgatan-3-b,-5-tr-1066186",153-187m²,bostadsratt,2026-08-10T12:02:13.208678
94760,"https://www.hemnet.se/salda/lagenhet-4,5rum-oxelbergen-norrkopings-kommun-odalgatan-2-94760",153-187m²,bostadsratt,2026-08-10T12:02:13.208679
1246814,https://www.hemnet.se/salda/lagenhet-4rum-ostermalm-stockholms-kommun-eriksbergsgatan-11-1246814,153-187m²,bostadsratt,2026-08-10T12:02:13.208681
524151,"https://www.hemnet.se/salda/lagenhet-5,5rum-vasastan-stockholms-kommun-birkagatan-10,-5-6-tr-524151",153-187m²,bostadsratt,2026-08-10T12:02:13.208682
632220,https://www.hemnet.se/salda/lagenhet-5rum-sodermalm-stockholms-kommun-gotgatan-69-632220,153-187m²,bostadsratt,2026-08-10T12:02:13.208684
7019105109292468184,https://www.hemnet.se/salda/lagenhet-5rum-soder-norrkopings-kommun-horngatan-20-7019105109292468184,153-187m²,bostadsratt,2026-08-10T12:02:13.208685
782542,https://www.hemnet.se/salda/lagenhet-5rum-stallhagen-vasteras-kommun-nanna-svartz-gata-3-782542,153-187m²,bostadsratt,2026-08-10T12:02:13.208687
2794124313471268077,https://www.hemnet.se/salda/lagenhet-4rum-bromma-appelviken-stockholms-kommun-alviksvagen-30-2794124313471268077,153-187m²,bostadsratt,2026-08-10T12:02:13.208688
203586,https://www.hemnet.se/salda/lagenhet-4rum-city-malmo-kommun-ostergatan-27-604-203586,153-187m²,bostadsratt,2026-08-10T12:02:13.208690
157964,https://www.hemnet.se/salda/lagenhet-5rum-centrum-karlstads-kommun-ostra-torggatan-1-157964,153-187m²,bostadsratt,2026-08-10T12:02:13.208691
1176538,https://www.hemnet.se/salda/lagenhet-6rum-katrineholm-norr-katrineholms-kommun-bondegatan-29-1176538,153-187m²,bostadsratt,2026-08-10T12:02:13.208692
175053,https://www.hemnet.se/salda/lagenhet-6rum-brevik-lidingo-kommun-banvagen-21-b-175053,153-187m²,bostadsratt,2026-08-10T12:02:13.208694
8028327601026518678,https://www.hemnet.se/salda/lagenhet-4rum-stocksund-danderyds-kommun-bengt-farjares-vag-22-8028327601026518678,153-187m²,bostadsratt,2026-08-10T12:02:13.208695
3611920920349881346,https://www.hemnet.se/salda/lagenhet-5rum-centrum-helsingborgs-kommun-drottninggatan-122-3611920920349881346,153-187m²,bostadsratt,2026-08-10T12:02:13.208697
8446815084270752640,https://www.hemnet.se/salda/lagenhet-6rum-centrum-uppsala-kommun-osterplan-13-8446815084270752640,153-187m²,bostadsratt,2026-08-10T12:02:13.208698
1404173465504913714,https://www.hemnet.se/salda/lagenhet-5rum-vasastan-sibirien-stockholms-kommun-roslagsgatan-33-a-1404173465504913714,153-187m²,bostadsratt,2026-08-10T12:02:13.208700
6978224895140313515,https://www.hemnet.se/salda/lagenhet-6rum-norr-norrkopings-kommun-plankgatan-50-6978224895140313515,153-187m²,bostadsratt,2026-08-10T12:02:13.208701
1316636,https://www.hemnet.se/salda/lagenhet-4rum-gamla-stan-stockholms-kommun-bollhusgrand-3-a-1316636,153-187m²,bostadsratt,2026-08-10T12:02:13.208703
1204780,https://www.hemnet.se/salda/lagenhet-6rum-centralt-oster-orebro-kommun-oskarsparken-13-1204780,153-187m²,bostadsratt,2026-08-10T12:02:13.208704
5100280016666804275,https://www.hemnet.se/salda/lagenhet-5rum-mariaberget-stockholms-kommun-bellmansgatan-6b-5100280016666804275,153-187m²,bostadsratt,2026-08-10T12:02:13.208706
256432,https://www.hemnet.se/salda/lagenhet-4rum-linnestaden-goteborgs-kommun-andra-langgatan-53-256432,153-187m²,bostadsratt,2026-08-10T12:02:13.208707
6378963260819271505,https://www.hemnet.se/salda/lagenhet-7rum-munka-ljungby-angelholms-kommun-vaxthusvagen-18-6378963260819271505,153-187m²,bostadsratt,2026-08-10T12:02:13.208708
222168,https://www.hemnet.se/salda/lagenhet-6rum-gashaga-pirar-lidingo-kommun-skepparkroken-16-222168,153-187m²,bostadsratt,2026-08-10T12:02:13.208710
537908,https://www.hemnet.se/salda/lagenhet-5rum-kungsholmen-stockholms-kommun-parkgatan-12-537908,153-187m²,bostadsratt,2026-08-10T12:02:13.208711
905266,"https://www.hemnet.se/salda/lagenhet-5rum-arenastaden-solna-kommun-evenemangsgatan-10,-van-8-905266",153-187m²,bostadsratt,2026-08-10T12:02:13.208713
452388,https://www.hemnet.se/salda/lagenhet-5rum-oster-norrkopings-kommun-nygatan-163-452388,153-187m²,bostadsratt,2026-08-10T12:02:13.208714
7298354616067553071,"https://www.hemnet.se/salda/lagenhet-4rum-kungsholmen-stockholms-kommun-fleminggatan-28,-5tr-7298354616067553071",153-187m²,bostadsratt,2026-08-10T12:02:13.208716
557721,https://www.hemnet.se/salda/lagenhet-6rum-stenstaden-sundsvalls-kommun-nybrogatan-21-557721,153-187m²,bostadsratt,2026-08-10T12:02:13.208719
1101089,https://www.hemnet.se/salda/lagenhet-5rum-lorensberg-goteborgs-kommun-burgardsgatan-16-a-1101089,153-187m²,bostadsratt,2026-08-10T12:02:13.208721
781586,https://www.hemnet.se/salda/lagenhet-5rum-olympia-helsingborgs-kommun-olympiavagen-13-781586,153-187m²,bostadsratt,2026-08-10T12:02:13.208723
102061,"https://www.hemnet.se/salda/lagenhet-8rum-farsta-stockholms-kommun-storforsplan-3,-14tr-102061",153-187m²,bostadsratt,2026-08-10T12:02:13.208724
5586906940103157460,https://www.hemnet.se/salda/lagenhet-5rum-ostermalm-stockholms-kommun-banergatan-51-5586906940103157460,153-187m²,bostadsratt,2026-08-10T12:02:13.208726
1155897,https://www.hemnet.se/salda/lagenhet-6rum-hoganas-uppsala-kommun-s-t-olofsgatan-50a-1155897,153-187m²,bostadsratt,2026-08-10T12:02:13.208728
9159929340269363195,"https://www.hemnet.se/salda/lagenhet-5rum-kungsholmen-stockholms-kommun-fleminggatan-85,-2-tr-9159929340269363195",153-187m²,bostadsratt,2026-08-10T12:02:13.208729
834111,https://www.hemnet.se/salda/lagenhet-5rum-lorensberg-goteborgs-kommun-hedasgatan-14-834111,153-187m²,bostadsratt,2026-08-10T12:02:13.208730
871681,https://www.hemnet.se/salda/lagenhet-6rum-gamla-vaster-malmo-kommun-repslagaregatan-6d-871681,153-187m²,bostadsratt,2026-08-10T12:02:13.208732
1263817,https://www.hemnet.se/salda/lagenhet-6rum-ostermalm-stockholms-kommun-torstenssonsgatan-10-1263817,153-187m²,bostadsratt,2026-08-10T12:02:13.208733
6896195702198173243,https://www.hemnet.se/salda/lagenhet-6rum-kallhall-jarfalla-kommun-teknikvagen-53-6896195702198173243,153-187m²,bostadsratt,2026-08-10T12:02:13.208734
365463,https://www.hemnet.se/salda/lagenhet-5rum-orgryte-karralund-goteborgs-kommun-skillnadsgatan-16a-365463,153-187m²,bostadsratt,2026-08-10T12:02:13.208736
966531,"https://www.hemnet.se/salda/lagenhet-7rum-kungsholmen-hornsbergs-strand-stockholms-kommun-lustgardsgatan-14,-van-9-966531",153-187m²,bostadsratt,2026-08-10T12:02:13.208737
990582,https://www.hemnet.se/salda/lagenhet-5rum-ostermalm-stockholms-kommun-sibyllegatan-33-990582,153-187m²,bostadsratt,2026-08-10T12:02:13.208739
3911164689388369565,"https://www.hemnet.se/salda/lagenhet-4,5rum-ostermalm-stockholms-kommun-ostermalmsgatan-72-3911164689388369565",153-187m²,bostadsratt,2026-08-10T12:02:13.208740
91405,https://www.hemnet.se/salda/lagenhet-5rum-centrum-falu-kommun-bergmastaregatan-3-91405,153-187m²,bostadsratt,2026-08-10T12:02:13.208742
1092777,https://www.hemnet.se/salda/lagenhet-7rum-apoteksskogen-upplands-vasby-kommun-holmvagen-7-1092777,153-187m²,bostadsratt,2026-08-10T12:02:13.208743
929389,https://www.hemnet.se/salda/lagenhet-6rum-mjolkudden-lulea-kommun-radiomasten-177-929389,153-187m²,bostadsratt,2026-08-10T12:02:13.208744
8853125772652439588,https://www.hemnet.se/salda/lagenhet-5rum-city-malmo-kommun-norra-skolgatan-4b-8853125772652439588,153-187m²,bostadsratt,2026-08-10T12:02:13.208746
1080792,"https://www.hemnet.se/salda/lagenhet-6rum-hammarby-sjostad-stockholms-kommun-sjofartsgatan-6,-5-5-1080792",153-187m²,bostadsratt,2026-08-10T12:02:13.208747
1031926,https://www.hemnet.se/salda/lagenhet-5rum-strandvagen-landskrona-kommun-strandvagen-17-1031926,153-187m²,bostadsratt,2026-08-10T12:02:13.208749
819505,https://www.hemnet.se/salda/lagenhet-6rum-vasastan-stockholms-kommun-tegnergatan-45-b-819505,153-187m²,bostadsratt,2026-08-10T12:02:13.208750
524002,https://www.hemnet.se/salda/lagenhet-4rum-ramshall-linkopings-kommun-ramstorpsgatan-35b-524002,153-187m²,bostadsratt,2026-08-10T12:02:13.208751
1181626,https://www.hemnet.se/salda/lagenhet-6rum-vasastaden-goteborgs-kommun-erik-dahlbergsgatan-2-1181626,153-187m²,bostadsratt,2026-08-10T12:02:13.208753
1475302,https://www.hemnet.se/salda/lagenhet-4rum-ostermalm-stockholms-kommun-nybrogatan-19b-1475302,153-187m²,bostadsratt,2026-08-10T12:02:13.208754
6313468065897917890,https://www.hemnet.se/salda/lagenhet-5rum-ostermalm-stockholms-kommun-sturegatan-31-6313468065897917890,153-187m²,bostadsratt,2026-08-10T12:02:13.208756
2783822638346131532,https://www.hemnet.se/salda/lagenhet-5rum-ostermalm-stockholms-kommun-valhallavagen-78-2783822638346131532,153-187m²,bostadsratt,2026-08-10T12:02:13.208757
1132739,https://www.hemnet.se/salda/lagenhet-4rum-solna-gamla-rasunda-solna-kommun-vintervagen-25-1132739,153-187m²,bostadsratt,2026-08-10T12:02:13.208758
1151975,https://www.hemnet.se/salda/lagenhet-6rum-lillgarden-haninge-kommun-kolonilottsvagen-etapp-2-radhus-13-1151975,153-187m²,bostadsratt,2026-08-10T12:02:13.208760
577395993004975425,"https://www.hemnet.se/salda/lagenhet-5rum-vasastan-stockholms-kommun-karlbergsvagen-30,-6-6-tr-577395993004975425",153-187m²,bostadsratt,2026-08-10T12:02:13.208762
1497127,https://www.hemnet.se/salda/lagenhet-4rum-stampen-goteborgs-kommun-ranangsgatan-12-1497127,153-187m²,bostadsratt,2026-08-10T12:02:13.208763
841983,https://www.hemnet.se/salda/lagenhet-5rum-vasastan-stockholms-kommun-norrtullsgatan-22-841983,153-187m²,bostadsratt,2026-08-10T12:02:13.208764
5370215438548064400,https://www.hemnet.se/salda/lagenhet-6rum-gavle-centrum-gavle-kommun-staketgatan-11-5370215438548064400,153-187m²,bostadsratt,2026-08-10T12:02:13.208766
779952,"https://www.hemnet.se/salda/lagenhet-5,5rum-varnhem-malmo-kommun-ostra-forstadsgatan-35b-779952",153-187m²,bostadsratt,2026-08-10T12:02:13.208767
1366796,"https://www.hemnet.se/salda/lagenhet-4,5rum-kungshojd-goteborgs-kommun-kungshojdsgatan-11b-1366796",153-187m²,bostadsratt,2026-08-10T12:02:13.208768
1020845,https://www.hemnet.se/salda/lagenhet-5rum-ostermalm-stockholms-kommun-skeppargatan-5-1020845,153-187m²,bostadsratt,2026-08-10T12:02:13.208770
657829378622408949,"https://www.hemnet.se/salda/lagenhet-7rum-sodermalm-maria-magdalena-stockholms-kommun-magnus-ladulasgatan-33,-4-5-tr-etage-657829378622408949",153-187m²,bostadsratt,2026-08-10T12:02:13.208771
1116051,https://www.hemnet.se/salda/lagenhet-5rum-ostermalm-stockholms-kommun-ostermalmsgatan-100-1116051,153-187m²,bostadsratt,2026-08-10T12:02:13.208773
1080033,https://www.hemnet.se/salda/lagenhet-5rum-goteborg-goteborgs-kommun-surbrunnsgatan-8-1080033,153-187m²,bostadsratt,2026-08-10T12:02:13.208774
55734794467702718,"https://www.hemnet.se/salda/lagenhet-7rum-kungsholmen-norr-malarstrand-stockholms-kommun-norr-malarstrand-22,-7-tr-55734794467702718",153-187m²,bostadsratt,2026-08-10T12:02:13.208776
1269491,https://www.hemnet.se/salda/lagenhet-5rum-ostermalm-stockholms-kommun-iversonsgatan-2-1269491,153-187m²,bostadsratt,2026-08-10T12:02:13.208777
9160962030699274708,https://www.hemnet.se/salda/lagenhet-4rum-centrum-gavle-kommun-drottninggatan-25-9160962030699274708,153-187m²,bostadsratt,2026-08-10T12:02:13.208778
494727,https://www.hemnet.se/salda/lagenhet-5rum-bettorp-orebro-kommun-brf-kornellen-2-494727,153-187m²,bostadsratt,2026-08-10T12:02:13.208780
1320358,https://www.hemnet.se/salda/lagenhet-5rum-birkastan-vasastan-stockholms-kommun-norrbackagatan-22-1320358,153-187m²,bostadsratt,2026-08-10T12:02:13.208781
1080467394070945168,https://www.hemnet.se/salda/lagenhet-6rum-ostermalm-stockholms-kommun-vartavagen-16-1080467394070945168,153-187m²,bostadsratt,2026-08-10T12:02:13.208783
770263,https://www.hemnet.se/salda/lagenhet-5rum-centralt-sodertalje-kommun-tappgatan-4-770263,153-187m²,bostadsratt,2026-08-10T12:02:13.208784
1325554,https://www.hemnet.se/salda/lagenhet-6rum-skytteholm-solna-kommun-nybodagatan-4-1325554,153-187m²,bostadsratt,2026-08-10T12:02:13.208785
2613875375374414346,"https://www.hemnet.se/salda/lagenhet-4,5rum-vasastaden-goteborgs-kommun-aschebergsgatan-41a-2613875375374414346",153-187m²,bostadsratt,2026-08-10T12:02:13.208787
1668424108113961612,https://www.hemnet.se/salda/lagenhet-4rum-kungsholmen-stockholms-kommun-warfvinges-vag-18-1668424108113961612,153-187m²,bostadsratt,2026-08-10T12:02:13.208788
243613,"https://www.hemnet.se/salda/lagenhet-5rum-bromma-akeshov-stockholms-kommun-bergslagsvagen-74,-6-tr-243613",153-187m²,bostadsratt,2026-08-10T12:02:13.208789
1072987,https://www.hemnet.se/salda/lagenhet-5rum-bromma-alvik-appelviken-stockholms-kommun-alviksvagen-1-1072987,153-187m²,bostadsratt,2026-08-10T12:02:13.208791
532995,https://www.hemnet.se/salda/lagenhet-4rum-kattrumpan-kalmar-kommun-ostra-vallgatan-2-532995,153-187m²,bostadsratt,2026-08-10T12:02:13.208792
759748,"https://www.hemnet.se/salda/lagenhet-4rum-stora-essingen-stockholms-kommun-essingeringen-13,-plan-1-2-759748",153-187m²,bostadsratt,2026-08-10T12:02:13.208794
406454,https://www.hemnet.se/salda/lagenhet-6rum-centralt-norr-gavle-kommun-norra-slottsgatan-21-406454,153-187m²,bostadsratt,2026-08-10T12:02:13.208795
3172786962222609419,https://www.hemnet.se/salda/lagenhet-5rum-rorsjostaden-malmo-kommun-kungsgatan-24-3172786962222609419,153-187m²,bostadsratt,2026-08-10T12:02:13.208796
11026298695310407,https://www.hemnet.se/salda/lagenhet-5rum-arenastaden-solna-kommun-evenemangsgatan-8-11026298695310407,153-187m²,bostadsratt,2026-08-10T12:02:13.208798
861524,https://www.hemnet.se/salda/lagenhet-8rum-ofre-slotts-uppsala-kommun-s-t-olofsgatan-4-861524,153-187m²,bostadsratt,2026-08-10T12:02:13.208799
1115699,https://www.hemnet.se/salda/lagenhet-5rum-inom-vallgraven-goteborgs-kommun-sodra-larmgatan-18-1115699,153-187m²,bostadsratt,2026-08-10T12:02:13.208800
1166291,https://www.hemnet.se/salda/lagenhet-6rum-huddinge-huddinge-kommun-skoldmovagen-5-1166291,153-187m²,bostadsratt,2026-08-10T12:02:13.208802
7925256892012885567,https://www.hemnet.se/salda/lagenhet-5rum-norr-helsingborgs-kommun-drottninggatan-51-7925256892012885567,153-187m²,bostadsratt,2026-08-10T12:02:13.208803
5192989571500802449,https://www.hemnet.se/salda/lagenhet-7rum-djursholm-danderyds-kommun-ynglingavagen-34-5192989571500802449,153-187m²,bostadsratt,2026-08-10T12:02:13.208805
5966607248095398336,https://www.hemnet.se/salda/lagenhet-6rum-skytteholm-solna-kommun-nybodagatan-4-5966607248095398336,153-187m²,bostadsratt,2026-08-10T12:02:13.208806
1233246,https://www.hemnet.se/salda/lagenhet-6rum-gamla-vaster-malmo-kommun-repslagaregatan-6-d-1233246,153-187m²,bostadsratt,2026-08-10T12:02:13.208808
8492192493635278561,"https://www.hemnet.se/salda/lagenhet-6rum-farsta-stockholms-kommun-farstavagen-108-b,-vaning-4-5-8492192493635278561",153-187m²,bostadsratt,2026-08-10T12:02:13.208809
557175,"https://www.hemnet.se/salda/lagenhet-6rum-vasastan-city-norrmalm-stockholms-kommun-tegnergatan-16,-1-tr-557175",153-187m²,bostadsratt,2026-08-10T12:02:13.208811
977756,https://www.hemnet.se/salda/lagenhet-5rum-tagaborg-helsingborgs-kommun-karl-x-gustavs-gata-45-977756,153-187m²,bostadsratt,2026-08-10T12:02:13.208812
1278858,https://www.hemnet.se/salda/lagenhet-4rum-gamla-vaster-malmo-kommun-jons-filsgatan-9-1278858,153-187m²,bostadsratt,2026-08-10T12:02:13.208814
1212535,https://www.hemnet.se/salda/lagenhet-5rum-eriksberg-uppsala-kommun-stigbergsvagen-4b-1212535,153-187m²,bostadsratt,2026-08-10T12:02:13.208815
7808001066689068769,https://www.hemnet.se/salda/lagenhet-5rum-fridhemsplan-stockholms-kommun-fleminggatan-28-7808001066689068769,153-187m²,bostadsratt,2026-08-10T12:02:13.208816
1352418,https://www.hemnet.se/salda/lagenhet-8rum-rasunda-solna-kommun-backvagen-3-1352418,153-187m²,bostadsratt,2026-08-10T12:02:13.208818
413315,https://www.hemnet.se/salda/lagenhet-5rum-vagga-karlshamns-kommun-saltsjobadsvagen-25-413315,153-187m²,bostadsratt,2026-08-10T12:02:13.208819
888884,https://www.hemnet.se/salda/lagenhet-4rum-kattrumpan-kalmar-kommun-ostra-vallgatan-2-888884,153-187m²,bostadsratt,2026-08-10T12:02:13.208820
695584,https://www.hemnet.se/salda/lagenhet-6rum-hersby-lidingo-kommun-kyrkvagen-26b-695584,153-187m²,bostadsratt,2026-08-10T12:02:13.208822
361007,https://www.hemnet.se/salda/lagenhet-6rum-slottsstaden-malmo-kommun-ostra-kristinelundsvagen-18c-361007,153-187m²,bostadsratt,2026-08-10T12:02:13.208823
335926,https://www.hemnet.se/salda/lagenhet-5rum-nissastrand-halmstads-kommun-esaias-thorens-gata-5-335926,153-187m²,bostadsratt,2026-08-10T12:02:13.208825
293173,https://www.hemnet.se/salda/lagenhet-6rum-vastra-hamnen-malmo-kommun-vimpelgatan-7-293173,153-187m²,bostadsratt,2026-08-10T12:02:13.208826
760356,https://www.hemnet.se/salda/lagenhet-6rum-norra-guldheden-goteborgs-kommun-reutersgatan-4-760356,153-187m²,bostadsratt,2026-08-10T12:02:13.208828
1392492,https://www.hemnet.se/salda/lagenhet-5rum-ostermalm-stockholms-kommun-engelbrektsgatan-17-1392492,153-187m²,bostadsratt,2026-08-10T12:02:13.208829
1383161,"https://www.hemnet.se/salda/lagenhet-5rum-sodermalm-maria-stockholms-kommun-hornsgatan-64b,-2-tr-1383161",153-187m²,bostadsratt,2026-08-10T12:02:13.208831
902711,https://www.hemnet.se/salda/lagenhet-5rum-vasastan-stockholms-kommun-tegnergatan-48-902711,153-187m²,bostadsratt,2026-08-10T12:02:13.208832
805641,https://www.hemnet.se/salda/lagenhet-6rum-kvarngardet-uppsala-kommun-djaknegatan-10-805641,153-187m²,bostadsratt,2026-08-10T12:02:13.208833
375361,"https://www.hemnet.se/salda/lagenhet-4,5rum-city-malmo-kommun-ostergatan-27-375361",153-187m²,bostadsratt,2026-08-10T12:02:13.208835
5371392746450913767,https://www.hemnet.se/salda/lagenhet-4rum-svartbacken-uppsala-kommun-swedenborgsgatan-61b-5371392746450913767,153-187m²,bostadsratt,2026-08-10T12:02:13.208836
122158,https://www.hemnet.se/salda/lagenhet-7rum-ostra-ljungby-klippans-kommun-blasingevagen-42-122158,153-187m²,bostadsratt,2026-08-10T12:02:13.208837
998402096645562736,https://www.hemnet.se/salda/lagenhet-4rum-strangnas-strangnas-kommun-sundbyvagen-35-998402096645562736,153-187m²,bostadsratt,2026-08-10T12:02:13.208839
1021194,https://www.hemnet.se/salda/lagenhet-5rum-sodermalm-maria-stockholms-kommun-swedenborgsgatan-7-1021194,153-187m²,bostadsratt,2026-08-10T12:02:13.208840
4314883700796826478,https://www.hemnet.se/salda/lagenhet-5rum-ostermalm-stockholms-kommun-grevgatan-18a-4314883700796826478,153-187m²,bostadsratt,2026-08-10T12:02:13.208842
1468014,https://www.hemnet.se/salda/lagenhet-4rum-kallhall-jarfalla-kommun-teknikvagen-61-1468014,153-187m²,bostadsratt,2026-08-10T12:02:13.208843
1290506,https://www.hemnet.se/salda/lagenhet-6rum-centralt-knivsta-kommun-brf-walloxen-1290506,153-187m²,bostadsratt,2026-08-10T12:02:13.208844
8986646468128378259,"https://www.hemnet.se/salda/lagenhet-6,5rum-sodermalm-zinkensdamm-stockholms-kommun-hornsgatan-81-8986646468128378259",153-187m²,bostadsratt,2026-08-10T12:02:13.208846
8089818612917600377,https://www.hemnet.se/salda/lagenhet-6rum-hersby-lidingo-kommun-ostra-norevagen-2-8089818612917600377,153-187m²,bostadsratt,2026-08-10T12:02:13.208847
1313277,https://www.hemnet.se/salda/lagenhet-7rum-limhamn-malmo-kommun-birger-jarlsgatan-26-1313277,153-187m²,bostadsratt,2026-08-10T12:02:13.208849
1397391,https://www.hemnet.se/salda/lagenhet-6rum-saltsjobaden-neglinge-nacka-kommun-vikingavagen-5-1397391,153-187m²,bostadsratt,2026-08-10T12:02:13.208850
679619,https://www.hemnet.se/salda/lagenhet-4rum-maria-park-helsingborgs-kommun-carl-westmans-alle-6c-679619,153-187m²,bostadsratt,2026-08-10T12:02:13.208851
7979641218861812564,https://www.hemnet.se/salda/lagenhet-5rum-linne-goteborgs-kommun-linnegatan-52-7979641218861812564,153-187m²,bostadsratt,2026-08-10T12:02:13.208853
1480647,"https://www.hemnet.se/salda/lagenhet-4,5rum-tingvallastaden-karlstads-kommun-vastra-kanalgatan-1-1480647",153-187m²,bostadsratt,2026-08-10T12:02:13.208854
586221,https://www.hemnet.se/salda/lagenhet-5rum-staffanstorp-centrum-staffanstorps-kommun-apoteksgatan-1b-586221,153-187m²,bostadsratt,2026-08-10T12:02:13.208855
317694,https://www.hemnet.se/salda/lagenhet-4rum-davidshall-malmo-kommun-davidshallsgatan-27a-317694,153-187m²,bostadsratt,2026-08-10T12:02:13.208857
1395136,https://www.hemnet.se/salda/lagenhet-5rum-ostermalm-stockholms-kommun-ostermalmsgatan-46-1395136,153-187m²,bostadsratt,2026-08-10T12:02:13.208858
179517,https://www.hemnet.se/salda/lagenhet-5rum-centralt-norrkopings-kommun-knappingsborgsgatan-11-179517,153-187m²,bostadsratt,2026-08-10T12:02:13.208859
4662219814986905215,https://www.hemnet.se/salda/lagenhet-7rum-norrmalm-sundsvalls-kommun-baldersvagen-14b-4662219814986905215,153-187m²,bostadsratt,2026-08-10T12:02:13.208861
1500520,https://www.hemnet.se/salda/lagenhet-5rum-akeshov-stockholms-kommun-bergslagsvagen-76-1500520,153-187m²,bostadsratt,2026-08-10T12:02:13.208862
357102,https://www.hemnet.se/salda/lagenhet-6rum-savaston-bodens-kommun-kullenvagen-23-357102,153-187m²,bostadsratt,2026-08-10T12:02:13.208863
7717623523126388437,https://www.hemnet.se/salda/lagenhet-5rum-centrum-falkenbergs-kommun-kopmansgatan-3a-7717623523126388437,153-187m²,bostadsratt,2026-08-10T12:02:13.208865
1187529,https://www.hemnet.se/salda/lagenhet-6rum-centrala-akersberga-osterakers-kommun-runvagen-21-1187529,153-187m²,bostadsratt,2026-08-10T12:02:13.208866
628913,https://www.hemnet.se/salda/lagenhet-4rum-rasunda-solna-kommun-rastavagen-8a-628913,153-187m²,bostadsratt,2026-08-10T12:02:13.208867
772964,"https://www.hemnet.se/salda/lagenhet-6rum-vidbynas-nykvarn-nykvarns-kommun-vidbynas-alle-4-,-hus-2-772964",153-187m²,bostadsratt,2026-08-10T12:02:13.208869
1232876825247125015,https://www.hemnet.se/salda/lagenhet-5rum-nasby-park-taby-kommun-starvagen-8b-1232876825247125015,153-187m²,bostadsratt,2026-08-10T12:02:13.208870
1153858,https://www.hemnet.se/salda/lagenhet-5rum-mollevangen-lunds-kommun-mollevangsvagen-16b-1153858,153-187m²,bostadsratt,2026-08-10T12:02:13.208871
2732200981206347625,https://www.hemnet.se/salda/lagenhet-5rum-vasastan-vanadis-stockholms-kommun-norrtullsgatan-22-2732200981206347625,153-187m²,bostadsratt,2026-08-10T12:02:13.208873
315207961369046024,https://www.hemnet.se/salda/lagenhet-5rum-nynashamn-nynashamns-kommun-grevgatan-20f-etage-van-5-5-315207961369046024,153-187m²,bostadsratt,2026-08-10T12:02:13.208875
978878,"https://www.hemnet.se/salda/lagenhet-5,5rum-sodermalm-hogalid-stockholms-kommun-hornsgatan-81-978878",153-187m²,bostadsratt,2026-08-10T12:02:13.208876
787675108863714512,https://www.hemnet.se/salda/lagenhet-6rum-nacka-strand-nacka-kommun-augustendalsvagen-35-787675108863714512,153-187m²,bostadsratt,2026-08-10T12:02:13.208877
8693698821961734690,https://www.hemnet.se/salda/lagenhet-7rum-rosenlund-jonkopings-kommun-eksjogatan-14-b-8693698821961734690,153-187m²,bostadsratt,2026-08-10T12:02:13.208879
556999540075249705,https://www.hemnet.se/salda/lagenhet-6rum-centrala-vasteras-vasteras-kommun-stora-gatan-1d-556999540075249705,153-187m²,bostadsratt,2026-08-10T12:02:13.208880
6609301938396083557,https://www.hemnet.se/salda/lagenhet-4rum-raa-helsingborgs-kommun-jungmansgatan-5-6609301938396083557,153-187m²,bostadsratt,2026-08-10T12:02:13.208881
1273287,https://www.hemnet.se/salda/lagenhet-5rum-vastra-hamnen-malmo-kommun-sundspromenaden-35-1273287,153-187m²,bostadsratt,2026-08-10T12:02:13.208883
8310879086168195318,"https://www.hemnet.se/salda/lagenhet-5rum-ostermalm-stockholms-kommun-birger-jarlsgatan-48,-6tr-8310879086168195318",153-187m²,bostadsratt,2026-08-10T12:02:13.208884
621292,https://www.hemnet.se/salda/lagenhet-6rum-norr-katrineholms-kommun-bondegatan-29-621292,153-187m²,bostadsratt,2026-08-10T12:02:13.208885
3494890794307337414,https://www.hemnet.se/salda/lagenhet-6rum-mjolkudden-lulea-kommun-radiomasten-191-3494890794307337414,153-187m²,bostadsratt,2026-08-10T12:02:13.208887
8128881636177626798,https://www.hemnet.se/salda/lagenhet-5rum-rasunda-solna-kommun-backvagen-8-8128881636177626798,153-187m²,bostadsratt,2026-08-10T12:02:13.208888
1231816327456704501,https://www.hemnet.se/salda/lagenhet-6rum-kallhall-jarfalla-kommun-teknikvagen-105-1231816327456704501,153-187m²,bostadsratt,2026-08-10T12:02:13.208889
5231453669964518482,https://www.hemnet.se/salda/lagenhet-5rum-mjolkudden-lulea-kommun-radiomasten-157-5231453669964518482,153-187m²,bostadsratt,2026-08-10T12:02:13.208891
1296273,https://www.hemnet.se/salda/lagenhet-6rum-hersby-lidingo-kommun-bergsvagen-2-a-1296273,153-187m²,bostadsratt,2026-08-10T12:02:13.208892
673524,"https://www.hemnet.se/salda/lagenhet-5rum-ostermalm-lulea-kommun-rektorsgatan-36,-lgh-a42-673524",153-187m²,bostadsratt,2026-08-10T12:02:13.208893
1131657,https://www.hemnet.se/salda/lagenhet-5rum-tagaborg-helsingborgs-kommun-karl-x-gustavs-gata-34-1131657,153-187m²,bostadsratt,2026-08-10T12:02:13.208895
1015687,https://www.hemnet.se/salda/lagenhet-5rum-kungsholmen-stockholms-kommun-jakob-westinsgatan-5-1015687,153-187m²,bostadsratt,2026-08-10T12:02:13.208896
6384243775107306122,https://www.hemnet.se/salda/lagenhet-5rum-rorsjostaden-malmo-kommun-ostra-forstadsgatan-35b-6384243775107306122,153-187m²,bostadsratt,2026-08-10T12:02:13.208898
1404006,https://www.hemnet.se/salda/lagenhet-6rum-nyhem-finspangs-kommun-blabarsstigen-36-1404006,153-187m²,bostadsratt,2026-08-10T12:02:13.208899
681028,https://www.hemnet.se/salda/lagenhet-5rum-centralt-gavle-kommun-norra-strandgatan-29-681028,153-187m²,bostadsratt,2026-08-10T12:02:13.208900
483605,https://www.hemnet.se/salda/lagenhet-4rum-norr-helsingborgs-kommun-drottninggatan-162-483605,153-187m²,bostadsratt,2026-08-10T12:02:13.208902
1246838,"https://www.hemnet.se/salda/lagenhet-4rum-solna-gamla-rasunda-slottet-solna-kommun-rastavagen-8a,-3-tr-1246838",153-187m²,bostadsratt,2026-08-10T12:02:13.208903
6560551428735752133,"https://www.hemnet.se/salda/lagenhet-5,5rum-kungsholmen-stockholms-kommun-fleminggatan-21,-1tr-accepterat-pris-6560551428735752133",153-187m²,bostadsratt,2026-08-10T12:02:13.208905
1092051,https://www.hemnet.se/salda/lagenhet-4rum-lorensberg-goteborgs-kommun-engelbrektsgatan-37-1092051,153-187m²,bostadsratt,2026-08-10T12:02:13.208906
358097,"https://www.hemnet.se/salda/lagenhet-6rum-ostermalm-stockholms-kommun-stureparken-5,-2-tr-358097",153-187m²,bostadsratt,2026-08-10T12:02:13.208908
1148590282167153563,https://www.hemnet.se/salda/lagenhet-5rum-ostermalm-stockholms-kommun-riddargatan-39-1148590282167153563,153-187m²,bostadsratt,2026-08-10T12:02:13.208910
7762411770799100332,https://www.hemnet.se/salda/lagenhet-4rum-ostermalm-stockholms-kommun-karlavagen-84-7762411770799100332,153-187m²,bostadsratt,2026-08-10T12:02:13.208911
1144010,https://www.hemnet.se/salda/lagenhet-5rum-ostermalm-stockholms-kommun-engelbrektsgatan-17-1144010,153-187m²,bostadsratt,2026-08-10T12:02:13.208912
2234741869907046097,https://www.hemnet.se/salda/lagenhet-5rum-ostermalm-stockholms-kommun-karlavagen-48-2234741869907046097,153-187m²,bostadsratt,2026-08-10T12:02:13.208914
1016991,https://www.hemnet.se/salda/lagenhet-6rum-ribersborg-malmo-kommun-regementsgatan-21-1016991,153-187m²,bostadsratt,2026-08-10T12:02:13.208915
832702,https://www.hemnet.se/salda/lagenhet-5rum-city-malmo-kommun-henrik-smithsgatan-1-832702,153-187m²,bostadsratt,2026-08-10T12:02:13.208916
50476,https://www.hemnet.se/salda/lagenhet-5rum-ostermalm-sundsvalls-kommun-mogatan-16-50476,153-187m²,bostadsratt,2026-08-10T12:02:13.208918
1505120,https://www.hemnet.se/salda/lagenhet-6rum-centralt-upplands-vasby-kommun-holmvagen-21-1505120,153-187m²,bostadsratt,2026-08-10T12:02:13.208919
1149043,https://www.hemnet.se/salda/lagenhet-4rum-centrum-alingsas-kommun-prastgardsvagen-1a-1149043,153-187m²,bostadsratt,2026-08-10T12:02:13.208920
1312288,https://www.hemnet.se/salda/lagenhet-5rum-vasastan-stockholms-kommun-sveavagen-111-1312288,153-187m²,bostadsratt,2026-08-10T12:02:13.208922
6809244671771610137,https://www.hemnet.se/salda/lagenhet-6rum-nacka-nacka-kommun-hebbes-grand-12-6809244671771610137,153-187m²,bostadsratt,2026-08-10T12:02:13.208923
3521927460057372805,https://www.hemnet.se/salda/lagenhet-5rum-centralt-vasastaden-linkopings-kommun-platensgatan-23a-3521927460057372805,153-187m²,bostadsratt,2026-08-10T12:02:13.208924
891095,https://www.hemnet.se/salda/lagenhet-5rum-malmo-opera-malmo-kommun-helmfeltsgatan-4a-891095,153-187m²,bostadsratt,2026-08-10T12:02:13.208926
6776888374664559074,https://www.hemnet.se/salda/lagenhet-5rum-nedre-gardet-ostermalm-stockholms-kommun-carl-akrells-gata-2-6776888374664559074,153-187m²,bostadsratt,2026-08-10T12:02:13.208927
1486707,https://www.hemnet.se/salda/lagenhet-5rum-ostermalm-stockholms-kommun-styrmansgatan-52-1486707,153-187m²,bostadsratt,2026-08-10T12:02:13.208929
1297013,https://www.hemnet.se/salda/lagenhet-7rum-are-bjornen-are-kommun-bjornenvagen-37-1297013,153-187m²,bostadsratt,2026-08-10T12:02:13.208930
251065,https://www.hemnet.se/salda/lagenhet-6rum-toarps-ekoby-oxie-kyrkby-malmo-kommun-n-p-skolds-vag-85-251065,153-187m²,bostadsratt,2026-08-10T12:02:13.208931
5895858536584795281,https://www.hemnet.se/salda/lagenhet-6rum-sundsvall-vastermalm-norrmalm-sundsvalls-kommun-baldersvagen-16b-5895858536584795281,153-187m²,bostadsratt,2026-08-10T12:02:13.208933
6948488135729063683,https://www.hemnet.se/salda/lagenhet-5rum-ostermalm-stockholms-kommun-ostermalmsgatan-1-6948488135729063683,153-187m²,bostadsratt,2026-08-10T12:02:13.208934
782923,https://www.hemnet.se/salda/lagenhet-7rum-ribersborg-malmo-kommun-sergels-vag-14b-782923,153-187m²,bostadsratt,2026-08-10T12:02:13.208936
8631595610205247943,https://www.hemnet.se/salda/lagenhet-5rum-tunavallen-eskilstuna-kommun-tunavallsgranden-2-8631595610205247943,153-187m²,bostadsratt,2026-08-10T12:02:13.208937
773333,https://www.hemnet.se/salda/lagenhet-5rum-finspangs-kommun-saterhyddan-3c-773333,153-187m²,bostadsratt,2026-08-10T12:02:13.208938
175257,"https://www.hemnet.se/salda/lagenhet-5rum-bymarken-jonkopings-kommun-albert-engstroms-vag-8,-lgh-1-175257",153-187m²,bostadsratt,2026-08-10T12:02:13.208940
5463663467749864721,https://www.hemnet.se/salda/lagenhet-4rum-centralt-kalmar-kommun-ostra-vallgatan-2-5463663467749864721,153-187m²,bostadsratt,2026-08-10T12:02:13.208941
6120645658146183062,https://www.hemnet.se/salda/lagenhet-6rum-triangeln-malmo-kommun-kapellgatan-8-6120645658146183062,153-187m²,bostadsratt,2026-08-10T12:02:13.208943
1095265,https://www.hemnet.se/salda/lagenhet-6rum-gjuteriet-ystads-kommun-gotgangen-106-1095265,153-187m²,bostadsratt,2026-08-10T12:02:13.208944
1108024,https://www.hemnet.se/salda/lagenhet-6rum-vasastan-stockholms-kommun-observatoriegatan-6-1108024,153-187m²,bostadsratt,2026-08-10T12:02:13.208945
5093002080772188596,https://www.hemnet.se/salda/lagenhet-6rum-ostermalm-stockholms-kommun-grevgatan-22-5093002080772188596,153-187m²,bostadsratt,2026-08-10T12:02:13.208947
7511158742501063439,https://www.hemnet.se/salda/lagenhet-6rum-slottsstaden-malmo-kommun-regementsgatan-60-7511158742501063439,153-187m²,bostadsratt,2026-08-10T12:02:13.208948
550672,https://www.hemnet.se/salda/lagenhet-6rum-orbyhus-tierps-kommun-tibyvagen-1a-550672,153-187m²,bostadsratt,2026-08-10T12:02:13.208950
699522,https://www.hemnet.se/salda/lagenhet-6rum-munka-ljungby-angelholms-kommun-vaxthusvagen-2-699522,153-187m²,bostadsratt,2026-08-10T12:02:13.208951
867082,"https://www.hemnet.se/salda/lagenhet-4rum-sodermalm-hogalid-hornstull-stockholms-kommun-hornsgatan-81,-4-tr-867082",153-187m²,bostadsratt,2026-08-10T12:02:13.208952
1471145,https://www.hemnet.se/salda/lagenhet-4rum-rorsjostaden-malmo-kommun-foreningsgatan-75b-1471145,153-187m²,bostadsratt,2026-08-10T12:02:13.208954
1081800,https://www.hemnet.se/salda/lagenhet-5rum-centrum-uppsala-kommun-eddagatan-6-1081800,153-187m²,bostadsratt,2026-08-10T12:02:13.208955
1584572556795482763,"https://www.hemnet.se/salda/lagenhet-5,5rum-jakobsdal-goteborgs-kommun-karlfeldtsgatan-10-1584572556795482763",153-187m²,bostadsratt,2026-08-10T12:02:13.208956
1088691,https://www.hemnet.se/salda/lagenhet-4rum-garda-goteborgs-kommun-vadursgatan-4-a-1088691,153-187m²,bostadsratt,2026-08-10T12:02:13.208958
1123865,https://www.hemnet.se/salda/lagenhet-6rum-gjuteriet-ystads-kommun-gotgangen-52-1123865,153-187m²,bostadsratt,2026-08-10T12:02:13.208959
1382247,https://www.hemnet.se/salda/lagenhet-5rum-city-malmo-kommun-amiralsgatan-6-1382247,153-187m²,bostadsratt,2026-08-10T12:02:13.208960
814996,https://www.hemnet.se/salda/lagenhet-3rum-centrum-vasteras-kommun-skomakargatan-3-814996,153-187m²,bostadsratt,2026-08-10T12:02:13.208962
1194594,"https://www.hemnet.se/salda/lagenhet-5rum-kungsholmen-stockholms-kommun-svarvargatan-7,-4-tr-1194594",153-187m²,bostadsratt,2026-08-10T12:02:13.208963
1411499,https://www.hemnet.se/salda/lagenhet-4rum-hammarby-sjostad-stockholms-kommun-babordsgatan-23-1411499,153-187m²,bostadsratt,2026-08-10T12:02:13.208964
5400727787035369268,https://www.hemnet.se/salda/lagenhet-5rum-saltsjobaden-nacka-kommun-skyttevagen-18a-5400727787035369268,153-187m²,bostadsratt,2026-08-10T12:02:13.208966
718444,https://www.hemnet.se/salda/lagenhet-6rum-nykvarn-vidbynas-nykvarns-kommun-vidbynaspark-hus-15-718444,153-187m²,bostadsratt,2026-08-10T12:02:13.208967
186056,https://www.hemnet.se/salda/lagenhet-9rum-rindo-vaxholms-kommun-vegabacken-30-186056,153-187m²,bostadsratt,2026-08-10T12:02:13.208968
474295,https://www.hemnet.se/salda/lagenhet-4rum-visby-hallarna-gotlands-kommun-visborgsgatan-51-a-474295,153-187m²,bostadsratt,2026-08-10T12:02:13.208970
5553790394070298846,"https://www.hemnet.se/salda/lagenhet-6rum-frosunda-solna-kommun-gustav-iii-s-boulevard-41,-6-7-tr-5553790394070298846",153-187m²,bostadsratt,2026-08-10T12:02:13.208972
2161255747779824477,https://www.hemnet.se/salda/lagenhet-5rum-centralt-knivsta-kommun-margaretavagen-47-a-l103-2161255747779824477,153-187m²,bostadsratt,2026-08-10T12:02:13.208973
1100898,https://www.hemnet.se/salda/lagenhet-6rum-rorsjostaden-malmo-kommun-s-t-pauli-kyrkogata-8-1100898,153-187m²,bostadsratt,2026-08-10T12:02:13.208975
7507858794513383663,https://www.hemnet.se/salda/lagenhet-5rum-kungsholmen-stockholms-kommun-igeldammsgatan-22b-7507858794513383663,153-187m²,bostadsratt,2026-08-10T12:02:13.208976
1397272,https://www.hemnet.se/salda/lagenhet-5rum-ostermalm-stockholms-kommun-torstenssonsgatan-15-1397272,153-187m²,bostadsratt,2026-08-10T12:02:13.208978
118417092020227655,https://www.hemnet.se/salda/lagenhet-5rum-ostermalm-vasteras-kommun-stora-gatan-2d-118417092020227655,153-187m²,bostadsratt,2026-08-10T12:02:13.208979
4493003766025602576,https://www.hemnet.se/salda/lagenhet-6rum-runo-osterakers-kommun-runvagen-15-4493003766025602576,153-187m²,bostadsratt,2026-08-10T12:02:13.208980
57267,"https://www.hemnet.se/salda/lagenhet-6rum-solna-skytteholm-solna-kommun-nybodagatan-10,-1tr-57267",153-187m²,bostadsratt,2026-08-10T12:02:13.208982
893620,https://www.hemnet.se/salda/lagenhet-5rum-rorsjostaden-malmo-kommun-ehrensvardsgatan-17-893620,153-187m²,bostadsratt,2026-08-10T12:02:13.208983
7154699123126190891,https://www.hemnet.se/salda/lagenhet-3rum-borgholm-borgholms-kommun-hamnvagen-18-7154699123126190891,153-187m²,bostadsratt,2026-08-10T12:02:13.208984
5343687752592982665,https://www.hemnet.se/salda/lagenhet-7rum-skogas-huddinge-kommun-loftvagen-10-5343687752592982665,153-187m²,bostadsratt,2026-08-10T12:02:13.208986
209825,https://www.hemnet.se/salda/lagenhet-6rum-ostermalm-stockholms-kommun-kommendorsgatan-8-h-209825,153-187m²,bostadsratt,2026-08-10T12:02:13.208987
2811876759605842106,https://www.hemnet.se/salda/lagenhet-7rum-falhagen-uppsala-kommun-vaderkvarnsgatan-42b-2811876759605842106,153-187m²,bostadsratt,2026-08-10T12:02:13.208989
7976081316377473121,https://www.hemnet.se/salda/lagenhet-4rum-s-t-knut-malmo-kommun-bokhallaregatan-33-7976081316377473121,153-187m²,bostadsratt,2026-08-10T12:02:13.208990
990998,"https://www.hemnet.se/salda/lagenhet-5rum-kungsholmen-stockholms-kommun-pipersgatan-6,-3-tr-990998",153-187m²,bostadsratt,2026-08-10T12:02:13.208991
2399667248229791776,https://www.hemnet.se/salda/lagenhet-7rum-centralt-kalmar-kommun-malmbrogatan-2c-2399667248229791776,153-187m²,bostadsratt,2026-08-10T12:02:13.208993
1463973,https://www.hemnet.se/salda/lagenhet-5rum-hoganas-uppsala-kommun-storgatan-8-1463973,153-187m²,bostadsratt,2026-08-10T12:02:13.208994
5934754607777457328,https://www.hemnet.se/salda/lagenhet-5rum-vastra-hamnen-malmo-kommun-propellergatan-13-5934754607777457328,153-187m²,bostadsratt,2026-08-10T12:02:13.208995
1132514,"https://www.hemnet.se/salda/lagenhet-5rum-kungsholmen-stockholms-kommun-fleminggatan-85,-4tr-1132514",153-187m²,bostadsratt,2026-08-10T12:02:13.208997
1030449,https://www.hemnet.se/salda/lagenhet-5rum-lund-centrum-lunds-kommun-karl-xii-gatan-9-1030449,153-187m²,bostadsratt,2026-08-10T12:02:13.208998
8607256653542032507,https://www.hemnet.se/salda/lagenhet-7rum-stocksund-danderyds-kommun-stockholmsvagen-52-d-8607256653542032507,153-187m²,bostadsratt,2026-08-10T12:02:13.208999
608224,https://www.hemnet.se/salda/lagenhet-5rum-centrum-norr-helsingborgs-kommun-tagagatan-2-608224,153-187m²,bostadsratt,2026-08-10T12:02:13.209001
668008,https://www.hemnet.se/salda/lagenhet-4rum-vastra-hamnen-malmo-kommun-sundspromenaden-35-668008,153-187m²,bostadsratt,2026-08-10T12:02:13.209002
1032370,https://www.hemnet.se/salda/lagenhet-6rum-mjolkudden-lulea-kommun-radiomasten-123-1032370,153-187m²,bostadsratt,2026-08-10T12:02:13.209003
1296210,https://www.hemnet.se/salda/lagenhet-3rum-kvarnholmen-ango-kalmar-kommun-jeanssonvagen-1296210,153-187m²,bostadsratt,2026-08-10T12:02:13.209005
1131597,https://www.hemnet.se/salda/lagenhet-4rum-ostermalm-stockholms-kommun-grevgatan-54-1131597,153-187m²,bostadsratt,2026-08-10T12:02:13.209006
7072682852255979545,https://www.hemnet.se/salda/lagenhet-5rum-centrum-gavle-kommun-nygatan-35-7072682852255979545,153-187m²,bostadsratt,2026-08-10T12:02:13.209008
1504197,https://www.hemnet.se/salda/lagenhet-7rum-hogfjallet-malung-salens-kommun-liftvagen-4-1504197,153-187m²,bostadsratt,2026-08-10T12:02:13.209009
8196015907674843266,https://www.hemnet.se/salda/lagenhet-6rum-linne-goteborgs-kommun-linnegatan-33-8196015907674843266,153-187m²,bostadsratt,2026-08-10T12:02:13.209010
610790,https://www.hemnet.se/salda/lagenhet-5rum-solbacken-malmo-kommun-vilebovagen-23f-610790,153-187m²,bostadsratt,2026-08-10T12:02:13.209012
8398894972151425731,https://www.hemnet.se/salda/lagenhet-5rum-centrala-linkoping-linkopings-kommun-linnegatan-25a-8398894972151425731,153-187m²,bostadsratt,2026-08-10T12:02:13.209024
6372754906535078301,https://www.hemnet.se/salda/lagenhet-5rum-djursholm-danderyds-kommun-sveavagen-7c-6372754906535078301,153-187m²,bostadsratt,2026-08-10T12:02:13.209026
1452048,https://www.hemnet.se/salda/lagenhet-6rum-akersberga-centralt-osterakers-kommun-vikingavagen-21-1452048,153-187m²,bostadsratt,2026-08-10T12:02:13.209027
1119967,https://www.hemnet.se/salda/lagenhet-5rum-ostermalm-stockholms-kommun-skeppargatan-49b-1119967,153-187m²,bostadsratt,2026-08-10T12:02:13.209029
1414307,https://www.hemnet.se/salda/lagenhet-5rum-centralt-nynashamns-kommun-floravagen-19-1414307,153-187m²,bostadsratt,2026-08-10T12:02:13.209030
6341189882855285706,"https://www.hemnet.se/salda/lagenhet-7rum-grondal-stockholms-kommun-grenljusbacken-26,-van-11,5-12,5-6341189882855285706",153-187m²,bostadsratt,2026-08-10T12:02:13.209032
1154215,https://www.hemnet.se/salda/lagenhet-5rum-storgardet-strangnas-kommun-samtingsgatan-6-1154215,153-187m²,bostadsratt,2026-08-10T12:02:13.209033
177844,https://www.hemnet.se/salda/lagenhet-6rum-vastra-hamnen-malmo-kommun-kompassgatan-3-177844,153-187m²,bostadsratt,2026-08-10T12:02:13.209034
765975179161292176,https://www.hemnet.se/salda/lagenhet-5rum-centralt-gavle-kommun-nygatan-35-765975179161292176,153-187m²,bostadsratt,2026-08-10T12:02:13.209036
1099737,https://www.hemnet.se/salda/lagenhet-5rum-brevik-lidingo-kommun-sodra-kungsvagen-228-1099737,153-187m²,bostadsratt,2026-08-10T12:02:13.209037
6158814373744375710,https://www.hemnet.se/salda/lagenhet-5rum-tagaborg-helsingborgs-kommun-helmfeltsgatan-9b-6158814373744375710,153-187m²,bostadsratt,2026-08-10T12:02:13.209038
1149353,https://www.hemnet.se/salda/lagenhet-4rum-centralt-norrkopings-kommun-nygatan-163-1149353,153-187m²,bostadsratt,2026-08-10T12:02:13.209040
4401734153868129548,https://www.hemnet.se/salda/lagenhet-5rum-anderstorp-skelleftea-kommun-hemmansgatan-101-4401734153868129548,153-187m²,bostadsratt,2026-08-10T12:02:13.209041
70471077179750105,https://www.hemnet.se/salda/lagenhet-6rum-centrum-helsingborgs-kommun-nedre-langvinkelsgatan-7-70471077179750105,153-187m²,bostadsratt,2026-08-10T12:02:13.209042
466578,https://www.hemnet.se/salda/lagenhet-5rum-lorensberg-vasastaden-goteborgs-kommun-hedasgatan-14-466578,153-187m²,bostadsratt,2026-08-10T12:02:13.209044
168059,https://www.hemnet.se/salda/lagenhet-6rum-norrmalm-sundsvalls-kommun-baldersvagen-14-b-168059,153-187m²,bostadsratt,2026-08-10T12:02:13.209045
604444,"https://www.hemnet.se/salda/lagenhet-5,5rum-nedre-johanneberg-goteborgs-kommun-terrassgatan-7-604444",153-187m²,bostadsratt,2026-08-10T12:02:13.209046
1504172,"https://www.hemnet.se/salda/lagenhet-6,5rum-centralt-eslovs-kommun-kanalgatan-32b-1504172",153-187m²,bostadsratt,2026-08-10T12:02:13.209048
4125252513402265749,https://www.hemnet.se/salda/lagenhet-4rum-radmansvangen-triangeln-malmo-kommun-sodra-forstadsgatan-84a-4125252513402265749,153-187m²,bostadsratt,2026-08-10T12:02:13.209049
462193,https://www.hemnet.se/salda/lagenhet-5rum-bymarken-jonkopings-kommun-swedenborgsgatan-14-462193,153-187m²,bostadsratt,2026-08-10T12:02:13.209051
1022876,https://www.hemnet.se/salda/lagenhet-4rum-centrum-lunds-kommun-aromalund-carl-bernlunds-gata-1022876,153-187m²,bostadsratt,2026-08-10T12:02:13.209052
1470021,https://www.hemnet.se/salda/lagenhet-5rum-ostermalm-stockholms-kommun-ostermalmsgatan-46-1470021,153-187m²,bostadsratt,2026-08-10T12:02:13.209053
463849,https://www.hemnet.se/salda/lagenhet-5rum-lund-centrum-lunds-kommun-dalbyvagen-27-463849,153-187m²,bostadsratt,2026-08-10T12:02:13.209055
2283588099555061419,https://www.hemnet.se/salda/lagenhet-4rum-centrum-vasteras-kommun-kristinagatan-10b-2283588099555061419,153-187m²,bostadsratt,2026-08-10T12:02:13.209056
1490396,https://www.hemnet.se/salda/lagenhet-6rum-valosundet-kristinehamns-kommun-hjalmarsnasvagen-112-1490396,153-187m²,bostadsratt,2026-08-10T12:02:13.209057
2823090699829741290,https://www.hemnet.se/salda/lagenhet-5rum-sodermalm-stockholms-kommun-hogbergsgatan-54-2823090699829741290,153-187m²,bostadsratt,2026-08-10T12:02:13.209059
582428,"https://www.hemnet.se/salda/lagenhet-5rum-lilla-essingen-stockholms-kommun-primusgatan-98,-7tr-582428",153-187m²,bostadsratt,2026-08-10T12:02:13.209060
5045875037845998468,https://www.hemnet.se/salda/lagenhet-5rum-vasastaden-goteborgs-kommun-vastergatan-2a-5045875037845998468,153-187m²,bostadsratt,2026-08-10T12:02:13.209061
6345139997653238700,https://www.hemnet.se/salda/lagenhet-5rum-norra-guldheden-goteborgs-kommun-reutersgatan-4-6345139997653238700,153-187m²,bostadsratt,2026-08-10T12:02:13.209063
5586913960353152000,"https://www.hemnet.se/salda/lagenhet-4,5rum-falhagen-uppsala-kommun-syrengatan-6-5586913960353152000",153-187m²,bostadsratt,2026-08-10T12:02:13.209064
1276284,https://www.hemnet.se/salda/lagenhet-5rum-sodertalje-centrum-sodertalje-kommun-jarnagatan-1-1276284,153-187m²,bostadsratt,2026-08-10T12:02:13.209065
4614641980814693719,https://www.hemnet.se/salda/lagenhet-6rum-centralt-soder-norrkopings-kommun-nygatan-13-4614641980814693719,153-187m²,bostadsratt,2026-08-10T12:02:13.209067
149631,https://www.hemnet.se/salda/lagenhet-6rum-vasastaden-goteborgs-kommun-erik-dahlbergsgatan-2-149631,153-187m²,bostadsratt,2026-08-10T12:02:13.209068
3561199514973064700,https://www.hemnet.se/salda/lagenhet-5rum-mjolkudden-lulea-kommun-radiomasten-159-3561199514973064700,153-187m²,bostadsratt,2026-08-10T12:02:13.209069
1457681,"https://www.hemnet.se/salda/lagenhet-5,5rum-orgryte-goteborgs-kommun-karlfeldtsgatan-10-1457681",153-187m²,bostadsratt,2026-08-10T12:02:13.209071
1003927,https://www.hemnet.se/salda/lagenhet-5rum-naset-lidingo-kommun-karins-alle-8-1003927,153-187m²,bostadsratt,2026-08-10T12:02:13.209072
554374,https://www.hemnet.se/salda/lagenhet-6rum-ostra-ljungby-klippans-kommun-blasingevagen-42-554374,153-187m²,bostadsratt,2026-08-10T12:02:13.209073
7287279649872072836,https://www.hemnet.se/salda/lagenhet-5rum-centrum-fagersta-kommun-vastmannavagen-5a-7287279649872072836,153-187m²,bostadsratt,2026-08-10T12:02:13.209075
296947,"https://www.hemnet.se/salda/lagenhet-6rum-vasastan-stockholms-kommun-tre-liljor-3,-2-tr-296947",153-187m²,bostadsratt,2026-08-10T12:02:13.209076
1283289,https://www.hemnet.se/salda/lagenhet-5rum-sorbyangen-orebro-kommun-studievagen-17-1283289,153-187m²,bostadsratt,2026-08-10T12:02:13.209077
568132,https://www.hemnet.se/salda/lagenhet-4rum-kvarnberget-alingsas-kommun-kvarnbacken-42-568132,153-187m²,bostadsratt,2026-08-10T12:02:13.209079
1464075,https://www.hemnet.se/salda/lagenhet-5rum-grondals-strand-stockholms-kommun-ekensbergskajen-5-1464075,153-187m²,bostadsratt,2026-08-10T12:02:13.209080
4102176911538782732,https://www.hemnet.se/salda/lagenhet-4rum-gruvlyckan-sommarro-karlstads-kommun-leopold-nygrens-promenad-14-4102176911538782732,153-187m²,bostadsratt,2026-08-10T12:02:13.209081
958088,https://www.hemnet.se/salda/lagenhet-6rum-vasastaden-goteborgs-kommun-haga-kyrkogata-16-a-958088,153-187m²,bostadsratt,2026-08-10T12:02:13.209083
9183436453824111574,"https://www.hemnet.se/salda/lagenhet-4,5rum-vaster-nykopings-kommun-vastra-tradgardsgatan-65a-9183436453824111574",153-187m²,bostadsratt,2026-08-10T12:02:13.209084
3145714774347942165,https://www.hemnet.se/salda/lagenhet-6rum-myrangen-huddinge-kommun-bjornspinnarvagen-83-3145714774347942165,153-187m²,bostadsratt,2026-08-10T12:02:13.209086
4657248981923739563,https://www.hemnet.se/salda/lagenhet-4rum-sundby-park-strangnas-kommun-sundbyvagen-35-4657248981923739563,153-187m²,bostadsratt,2026-08-10T12:02:13.209087
1478235,"https://www.hemnet.se/salda/lagenhet-4rum-birkastan-stockholms-kommun-sankt-eriksplan-10,-4tr-1478235",153-187m²,bostadsratt,2026-08-10T12:02:13.209088
4479718334893058346,https://www.hemnet.se/salda/lagenhet-5rum-malmen-kalmar-kommun-smalandsgatan-1a-4479718334893058346,153-187m²,bostadsratt,2026-08-10T12:02:13.209090
179081,https://www.hemnet.se/salda/lagenhet-5rum-stallhagen-slottstradgarden-vasteras-kommun-nanna-svartz-gata-5-179081,153-187m²,bostadsratt,2026-08-10T12:02:13.209091
616667,https://www.hemnet.se/salda/lagenhet-5rum-nissastrand-halmstads-kommun-egon-ostlunds-gata-2-616667,153-187m²,bostadsratt,2026-08-10T12:02:13.209093
2120223670839038041,https://www.hemnet.se/salda/lagenhet-3rum-ronninge-salems-kommun-soderby-gards-vag-69-2120223670839038041,153-187m²,bostadsratt,2026-08-10T12:02:13.209094
1498426,https://www.hemnet.se/salda/lagenhet-7rum-jarlaberg-nacka-kommun-diligensvagen-11-1498426,153-187m²,bostadsratt,2026-08-10T12:02:13.209095
1213934,https://www.hemnet.se/salda/lagenhet-5rum-centrala-hisingen-goteborgs-kommun-grona-annas-gata-1-1213934,153-187m²,bostadsratt,2026-08-10T12:02:13.209097
1155942,https://www.hemnet.se/salda/lagenhet-5rum-nedre-gardet-stockholms-kommun-vartavagen-39-1155942,153-187m²,bostadsratt,2026-08-10T12:02:13.209098
939418,https://www.hemnet.se/salda/lagenhet-7rum-hollviken-gya-vellinge-kommun-gyavagen-5e-939418,153-187m²,bostadsratt,2026-08-10T12:02:13.209099
8779317250832950025,https://www.hemnet.se/salda/lagenhet-5rum-anderstorp-skelleftea-kommun-fabodgatan-50-8779317250832950025,153-187m²,bostadsratt,2026-08-10T12:02:13.209101
997140,https://www.hemnet.se/salda/lagenhet-5rum-ovre-slotts-uppsala-kommun-ovre-slottsgatan-10-997140,153-187m²,bostadsratt,2026-08-10T12:02:13.209102
2864355432693310542,https://www.hemnet.se/salda/lagenhet-6rum-soder-hasthaga-varbergs-kommun-gerlachs-vag-4-2864355432693310542,153-187m²,bostadsratt,2026-08-10T12:02:13.209103
1319681,https://www.hemnet.se/salda/lagenhet-6rum-centrum-uppsala-kommun-nedre-slottsgatan-20-1319681,153-187m²,bostadsratt,2026-08-10T12:02:13.209105
81808,"https://www.hemnet.se/salda/lagenhet-5rum-midsommarkransen-aspudden-stockholms-kommun-fastlagsvagen-54,-3-tr-81808",153-187m²,bostadsratt,2026-08-10T12:02:13.209106
822878,"https://www.hemnet.se/salda/lagenhet-4,5rum-lorensberg-goteborgs-kommun-olof-wijksgatan-2-a-822878",153-187m²,bostadsratt,2026-08-10T12:02:13.209108
1371353039654298151,https://www.hemnet.se/salda/lagenhet-5rum-centrum-helsingborgs-kommun-sodra-strandgatan-15-1371353039654298151,153-187m²,bostadsratt,2026-08-10T12:02:13.209109
740862,https://www.hemnet.se/salda/lagenhet-5rum-stocksund-danderyds-kommun-vasavagen-7-740862,153-187m²,bostadsratt,2026-08-10T12:02:13.209110
1326437,"https://www.hemnet.se/salda/lagenhet-5,5rum-norra-djurgardsstaden-stockholms-kommun-spanielgatan-7-1326437",153-187m²,bostadsratt,2026-08-10T12:02:13.209112
120343,https://www.hemnet.se/salda/lagenhet-3rum-centralt-s-t-olofs-sjo-landskrona-kommun-foreningsgatan-132-120343,153-187m²,bostadsratt,2026-08-10T12:02:13.209113
139472,https://www.hemnet.se/salda/lagenhet-6rum-vemdalsskalet-harjedalens-kommun-skalspasset-139472,153-187m²,bostadsratt,2026-08-10T12:02:13.209114
575720,https://www.hemnet.se/salda/lagenhet-4rum-lund-centrum-lunds-kommun-ostra-vallgatan-43-575720,153-187m²,bostadsratt,2026-08-10T12:02:13.209116
1237737,https://www.hemnet.se/salda/lagenhet-5rum-sandsbro-vaxjo-kommun-lilla-fylleryd-11e-1237737,153-187m²,bostadsratt,2026-08-10T12:02:13.209117
587041,https://www.hemnet.se/salda/lagenhet-6rum-hovsta-orebro-kommun-gladarbergsvagen-57-587041,153-187m²,bostadsratt,2026-08-10T12:02:13.209119
3027708071086979194,https://www.hemnet.se/salda/lagenhet-5rum-falhagen-uppsala-kommun-norrtaljegatan-9b-3027708071086979194,153-187m²,bostadsratt,2026-08-10T12:02:13.209120
441839313304056387,https://www.hemnet.se/salda/lagenhet-5rum-kladesholmen-tjorns-kommun-strandgatan-67d-lgh-2-441839313304056387,153-187m²,bostadsratt,2026-08-10T12:02:13.209121
621564,https://www.hemnet.se/salda/lagenhet-4rum-strandvagen-landskrona-kommun-strandvagen-17-621564,153-187m²,bostadsratt,2026-08-10T12:02:13.209123
1071551,"https://www.hemnet.se/salda/lagenhet-4rum-kungsholmen-hornsbergs-strand-stockholms-kommun-warfvinges-vag-18,-vaning-14-15-1071551",153-187m²,bostadsratt,2026-08-10T12:02:13.209124
4085825775139649819,https://www.hemnet.se/salda/lagenhet-6rum-vasastan-stockholms-kommun-odengatan-22-4085825775139649819,153-187m²,bostadsratt,2026-08-10T12:02:13.209126
1349647178961439213,https://www.hemnet.se/salda/lagenhet-6rum-vasastaden-centralt-linkopings-kommun-klostergatan-10-1349647178961439213,153-187m²,bostadsratt,2026-08-10T12:02:13.209127
437841007369129278,https://www.hemnet.se/salda/lagenhet-6rum-davidshall-malmo-kommun-regementsgatan-20-437841007369129278,153-187m²,bostadsratt,2026-08-10T12:02:13.209128
229844,https://www.hemnet.se/salda/lagenhet-7rum-mollevangen-sofiaparken-lunds-kommun-lovisastigen-54-229844,153-187m²,bostadsratt,2026-08-10T12:02:13.209130
1275070,"https://www.hemnet.se/salda/lagenhet-4rum-vasastaden-stockholms-kommun-jarlaplan-4,-5-tr-1275070",153-187m²,bostadsratt,2026-08-10T12:02:13.209131
406254,"https://www.hemnet.se/salda/lagenhet-4rum-kungsholmen-stockholms-kommun-kungsholms-hamnplan-5,-4-tr-406254",153-187m²,bostadsratt,2026-08-10T12:02:13.209133
701725,https://www.hemnet.se/salda/lagenhet-5rum-vasastaden-goteborgs-kommun-haga-kyrkogata-28b-701725,153-187m²,bostadsratt,2026-08-10T12:02:13.209134
1861792023682483055,https://www.hemnet.se/salda/lagenhet-6rum-kungsholmen-stockholms-kommun-kungsholmstorg-13-a-1861792023682483055,153-187m²,bostadsratt,2026-08-10T12:02:13.209135
1367337,https://www.hemnet.se/salda/lagenhet-5rum-ostermalm-stockholms-kommun-grev-turegatan-8b-1367337,153-187m²,bostadsratt,2026-08-10T12:02:13.209137
1383940,"https://www.hemnet.se/salda/lagenhet-6rum-vasastan-stockholms-kommun-upplandsgatan-33,-4-tr-1383940",153-187m²,bostadsratt,2026-08-10T12:02:13.209138
1458274,https://www.hemnet.se/salda/lagenhet-5rum-ostermalm-stockholms-kommun-floragatan-22-1458274,153-187m²,bostadsratt,2026-08-10T12:02:13.209139
963556,"https://www.hemnet.se/salda/lagenhet-4rum-kristianstad-ostermalm-kristianstads-kommun-sjocronas-gata-2a,-nr,24-963556",153-187m²,bostadsratt,2026-08-10T12:02:13.209141
776447312510101399,"https://www.hemnet.se/salda/lagenhet-4,5rum-vasastaden-goteborgs-kommun-viktoriagatan-15a-776447312510101399",153-187m²,bostadsratt,2026-08-10T12:02:13.209142
6511485825836599554,https://www.hemnet.se/salda/lagenhet-5rum-heden-goteborgs-kommun-hedasgatan-14a-6511485825836599554,153-187m²,bostadsratt,2026-08-10T12:02:13.209144
6144629070893040726,https://www.hemnet.se/salda/lagenhet-5rum-davidshall-malmo-kommun-ostra-ronneholmsvagen-17-6144629070893040726,153-187m²,bostadsratt,2026-08-10T12:02:13.209145
659697,"https://www.hemnet.se/salda/lagenhet-4,5rum-vasastaden-goteborgs-kommun-chalmersgatan-11-659697",153-187m²,bostadsratt,2026-08-10T12:02:13.209146
496923,https://www.hemnet.se/salda/lagenhet-6rum-hammarby-sjostad-stockholms-kommun-sjofartsgatan-6-496923,153-187m²,bostadsratt,2026-08-10T12:02:13.209148
485354,https://www.hemnet.se/salda/lagenhet-4rum-kungshojd-goteborgs-kommun-kungsgatan-9-a-485354,153-187m²,bostadsratt,2026-08-10T12:02:13.209149
473140,https://www.hemnet.se/salda/lagenhet-4rum-centralt-linkopings-kommun-klostergatan-8-473140,153-187m²,bostadsratt,2026-08-10T12:02:13.209150
1115729,https://www.hemnet.se/salda/lagenhet-6rum-lund-centrum-lunds-kommun-dalbyvagen-27-1115729,153-187m²,bostadsratt,2026-08-10T12:02:13.209152
8319320676595691539,https://www.hemnet.se/salda/lagenhet-5rum-oster-malarstrand-vasteras-kommun-oster-malarstrands-alle-131a-8319320676595691539,153-187m²,bostadsratt,2026-08-10T12:02:13.209153
7225302494916643174,https://www.hemnet.se/salda/lagenhet-5rum-nissastrand-halmstads-kommun-esaias-thorens-gata-5-7225302494916643174,153-187m²,bostadsratt,2026-08-10T12:02:13.209154
173145,https://www.hemnet.se/salda/lagenhet-4rum-centralt-kv-kroken-norrkopings-kommun-garvaregatan-8-b-173145,153-187m²,bostadsratt,2026-08-10T12:02:13.209156
4883863333750049870,https://www.hemnet.se/salda/lagenhet-5rum-framre-luthagen-uppsala-kommun-gluntens-grand-1-4883863333750049870,153-187m²,bostadsratt,2026-08-10T12:02:13.209157
390874129036057070,https://www.hemnet.se/salda/lagenhet-6rum-mjolkudden-lulea-kommun-radiomasten-165-390874129036057070,153-187m²,bostadsratt,2026-08-10T12:02:13.209159
8908617186415063991,https://www.hemnet.se/salda/lagenhet-6rum-ostermalm-stockholms-kommun-riddargatan-29a-8908617186415063991,153-187m²,bostadsratt,2026-08-10T12:02:13.209160
776896,"https://www.hemnet.se/salda/lagenhet-6rum-ostermalm-stockholms-kommun-nybrogatan-76,-5-tr-776896",153-187m²,bostadsratt,2026-08-10T12:02:13.209161
8544638920975906971,https://www.hemnet.se/salda/lagenhet-5rum-vastra-hamnen-malmo-kommun-rodergatan-20-8544638920975906971,153-187m²,bostadsratt,2026-08-10T12:02:13.209163
983279,"https://www.hemnet.se/salda/lagenhet-5,5rum-ostermalm-stockholms-kommun-valhallavagen-110,-4-tr,-983279",153-187m²,bostadsratt,2026-08-10T12:02:13.209164
7244765661623634566,https://www.hemnet.se/salda/lagenhet-5rum-rorsjostaden-malmo-kommun-amiralsgatan-4-7244765661623634566,153-187m²,bostadsratt,2026-08-10T12:02:13.209165
974316,"https://www.hemnet.se/salda/lagenhet-4,5rum-ostermalm-stockholms-kommun-ostermalmsgatan-72,-1-tr-974316",153-187m²,bostadsratt,2026-08-10T12:02:13.209167
1486223,"https://www.hemnet.se/salda/lagenhet-6rum-vasastan-stockholms-kommun-upplandsgatan-40,-5tr-1486223",153-187m²,bostadsratt,2026-08-10T12:02:13.209168
4723111067718281162,https://www.hemnet.se/salda/lagenhet-6rum-centrala-linkoping-linkopings-kommun-apotekaregatan-1b-4723111067718281162,153-187m²,bostadsratt,2026-08-10T12:02:13.209169
1466186,"https://www.hemnet.se/salda/lagenhet-6rum-hammarby-sjostad-stockholms-kommun-sjofartsgatan-10,-4tr-1466186",153-187m²,bostadsratt,2026-08-10T12:02:13.209171
1121591,https://www.hemnet.se/salda/lagenhet-6rum-lillgarden-haninge-kommun-kolonilottsvagen-etapp-2-radhus-20-1121591,153-187m²,bostadsratt,2026-08-10T12:02:13.209172
306154,https://www.hemnet.se/salda/lagenhet-4rum-kasernhojden-karlstads-kommun-kasernhojden-15-b-306154,153-187m²,bostadsratt,2026-08-10T12:02:13.209174
8539532450182576679,https://www.hemnet.se/salda/lagenhet-6rum-kungsholmen-stockholms-kommun-hantverkargatan-77-3tr-8539532450182576679,153-187m²,bostadsratt,2026-08-10T12:02:13.209175
1176548,https://www.hemnet.se/salda/lagenhet-6rum-norrmalm-vasteras-kommun-stora-gatan-4a-1176548,153-187m²,bostadsratt,2026-08-10T12:02:13.209176
6639278785604192114,https://www.hemnet.se/salda/lagenhet-6rum-eslov-centralt-eslovs-kommun-tempelgatan-1-6639278785604192114,153-187m²,bostadsratt,2026-08-10T12:02:13.209178
207133,"https://www.hemnet.se/salda/lagenhet-5rum-slottsstaden-malmo-kommun-regementsgatan-74,-van-3-207133",153-187m²,bostadsratt,2026-08-10T12:02:13.209179
4993155077353690678,https://www.hemnet.se/salda/lagenhet-5rum-ostermalm-stockholms-kommun-storgatan-30-4993155077353690678,153-187m²,bostadsratt,2026-08-10T12:02:13.209180
1868909219978675833,https://www.hemnet.se/salda/lagenhet-5rum-anderstorp-skelleftea-kommun-fabodgatan-24-1868909219978675833,153-187m²,bostadsratt,2026-08-10T12:02:13.209182
149576651251348979,https://www.hemnet.se/salda/lagenhet-6rum-tollare-nacka-kommun-tollareslingan-7-149576651251348979,153-187m²,bostadsratt,2026-08-10T12:02:13.209183
738167897460565742,https://www.hemnet.se/salda/lagenhet-6rum-professorsstaden-lunds-kommun-finngatan-9-738167897460565742,153-187m²,bostadsratt,2026-08-10T12:02:13.209185
841913,https://www.hemnet.se/salda/lagenhet-8rum-rorsjostaden-malmo-kommun-andreegatan-4-841913,153-187m²,bostadsratt,2026-08-10T12:02:13.209186
1205939,"https://www.hemnet.se/salda/lagenhet-6rum-sodermalm-stockholms-kommun-tantogatan-71,-9-tr-1205939",153-187m²,bostadsratt,2026-08-10T12:02:13.209187
8400136486888495025,https://www.hemnet.se/salda/lagenhet-5rum-centrala-sodertalje-sodertalje-kommun-jarnagatan-1-8400136486888495025,153-187m²,bostadsratt,2026-08-10T12:02:13.209189
380365,"https://www.hemnet.se/salda/lagenhet-6rum-ostermalm-stockholms-kommun-floragatan-22,-2-tr-380365",153-187m²,bostadsratt,2026-08-10T12:02:13.209190
689855,"https://www.hemnet.se/salda/lagenhet-5rum-vasastan-birkastan-stockholms-kommun-rorstrandsgatan-17,-1,5-tr,-689855",153-187m²,bostadsratt,2026-08-10T12:02:13.209191
2618954704715503599,https://www.hemnet.se/salda/lagenhet-5rum-centrum-vaster-halmstads-kommun-hallandsgatan-63-f-2618954704715503599,153-187m²,bostadsratt,2026-08-10T12:02:13.209193
940825,"https://www.hemnet.se/salda/lagenhet-5rum-katarina-stockholms-kommun-vartoftagatan-3,-8-tr-940825",153-187m²,bostadsratt,2026-08-10T12:02:13.209194
493279,https://www.hemnet.se/salda/lagenhet-6rum-gamla-gefle-gavle-kommun-sodra-centralgatan-6-493279,153-187m²,bostadsratt,2026-08-10T12:02:13.209195
313511,https://www.hemnet.se/salda/lagenhet-5rum-lorensberg-goteborgs-kommun-engelbrektsgatan-55-313511,153-187m²,bostadsratt,2026-08-10T12:02:13.209197
900917,https://www.hemnet.se/salda/lagenhet-8rum-stocksund-danderyds-kommun-alpstigen-2-900917,153-187m²,bostadsratt,2026-08-10T12:02:13.209198
751516,"https://www.hemnet.se/salda/lagenhet-6rum-runo-osterakers-kommun-runvagen-41,-lgh-29-751516",153-187m²,bostadsratt,2026-08-10T12:02:13.209200
5098398310365699432,https://www.hemnet.se/salda/lagenhet-5rum-ostermalm-stockholms-kommun-skeppargatan-84-5098398310365699432,153-187m²,bostadsratt,2026-08-10T12:02:13.209201
883616,https://www.hemnet.se/salda/lagenhet-4rum-centrum-lulea-kommun-skeppsbrogatan-9-a-883616,153-187m²,bostadsratt,2026-08-10T12:02:13.209202
852385,https://www.hemnet.se/salda/lagenhet-5rum-gashaga-lidingo-kommun-skepparkroken-16-852385,153-187m²,bostadsratt,2026-08-10T12:02:13.209204
7937948211502930632,https://www.hemnet.se/salda/lagenhet-5rum-norra-kajen-sundsvalls-kommun-fregattgatan-6-7937948211502930632,153-187m²,bostadsratt,2026-08-10T12:02:13.209205
719278,https://www.hemnet.se/salda/lagenhet-6rum-runo-osterakers-kommun-vikingavagen-45-719278,153-187m²,bostadsratt,2026-08-10T12:02:13.209206
762567,https://www.hemnet.se/salda/lagenhet-6rum-anderstorp-skelleftea-kommun-hemmansgatan-103-762567,153-187m²,bostadsratt,2026-08-10T12:02:13.209208
495397,https://www.hemnet.se/salda/lagenhet-5rum-slussplan-malmo-kommun-exercisgatan-2-a-495397,153-187m²,bostadsratt,2026-08-10T12:02:13.209209
744480,https://www.hemnet.se/salda/lagenhet-5rum-stallhagen-vasteras-kommun-nanna-svartz-gata-5-744480,153-187m²,bostadsratt,2026-08-10T12:02:13.209211
6191256568607422709,https://www.hemnet.se/salda/lagenhet-6rum-ostermalm-vasteras-kommun-timmermansgatan-3-6191256568607422709,153-187m²,bostadsratt,2026-08-10T12:02:13.209212
1414537,https://www.hemnet.se/salda/lagenhet-5rum-centralt-strangnas-kommun-nygatan-30d-1414537,153-187m²,bostadsratt,2026-08-10T12:02:13.209213
1113835,https://www.hemnet.se/salda/lagenhet-8rum-kalmarsundsparken-kalmar-kommun-stensviksvagen-3-1113835,153-187m²,bostadsratt,2026-08-10T12:02:13.209215
2168147212469027944,https://www.hemnet.se/salda/lagenhet-7rum-stuvsta-huddinge-kommun-stationsvagen-21c-2168147212469027944,153-187m²,bostadsratt,2026-08-10T12:02:13.209216
947469,https://www.hemnet.se/salda/lagenhet-4rum-kasernhojden-karlstads-kommun-kasernhojden-15-b-947469,153-187m²,bostadsratt,2026-08-10T12:02:13.209218
7253289339650025164,https://www.hemnet.se/salda/lagenhet-6rum-karlberg-ludvika-kommun-gamla-bangatan-11a-7253289339650025164,153-187m²,bostadsratt,2026-08-10T12:02:13.209219
1375952,https://www.hemnet.se/salda/lagenhet-5rum-centrum-uppsala-kommun-ostra-agatan-17-1375952,153-187m²,bostadsratt,2026-08-10T12:02:13.209220
221010,https://www.hemnet.se/salda/lagenhet-6rum-torpa-jonkopings-kommun-kungsgatan-9-f-221010,153-187m²,bostadsratt,2026-08-10T12:02:13.209222
914275,https://www.hemnet.se/salda/lagenhet-5rum-linne-goteborgs-kommun-linnegatan-52-914275,153-187m²,bostadsratt,2026-08-10T12:02:13.209223
208486,https://www.hemnet.se/salda/lagenhet-5rum-kungsholmen-stockholms-kommun-hantverkargatan-77-208486,153-187m²,bostadsratt,2026-08-10T12:02:13.209224
8004190809952751462,https://www.hemnet.se/salda/lagenhet-5rum-ostermalm-kristianstads-kommun-lasarettsboulevarden-7b-8004190809952751462,153-187m²,bostadsratt,2026-08-10T12:02:13.209226
1986158169963137407,https://www.hemnet.se/salda/lagenhet-6rum-centralt-eslovs-kommun-tempelgatan-1-1986158169963137407,153-187m²,bostadsratt,2026-08-10T12:02:13.209227
1360862,https://www.hemnet.se/salda/lagenhet-6rum-bromma-smedslatten-stockholms-kommun-smedslattstorget-49-1360862,153-187m²,bostadsratt,2026-08-10T12:02:13.209228
1460925,https://www.hemnet.se/salda/lagenhet-5rum-nordantill-norrkopings-kommun-upplandsgatan-2-1460925,153-187m²,bostadsratt,2026-08-10T12:02:13.209230
948616,https://www.hemnet.se/salda/lagenhet-6rum-soder-norrkopings-kommun-albrektsvagen-86b-948616,153-187m²,bostadsratt,2026-08-10T12:02:13.209231
111388388416857210,https://www.hemnet.se/salda/lagenhet-7rum-eds-glesbygd-upplands-vasby-kommun-harva-gard-3-111388388416857210,153-187m²,bostadsratt,2026-08-10T12:02:13.209233
1241307,https://www.hemnet.se/salda/lagenhet-7rum-kalmar-centralt-kalmar-kommun-malmbrogatan-2c-1241307,153-187m²,bostadsratt,2026-08-10T12:02:13.209234
1469619,https://www.hemnet.se/salda/lagenhet-7rum-norr-helsingborgs-kommun-drottninggatan-147-1469619,153-187m²,bostadsratt,2026-08-10T12:02:13.209235
1074737,https://www.hemnet.se/salda/lagenhet-4rum-lorensberg-goteborgs-kommun-engelbrektsgatan-51-1074737,153-187m²,bostadsratt,2026-08-10T12:02:13.209237
472674,"https://www.hemnet.se/salda/lagenhet-6rum-vasastan-s-t-eriksplan-stockholms-kommun-sankt-eriksgatan-79,-2tr-472674",153-187m²,bostadsratt,2026-08-10T12:02:13.209238
3773132577611616551,https://www.hemnet.se/salda/lagenhet-7rum-rosenlund-jonkopings-kommun-eksjogatan-14b-3773132577611616551,153-187m²,bostadsratt,2026-08-10T12:02:13.209240
729627,https://www.hemnet.se/salda/lagenhet-4rum-stockholms-skargard-norrtalje-kommun-vatovagen-100f-729627,153-187m²,bostadsratt,2026-08-10T12:02:13.209241
1371820,https://www.hemnet.se/salda/lagenhet-7rum-vasastan-birkastan-stockholms-kommun-tomtebogatan-30-1371820,153-187m²,bostadsratt,2026-08-10T12:02:13.209242
1415003,https://www.hemnet.se/salda/lagenhet-5rum-ostermalm-stockholms-kommun-grev-turegatan-75-1415003,153-187m²,bostadsratt,2026-08-10T12:02:13.209244
350811,https://www.hemnet.se/salda/lagenhet-6rum-norr-norrkopings-kommun-smedjegatan-21-350811,153-187m²,bostadsratt,2026-08-10T12:02:13.209245
555083,https://www.hemnet.se/salda/lagenhet-5rum-uppsala-uppsala-kommun-stigbergsvagen-4-b-555083,153-187m²,bostadsratt,2026-08-10T12:02:13.209246
7797630823366327346,https://www.hemnet.se/salda/lagenhet-5rum-ostermalm-stockholms-kommun-artillerigatan-12-7797630823366327346,153-187m²,bostadsratt,2026-08-10T12:02:13.209248
5623102954834270949,https://www.hemnet.se/salda/lagenhet-6rum-brynas-gavle-kommun-sodra-skeppsbron-4-5623102954834270949,153-187m²,bostadsratt,2026-08-10T12:02:13.209249
5183788209652516201,https://www.hemnet.se/salda/lagenhet-5rum-hammarby-sjostad-stockholms-kommun-sickla-kanalgata-40-5183788209652516201,153-187m²,bostadsratt,2026-08-10T12:02:13.209251
1323311,https://www.hemnet.se/salda/lagenhet-6rum-vasastan-stockholms-kommun-vidargatan-4-1323311,153-187m²,bostadsratt,2026-08-10T12:02:13.209252
108264,"https://www.hemnet.se/salda/lagenhet-5rum-vasastan-stockholms-kommun-vidargatan-4,-4tr-108264",153-187m²,bostadsratt,2026-08-10T12:02:13.209253
716110,"https://www.hemnet.se/salda/lagenhet-5rum-kungsholmen-city-stockholms-kommun-kungsholmsgatan-8,-5-tr-716110",153-187m²,bostadsratt,2026-08-10T12:02:13.209255
5224573783867815152,https://www.hemnet.se/salda/lagenhet-6rum-rosengard-malmo-kommun-vougts-vag-1-5224573783867815152,153-187m²,bostadsratt,2026-08-10T12:02:13.209256
4884002453299619971,https://www.hemnet.se/salda/lagenhet-5rum-centrum-vasteras-kommun-rudbecksgatan-6a-4884002453299619971,153-187m²,bostadsratt,2026-08-10T12:02:13.209258
757666,"https://www.hemnet.se/salda/lagenhet-5,5rum-birkastan-vasastan-stockholms-kommun-norrbackagatan-22,-2-tr-757666",153-187m²,bostadsratt,2026-08-10T12:02:13.209259
465052,https://www.hemnet.se/salda/lagenhet-171m2-smogen-sotenas-kommun-salebadsvagen-39-k-465052,153-187m²,bostadsratt,2026-08-10T12:02:13.209260
1907309647745369761,https://www.hemnet.se/salda/lagenhet-5rum-vasa-goteborgs-kommun-vasagatan-4-1907309647745369761,153-187m²,bostadsratt,2026-08-10T12:02:13.209262
1078498622605627143,https://www.hemnet.se/salda/lagenhet-6rum-nykvarn-vidbynas-nykvarns-kommun-vidbynas-alle-7-1078498622605627143,153-187m²,bostadsratt,2026-08-10T12:02:13.209263
285085,https://www.hemnet.se/salda/lagenhet-7rum-malarhojden-stockholms-kommun-pettersbergsvagen-51-285085,153-187m²,bostadsratt,2026-08-10T12:02:13.209265
3377151854523774354,https://www.hemnet.se/salda/lagenhet-5rum-sannegarden-goteborgs-kommun-barken-beatrices-gata-10-3377151854523774354,153-187m²,bostadsratt,2026-08-10T12:02:13.209266
617478,https://www.hemnet.se/salda/lagenhet-5rum-norr-norrkopings-kommun-upplandsgatan-2-617478,153-187m²,bostadsratt,2026-08-10T12:02:13.209267
2024985240436473615,"https://www.hemnet.se/salda/lagenhet-5rum-appelviken,-bromma-stockholms-kommun-majvagen-20-2024985240436473615",153-187m²,bostadsratt,2026-08-10T12:02:13.209269
1132553,https://www.hemnet.se/salda/lagenhet-6rum-vaster-nykopings-kommun-jarnvagsgatan-34b-1132553,153-187m²,bostadsratt,2026-08-10T12:02:13.209270
1405873,https://www.hemnet.se/salda/lagenhet-5rum-malmo-city-malmo-kommun-stora-nygatan-23-1405873,153-187m²,bostadsratt,2026-08-10T12:02:13.209271
1296432,https://www.hemnet.se/salda/lagenhet-5rum-city-malmo-kommun-stora-nygatan-23-1296432,153-187m²,bostadsratt,2026-08-10T12:02:13.209273
1405520,https://www.hemnet.se/salda/lagenhet-6rum-norr-norrkopings-kommun-plankgatan-50-1405520,153-187m²,bostadsratt,2026-08-10T12:02:13.209274
1436971,https://www.hemnet.se/salda/lagenhet-6rum-vidbynas-nykvarns-kommun-vidbynas-alle-11-1436971,153-187m²,bostadsratt,2026-08-10T12:02:13.209276
128062,https://www.hemnet.se/salda/lagenhet-5rum-sodermalm-katarina-stockholms-kommun-kocksgatan-47-128062,153-187m²,bostadsratt,2026-08-10T12:02:13.209277
791170,"https://www.hemnet.se/salda/lagenhet-6,5rum-centrum-uppsala-kommun-ovre-slottsgatan-10-791170",153-187m²,bostadsratt,2026-08-10T12:02:13.209278
8669312622775042292,https://www.hemnet.se/salda/lagenhet-6rum-solgard-huddinge-kommun-hedenhosvagen-13-8669312622775042292,153-187m²,bostadsratt,2026-08-10T12:02:13.209280
1482432,https://www.hemnet.se/salda/lagenhet-6rum-ostermalm-stockholms-kommun-vartavagen-6-1482432,153-187m²,bostadsratt,2026-08-10T12:02:13.209281
627941,"https://www.hemnet.se/salda/lagenhet-6rum-kungsholmen-stockholms-kommun-jakob-westinsgatan-1-a,-4-tr-627941",153-187m²,bostadsratt,2026-08-10T12:02:13.209282
324332,"https://www.hemnet.se/salda/lagenhet-5rum-city-norrmalm-stockholms-kommun-regeringsgatan-78,-5tr-324332",153-187m²,bostadsratt,2026-08-10T12:02:13.209284
446229,https://www.hemnet.se/salda/lagenhet-5rum-hammarby-sjostad-stockholms-kommun-korphoppsgatan-33-446229,153-187m²,bostadsratt,2026-08-10T12:02:13.209285
613252,"https://www.hemnet.se/salda/lagenhet-5rum-kungsholmen-kungsholmstorg-stockholms-kommun-scheelegatan-26,-3tr-613252",153-187m²,bostadsratt,2026-08-10T12:02:13.209287
477879,"https://www.hemnet.se/salda/lagenhet-4rum-oxelbergen-norrkopings-kommun-nygatan-163,-3-tr-477879",153-187m²,bostadsratt,2026-08-10T12:02:13.209288
8571032568632696905,https://www.hemnet.se/salda/lagenhet-5rum-brevik-lidingo-kommun-sodra-kungsvagen-228-8571032568632696905,153-187m²,bostadsratt,2026-08-10T12:02:13.209290
6918480170327954184,https://www.hemnet.se/salda/lagenhet-5rum-ostermalm-stockholms-kommun-lutzengatan-5a-6918480170327954184,153-187m²,bostadsratt,2026-08-10T12:02:13.209291
7654297396220015343,https://www.hemnet.se/salda/lagenhet-5rum-centralt-kanberget-linkopings-kommun-karl-dahlgrensgatan-13-7654297396220015343,153-187m²,bostadsratt,2026-08-10T12:02:13.209292
3753601764082885393,https://www.hemnet.se/salda/lagenhet-6rum-dalenum-lidingo-kommun-tornrosvagen-1-3753601764082885393,153-187m²,bostadsratt,2026-08-10T12:02:13.209294
464969,https://www.hemnet.se/salda/lagenhet-4rum-rorsjoparken-malmo-kommun-drottninggatan-5-a-464969,153-187m²,bostadsratt,2026-08-10T12:02:13.209295
1492387407031728689,https://www.hemnet.se/salda/lagenhet-6rum-ostermalm-stockholms-kommun-gyllenstiernsgatan-17-1492387407031728689,153-187m²,bostadsratt,2026-08-10T12:02:13.209296
6968698258253084363,https://www.hemnet.se/salda/lagenhet-6rum-ostermalm-stockholms-kommun-styrmansgatan-7-6968698258253084363,153-187m²,bostadsratt,2026-08-10T12:02:13.209298
1420492,https://www.hemnet.se/salda/lagenhet-7rum-veberod-lunds-kommun-remontgatan-9-1420492,153-187m²,bostadsratt,2026-08-10T12:02:13.209299
1416006,https://www.hemnet.se/salda/lagenhet-5rum-tagaborg-helsingborgs-kommun-helmfeltsgatan-9b-1416006,153-187m²,bostadsratt,2026-08-10T12:02:13.209301
1504208,https://www.hemnet.se/salda/lagenhet-5rum-dammhagen-landskrona-kommun-tradgardsgatan-5b-1504208,153-187m²,bostadsratt,2026-08-10T12:02:13.209302
968407,https://www.hemnet.se/salda/lagenhet-6rum-sanda-angar-upplands-vasby-kommun-frisells-backe-10-968407,153-187m²,bostadsratt,2026-08-10T12:02:13.209303
1245497,https://www.hemnet.se/salda/lagenhet-6rum-eslov-centralt-eslovs-kommun-tempelgatan-1-1245497,153-187m²,bostadsratt,2026-08-10T12:02:13.209305
466084602117049639,https://www.hemnet.se/salda/lagenhet-6rum-ostermalm-stockholms-kommun-askrikegatan-9-466084602117049639,153-187m²,bostadsratt,2026-08-10T12:02:13.209306
8894165471372933601,"https://www.hemnet.se/salda/lagenhet-4,5rum-ostermalm-stockholms-kommun-karlavagen-70-8894165471372933601",153-187m²,bostadsratt,2026-08-10T12:02:13.209307
477371,"https://www.hemnet.se/salda/lagenhet-6,5rum-city-malmo-kommun-sodra-forstadsgatan-84-a-477371",153-187m²,bostadsratt,2026-08-10T12:02:13.209309
2657947988346538112,https://www.hemnet.se/salda/lagenhet-8rum-rasunda-solna-kommun-backvagen-3-2657947988346538112,153-187m²,bostadsratt,2026-08-10T12:02:13.209310
3660113763071039374,https://www.hemnet.se/salda/lagenhet-6rum-karlssons-ang-kalmar-kommun-kvarnkullevagen-39-3660113763071039374,153-187m²,bostadsratt,2026-08-10T12:02:13.209312
6940861789156036116,https://www.hemnet.se/salda/lagenhet-4rum-ostermalm-stockholms-kommun-karlavagen-78-6940861789156036116,153-187m²,bostadsratt,2026-08-10T12:02:13.209313
710899,https://www.hemnet.se/salda/lagenhet-5rum-centralt-norrkopings-kommun-hospitalsgatan-12-710899,153-187m²,bostadsratt,2026-08-10T12:02:13.209314
721735,https://www.hemnet.se/salda/lagenhet-6rum-nykvarn-vidbynas-nykvarns-kommun-vidbynaspark-hus-10-721735,153-187m²,bostadsratt,2026-08-10T12:02:13.209316
848982,https://www.hemnet.se/salda/lagenhet-6rum-ludvika-karlberg-ludvika-kommun-gamla-bangatan-11a-848982,153-187m²,bostadsratt,2026-08-10T12:02:13.209317
3016793053790097547,https://www.hemnet.se/salda/lagenhet-4rum-vasastan-stockholms-kommun-vastmannagatan-49-3016793053790097547,153-187m²,bostadsratt,2026-08-10T12:02:13.209318
5338770172782603597,https://www.hemnet.se/salda/lagenhet-5rum-gjuteriet-ystads-kommun-gjuterigatan-70-5338770172782603597,153-187m²,bostadsratt,2026-08-10T12:02:13.209320
1502732,https://www.hemnet.se/salda/lagenhet-5rum-trosa-trosa-kommun-bostallsgatan-1c-1502732,153-187m²,bostadsratt,2026-08-10T12:02:13.209321
673609,https://www.hemnet.se/salda/lagenhet-5rum-huskvarna-jonkopings-kommun-kungsgatan-17-b-673609,153-187m²,bostadsratt,2026-08-10T12:02:13.209323
657378,https://www.hemnet.se/salda/lagenhet-5rum-rorsjostaden-malmo-kommun-foreningsgatan-51-657378,153-187m²,bostadsratt,2026-08-10T12:02:13.209324
144346,https://www.hemnet.se/salda/lagenhet-7rum-pettersberg-sodertalje-kommun-karlslundsgatan-15-144346,153-187m²,bostadsratt,2026-08-10T12:02:13.209325
1318263,https://www.hemnet.se/salda/lagenhet-4rum-vasastaden-goteborgs-kommun-karl-gustavsgatan-7-a-1318263,153-187m²,bostadsratt,2026-08-10T12:02:13.209327
1191822,https://www.hemnet.se/salda/lagenhet-5rum-ostermalms-stockholms-kommun-runebergsgatan-7-1191822,153-187m²,bostadsratt,2026-08-10T12:02:13.209328
1321037,https://www.hemnet.se/salda/lagenhet-7rum-aspudden-stockholms-kommun-torsten-alms-gata-6-1321037,153-187m²,bostadsratt,2026-08-10T12:02:13.209329
208162673460992152,https://www.hemnet.se/salda/lagenhet-5rum-gashaga-pirar-lidingo-kommun-hamnvagen-4-208162673460992152,153-187m²,bostadsratt,2026-08-10T12:02:13.209331
808152,https://www.hemnet.se/salda/lagenhet-5rum-gjuteriet-ystads-kommun-gjuterigatan-62-808152,153-187m²,bostadsratt,2026-08-10T12:02:13.209332
8712867070798932671,https://www.hemnet.se/salda/lagenhet-5rum-vaxholm-rindo-vaxholms-kommun-grenadjarsvagen-12-8712867070798932671,153-187m²,bostadsratt,2026-08-10T12:02:13.209333
8191144540672020384,https://www.hemnet.se/salda/lagenhet-6rum-bergsatra-lidingo-kommun-granitvagen-9-8191144540672020384,153-187m²,bostadsratt,2026-08-10T12:02:13.209335
634635,"https://www.hemnet.se/salda/lagenhet-6,5rum-vasastan-stockholms-kommun-odengatan-79-634635",153-187m²,bostadsratt,2026-08-10T12:02:13.209336
459282,https://www.hemnet.se/salda/lagenhet-7rum-tanndalen-hamra-harjedalens-kommun-fabodvagen-18-459282,153-187m²,bostadsratt,2026-08-10T12:02:13.209337
207149,https://www.hemnet.se/salda/lagenhet-5rum-eslov-centrum-eslovs-kommun-tempelgatan-1-207149,153-187m²,bostadsratt,2026-08-10T12:02:13.209342
6413279396634557566,"https://www.hemnet.se/salda/lagenhet-5rum-centrala-sundbyberg-sundbybergs-kommun-mariagatan-10,-van-5-5-6413279396634557566",153-187m²,bostadsratt,2026-08-10T12:02:13.209344
244736,https://www.hemnet.se/salda/lagenhet-7rum-kristiansborg-vasteras-kommun-kristiansborsgsallen-10-244736,153-187m²,bostadsratt,2026-08-10T12:02:13.209345
406924,https://www.hemnet.se/salda/lagenhet-5rum-gamla-vaster-malmo-kommun-repslagaregatan-4b-406924,153-187m²,bostadsratt,2026-08-10T12:02:13.209347
1459495,https://www.hemnet.se/salda/lagenhet-5rum-skondal-stockholms-kommun-dalbobranten-32-1459495,153-187m²,bostadsratt,2026-08-10T12:02:13.209348
660922,https://www.hemnet.se/salda/lagenhet-5rum-centralt-vanersborgs-kommun-edsgatan-27-660922,153-187m²,bostadsratt,2026-08-10T12:02:13.209349
272350757448701844,https://www.hemnet.se/salda/lagenhet-3rum-regementet-ystads-kommun-bjornstjernegatan-2b-272350757448701844,153-187m²,bostadsratt,2026-08-10T12:02:13.209351
7550927640392423807,https://www.hemnet.se/salda/lagenhet-4rum-vasastan-stockholms-kommun-upplandsgatan-17-7550927640392423807,153-187m²,bostadsratt,2026-08-10T12:02:13.209352
1463187,https://www.hemnet.se/salda/lagenhet-5rum-vasastaden-goteborgs-kommun-lilla-bergsgatan-1-1463187,153-187m²,bostadsratt,2026-08-10T12:02:13.209353
688947,"https://www.hemnet.se/salda/lagenhet-4rum-vasastan-vasaparken-stockholms-kommun-odengatan-98,-6tr-688947",153-187m²,bostadsratt,2026-08-10T12:02:13.209355
1460708,https://www.hemnet.se/salda/lagenhet-7rum-centralt-kalmar-kommun-kaggensgatan-18-1460708,153-187m²,bostadsratt,2026-08-10T12:02:13.209356
789090,"https://www.hemnet.se/salda/lagenhet-5,5rum-lorensberg-goteborgs-kommun-kristinelundsgatan-5-789090",153-187m²,bostadsratt,2026-08-10T12:02:13.209358
746598,"https://www.hemnet.se/salda/lagenhet-5rum-kungsholmen-kronobergsparken-stockholms-kommun-bergsgatan-57,-2-tr-746598",153-187m²,bostadsratt,2026-08-10T12:02:13.209359
5926942177071773029,"https://www.hemnet.se/salda/lagenhet-6rum-vasastaden-stockholms-kommun-torsplan-8,-van-29-5926942177071773029",153-187m²,bostadsratt,2026-08-10T12:02:13.209361
382723,https://www.hemnet.se/salda/lagenhet-4rum-myrangen-huddinge-kommun-bjornspinnarvagen-95-382723,153-187m²,bostadsratt,2026-08-10T12:02:13.209362
1132466,https://www.hemnet.se/salda/lagenhet-5rum-ostermalm-stockholms-kommun-ostermalmsgatan-50-1132466,153-187m²,bostadsratt,2026-08-10T12:02:13.209363
8649082423664932383,https://www.hemnet.se/salda/lagenhet-6rum-apoteksskogen-upplands-vasby-kommun-holmvagen-9-8649082423664932383,153-187m²,bostadsratt,2026-08-10T12:02:13.209365
1107538,https://www.hemnet.se/salda/lagenhet-5rum-city-malmo-kommun-stora-nygatan-15-1107538,153-187m²,bostadsratt,2026-08-10T12:02:13.209366
329991,https://www.hemnet.se/salda/lagenhet-6rum-lund-centrum-lunds-kommun-klostergatan-8b-329991,153-187m²,bostadsratt,2026-08-10T12:02:13.209367
294458,https://www.hemnet.se/salda/lagenhet-6rum-lorensberg-goteborgs-kommun-berzeliigatan-23-294458,153-187m²,bostadsratt,2026-08-10T12:02:13.209369
3942477674331017067,"https://www.hemnet.se/salda/lagenhet-6rum-sodermalm-stockholms-kommun-renstiernas-gata-16,-van-4-3942477674331017067",153-187m²,bostadsratt,2026-08-10T12:02:13.209370
665570,"https://www.hemnet.se/salda/lagenhet-4,5rum-centralt-sandvikens-kommun-odengatan-31-a-665570",153-187m²,bostadsratt,2026-08-10T12:02:13.209371
198656,https://www.hemnet.se/salda/lagenhet-6rum-rorsjostaden-malmo-kommun-amiralsgatan-6-198656,153-187m²,bostadsratt,2026-08-10T12:02:13.209373
1482946,https://www.hemnet.se/salda/lagenhet-5rum-norr-helsingborgs-kommun-drottninggatan-74-1482946,153-187m²,bostadsratt,2026-08-10T12:02:13.209374
2775707084667825232,https://www.hemnet.se/salda/lagenhet-5rum-ljunghusen-vellinge-kommun-svanjaktsvagen-2c-2775707084667825232,153-187m²,bostadsratt,2026-08-10T12:02:13.209375
303274,https://www.hemnet.se/salda/lagenhet-5rum-alvsjo-langsjo-stockholms-kommun-myrvagen-23-303274,153-187m²,bostadsratt,2026-08-10T12:02:13.209377
1071368,https://www.hemnet.se/salda/lagenhet-6rum-sodermalm-maria-stockholms-kommun-hornsgatan-39a-1071368,153-187m²,bostadsratt,2026-08-10T12:02:13.209378
1388617,https://www.hemnet.se/salda/lagenhet-5rum-centrum-uppsala-kommun-kungsgatan-37b-1388617,153-187m²,bostadsratt,2026-08-10T12:02:13.209380
763273,https://www.hemnet.se/salda/lagenhet-5rum-johanneberg-goteborgs-kommun-viktor-rydbergsgatan-13-763273,153-187m²,bostadsratt,2026-08-10T12:02:13.209381
315114,https://www.hemnet.se/salda/lagenhet-5rum-edsgatan-karlstads-kommun-edsgatevagen-73-315114,153-187m²,bostadsratt,2026-08-10T12:02:13.209382
956806,https://www.hemnet.se/salda/lagenhet-6rum-hammarby-sjostad-stockholms-kommun-sjofartsgatan-10-956806,153-187m²,bostadsratt,2026-08-10T12:02:13.209384
257573,"https://www.hemnet.se/salda/lagenhet-5rum-vasastan-stockholms-kommun-vikingagatan-11,-3-tr-257573",153-187m²,bostadsratt,2026-08-10T12:02:13.209385
3727494115623723588,https://www.hemnet.se/salda/lagenhet-6rum-ostermalm-stockholms-kommun-artillerigatan-40-3727494115623723588,153-187m²,bostadsratt,2026-08-10T12:02:13.209386
2370524740419590151,https://www.hemnet.se/salda/lagenhet-5rum-soder-vaxjo-kommun-sodra-esplanaden-7-2370524740419590151,153-187m²,bostadsratt,2026-08-10T12:02:13.209388
5285849891900005709,https://www.hemnet.se/salda/lagenhet-5rum-lund-centrum-lunds-kommun-stora-grabrodersgatan-12-5285849891900005709,153-187m²,bostadsratt,2026-08-10T12:02:13.209389
686297,https://www.hemnet.se/salda/lagenhet-4rum-helsingborg-centrum-helsingborgs-kommun-sodra-kyrkogatan-22b-686297,153-187m²,bostadsratt,2026-08-10T12:02:13.209391
1266484,https://www.hemnet.se/salda/lagenhet-5rum-kungsholmen-stockholms-kommun-fleminggatan-21-1266484,153-187m²,bostadsratt,2026-08-10T12:02:13.209392
3537132320111881576,https://www.hemnet.se/salda/lagenhet-6rum-limhamn-malmo-kommun-birger-jarlsgatan-26-3537132320111881576,153-187m²,bostadsratt,2026-08-10T12:02:13.209393
1419863281335958068,https://www.hemnet.se/salda/lagenhet-5rum-aspudden-midsommarkransen-stockholms-kommun-fastlagsvagen-40-1419863281335958068,153-187m²,bostadsratt,2026-08-10T12:02:13.209395
1245213,https://www.hemnet.se/salda/lagenhet-4rum-lomma-strand-lomma-kommun-sommargatan-31-1245213,153-187m²,bostadsratt,2026-08-10T12:02:13.209396
5778576548735083198,https://www.hemnet.se/salda/lagenhet-5rum-limhamn-on-malmo-kommun-sundskajen-2a-5778576548735083198,153-187m²,bostadsratt,2026-08-10T12:02:13.209398
3010578667166435270,https://www.hemnet.se/salda/lagenhet-6rum-ostermalm-stockholms-kommun-karlavagen-94-3010578667166435270,153-187m²,bostadsratt,2026-08-10T12:02:13.209399
534282,https://www.hemnet.se/salda/lagenhet-6rum-maria-stockholms-kommun-brannkyrkagatan-38-a-534282,153-187m²,bostadsratt,2026-08-10T12:02:13.209400
1071155,https://www.hemnet.se/salda/lagenhet-5rum-ostermalm-stockholms-kommun-nybrogatan-66-1071155,153-187m²,bostadsratt,2026-08-10T12:02:13.209402
437299,https://www.hemnet.se/salda/lagenhet-4rum-kallhall-jarfalla-kommun-teknikvagen-27-437299,153-187m²,bostadsratt,2026-08-10T12:02:13.209403
3782034661314782050,https://www.hemnet.se/salda/lagenhet-4rum-davidshall-malmo-kommun-kockumsgatan-8-3782034661314782050,153-187m²,bostadsratt,2026-08-10T12:02:13.209404
6377923163331556205,"https://www.hemnet.se/salda/lagenhet-5rum-kungsholmen-stockholms-kommun-fleminggatan-28,-2-tr-6377923163331556205",153-187m²,bostadsratt,2026-08-10T12:02:13.209406
5903867173239300045,https://www.hemnet.se/salda/lagenhet-5rum-framre-luthagen-uppsala-kommun-borjegatan-5a-5903867173239300045,153-187m²,bostadsratt,2026-08-10T12:02:13.209407
891520,https://www.hemnet.se/salda/lagenhet-6rum-nacka-nacka-kommun-hebbes-grand-12-891520,153-187m²,bostadsratt,2026-08-10T12:02:13.209408
1288769,"https://www.hemnet.se/salda/lagenhet-7rum-vastra-skogen-huvudsta-solna-kommun-infanterigatan-1,-van-10-10-1288769",153-187m²,bostadsratt,2026-08-10T12:02:13.209410
1255656,https://www.hemnet.se/salda/lagenhet-6rum-ystad-gamla-staden-sandskogen-ystads-kommun-gjuterigatan-84-1255656,153-187m²,bostadsratt,2026-08-10T12:02:13.209411
1045455,https://www.hemnet.se/salda/lagenhet-6rum-mariebo-jonkopings-kommun-neptunusvagen-12-1045455,153-187m²,bostadsratt,2026-08-10T12:02:13.209413
943460,https://www.hemnet.se/salda/lagenhet-5rum-grondal-stockholms-kommun-storsegelvagen-12-943460,153-187m²,bostadsratt,2026-08-10T12:02:13.209414
476118,https://www.hemnet.se/salda/lagenhet-5rum-hammarby-sjostad-stockholms-kommun-lugnets-alle-45-476118,153-187m²,bostadsratt,2026-08-10T12:02:13.209416
793300,https://www.hemnet.se/salda/lagenhet-5rum-arenastaden-solna-kommun-evenemangsgatan-10-793300,153-187m²,bostadsratt,2026-08-10T12:02:13.209417
1384956,https://www.hemnet.se/salda/lagenhet-8rum-ronneholm-malmo-kommun-major-nilssonsgatan-11d-1384956,153-187m²,bostadsratt,2026-08-10T12:02:13.209419
1087091,https://www.hemnet.se/salda/lagenhet-4rum-tingvallastaden-karlstads-kommun-vastra-kanalgatan-1-1087091,153-187m²,bostadsratt,2026-08-10T12:02:13.209420
1032257,"https://www.hemnet.se/salda/lagenhet-4rum-vasastan-stockholms-kommun-odengatan-29,-3-tr-1032257",153-187m²,bostadsratt,2026-08-10T12:02:13.209422
253326,https://www.hemnet.se/salda/lagenhet-6rum-centrum-ostermalm-vasteras-kommun-stora-gatan-1-d-253326,153-187m²,bostadsratt,2026-08-10T12:02:13.209424
117844,"https://www.hemnet.se/salda/lagenhet-5rum-kungsholmen-nedre-kungsholmen-stockholms-kommun-scheelegatan-13,-5-tr-117844",153-187m²,bostadsratt,2026-08-10T12:02:13.209425
405268,"https://www.hemnet.se/salda/lagenhet-4rum-ostermalm-stockholms-kommun-karlavagen-48,-4tr-405268",153-187m²,bostadsratt,2026-08-10T12:02:13.209427
483642,https://www.hemnet.se/salda/lagenhet-4rum-city-helsingborgs-kommun-sodra-kyrkogatan-22b-483642,153-187m²,bostadsratt,2026-08-10T12:02:13.209428
892660,https://www.hemnet.se/salda/lagenhet-6rum-nedre-johanneberg-goteborgs-kommun-viktor-rydbergsgatan-13-892660,153-187m²,bostadsratt,2026-08-10T12:02:13.209430
51714627604597152,https://www.hemnet.se/salda/lagenhet-5rum-vasastan-stockholms-kommun-frejgatan-73-51714627604597152,153-187m²,bostadsratt,2026-08-10T12:02:13.209431
1280181,https://www.hemnet.se/salda/lagenhet-5rum-olympia-helsingborgs-kommun-magnus-erikssons-gata-8-1280181,153-187m²,bostadsratt,2026-08-10T12:02:13.209433
886783,"https://www.hemnet.se/salda/lagenhet-6rum-nedre-kungsholmen-stockholms-kommun-hantverkargatan-34,-5-tr-886783",153-187m²,bostadsratt,2026-08-10T12:02:13.209434
7155842281484135931,https://www.hemnet.se/salda/lagenhet-5rum-oster-orebro-kommun-oskarsvagen-5a-7155842281484135931,153-187m²,bostadsratt,2026-08-10T12:02:13.209435
896504,"https://www.hemnet.se/salda/lagenhet-5rum-vasastan-stockholms-kommun-odengatan-29,-5-tr-896504",153-187m²,bostadsratt,2026-08-10T12:02:13.209437
2490674480425593049,https://www.hemnet.se/salda/lagenhet-4rum-nynashamn-nynashamns-kommun-torggatan-4f-2490674480425593049,153-187m²,bostadsratt,2026-08-10T12:02:13.209438
867408,https://www.hemnet.se/salda/lagenhet-5rum-korsangsgardet-vasteras-kommun-tegnergatan-1-867408,153-187m²,bostadsratt,2026-08-10T12:02:13.209440
669709,"https://www.hemnet.se/salda/lagenhet-6rum-vasastan-ostermalm-stockholms-kommun-birger-jarlsgatan-98,-3-tr-669709",153-187m²,bostadsratt,2026-08-10T12:02:13.209441
1290202,https://www.hemnet.se/salda/lagenhet-5rum-ostermalm-stockholms-kommun-strandvagen-59-1290202,153-187m²,bostadsratt,2026-08-10T12:02:13.209443
1111100,https://www.hemnet.se/salda/lagenhet-7rum-are-by-are-kommun-arevagen-109-1111100,153-187m²,bostadsratt,2026-08-10T12:02:13.209444
484419,https://www.hemnet.se/salda/lagenhet-5rum-limhamn-malmo-kommun-birger-jarlsgatan-26-484419,153-187m²,bostadsratt,2026-08-10T12:02:13.209446
451678,https://www.hemnet.se/salda/lagenhet-4rum-charlottenberg-danderyds-kommun-skogsslingan-8-451678,153-187m²,bostadsratt,2026-08-10T12:02:13.209447
1222623,https://www.hemnet.se/salda/lagenhet-6rum-centralt-linkopings-kommun-djurgardsgatan-13-1222623,153-187m²,bostadsratt,2026-08-10T12:02:13.209448
849043,https://www.hemnet.se/salda/lagenhet-5rum-vasastaden-goteborgs-kommun-erik-dahlbergsgatan-23-849043,153-187m²,bostadsratt,2026-08-10T12:02:13.209450
278549,https://www.hemnet.se/salda/lagenhet-5rum-kallhall-jarfalla-kommun-teknikvagen-37-278549,153-187m²,bostadsratt,2026-08-10T12:02:13.209451
6279506506545584458,https://www.hemnet.se/salda/lagenhet-5rum-kneippen-norrkopings-kommun-almgatan-4-6279506506545584458,153-187m²,bostadsratt,2026-08-10T12:02:13.209453
1185287,https://www.hemnet.se/salda/lagenhet-5rum-salto-karlskrona-kommun-utovagen-6b-1185287,153-187m²,bostadsratt,2026-08-10T12:02:13.209454
818577,https://www.hemnet.se/salda/lagenhet-5rum-sodermalm-hogalid-stockholms-kommun-ringvagen-8-818577,153-187m²,bostadsratt,2026-08-10T12:02:13.209456
2075166237099920388,https://www.hemnet.se/salda/lagenhet-5rum-backalyckan-jonkopings-kommun-stadsparksgatan-4-2075166237099920388,153-187m²,bostadsratt,2026-08-10T12:02:13.209457
1473677,https://www.hemnet.se/salda/lagenhet-5rum-norrmalm-stockholms-kommun-vastmannagatan-14-1473677,153-187m²,bostadsratt,2026-08-10T12:02:13.209459
4079826926521696901,https://www.hemnet.se/salda/lagenhet-5rum-gamla-stan-eskilstuna-kommun-kopmangatan-17a-4079826926521696901,153-187m²,bostadsratt,2026-08-10T12:02:13.209460
358449,https://www.hemnet.se/salda/lagenhet-5rum-grondal-stockholms-kommun-ormbergsvagen-14-358449,153-187m²,bostadsratt,2026-08-10T12:02:13.209461
2141991303825760444,"https://www.hemnet.se/salda/lagenhet-4,5rum-vasastaden-goteborgs-kommun-aschebergsgatan-39-2141991303825760444",153-187m²,bostadsratt,2026-08-10T12:02:13.209463
556786320814893733,https://www.hemnet.se/salda/lagenhet-6rum-jarla-sjo-nacka-kommun-garverigrand-6-556786320814893733,153-187m²,bostadsratt,2026-08-10T12:02:13.209464
961603,"https://www.hemnet.se/salda/lagenhet-4rum-centralt-ystads-kommun-fridhemsgatan-36-b,-lg-36b-1502-961603",153-187m²,bostadsratt,2026-08-10T12:02:13.209466
1124353,https://www.hemnet.se/salda/lagenhet-5rum-vasastaden-linkopings-kommun-platensgatan-19-1124353,153-187m²,bostadsratt,2026-08-10T12:02:13.209467
1511331,"https://www.hemnet.se/salda/lagenhet-6rum-sodermalm-maria-magdalena-stockholms-kommun-hornsgatan-62,-4-tr-1511331",153-187m²,bostadsratt,2026-08-10T12:02:13.209469
1210900,https://www.hemnet.se/salda/lagenhet-5rum-sannegardshamnen-goteborgs-kommun-miraallen-13-1210900,153-187m²,bostadsratt,2026-08-10T12:02:13.209470
1383144,https://www.hemnet.se/salda/lagenhet-6rum-ostermalm-stockholms-kommun-grev-magnigatan-3-1383144,153-187m²,bostadsratt,2026-08-10T12:02:13.209471
1296331,https://www.hemnet.se/salda/lagenhet-5rum-ostermalm-stockholms-kommun-karlavagen-66-1296331,153-187m²,bostadsratt,2026-08-10T12:02:13.209473
222046,https://www.hemnet.se/salda/lagenhet-4rum-centrum-helsingborgs-kommun-sodra-kyrkogatan-16-222046,153-187m²,bostadsratt,2026-08-10T12:02:13.209474
758569,https://www.hemnet.se/salda/lagenhet-6rum-kungsholmen-stockholms-kommun-grubbensringen-31-758569,153-187m²,bostadsratt,2026-08-10T12:02:13.209476
6053405333049790314,https://www.hemnet.se/salda/lagenhet-6rum-gashaga-pirar-lidingo-kommun-skepparkroken-16-6053405333049790314,153-187m²,bostadsratt,2026-08-10T12:02:13.209477
347116,https://www.hemnet.se/salda/lagenhet-5rum-eslov-centralt-eslovs-kommun-tempelgatan-1-347116,153-187m²,bostadsratt,2026-08-10T12:02:13.209478
1503777,https://www.hemnet.se/salda/lagenhet-7rum-tanndalen-funasdalen-harjedalens-kommun-fabodvagen-18-1503777,153-187m²,bostadsratt,2026-08-10T12:02:13.209480
390807,https://www.hemnet.se/salda/lagenhet-4rum-centrum-lunds-kommun-karl-xii-gatan-7-390807,153-187m²,bostadsratt,2026-08-10T12:02:13.209482
7067380333198816284,https://www.hemnet.se/salda/lagenhet-5rum-norrmalm-stockholms-kommun-johannesgatan-2-7067380333198816284,153-187m²,bostadsratt,2026-08-10T12:02:13.209483
6351556682771985799,https://www.hemnet.se/salda/lagenhet-6rum-vasastan-odenplan-stockholms-kommun-odengatan-85-6351556682771985799,153-187m²,bostadsratt,2026-08-10T12:02:13.209484
763857746879995649,https://www.hemnet.se/salda/lagenhet-5rum-bjornen-are-kommun-bjornen-bjornenvagen-37-763857746879995649,153-187m²,bostadsratt,2026-08-10T12:02:13.209486
1378188,"https://www.hemnet.se/salda/lagenhet-5,5rum-rorsjostaden-varnhem-malmo-kommun-ostra-forstadsgatan-35b-1378188",153-187m²,bostadsratt,2026-08-10T12:02:13.209487
884052,https://www.hemnet.se/salda/lagenhet-5rum-linnestaden-goteborgs-kommun-andra-langgatan-18-884052,153-187m²,bostadsratt,2026-08-10T12:02:13.209488
52164,https://www.hemnet.se/salda/lagenhet-5rum-sorbyangen-orebro-kommun-studievagen-17-52164,153-187m²,bostadsratt,2026-08-10T12:02:13.209490
808184,"https://www.hemnet.se/salda/lagenhet-5,5rum-varnhem-malmo-kommun-ostra-forstadsgatan-35b-808184",153-187m²,bostadsratt,2026-08-10T12:02:13.209492
1491162,https://www.hemnet.se/salda/lagenhet-7rum-vasterhaninge-haninge-kommun-kolonilottsvagen-163-1491162,153-187m²,bostadsratt,2026-08-10T12:02:13.209493
979498860044085451,https://www.hemnet.se/salda/lagenhet-6rum-sodermalm-mariatorget-stockholms-kommun-swedenborgsgatan-7-979498860044085451,153-187m²,bostadsratt,2026-08-10T12:02:13.209494
966216,https://www.hemnet.se/salda/lagenhet-7rum-hollviken-gya-vellinge-kommun-gyavagen-5d-966216,153-187m²,bostadsratt,2026-08-10T12:02:13.209496
5863750594798967811,https://www.hemnet.se/salda/lagenhet-5rum-kungsholmen-radhuset-stockholms-kommun-scheelegatan-13-5863750594798967811,153-187m²,bostadsratt,2026-08-10T12:02:13.209497
5634438676042056009,"https://www.hemnet.se/salda/lagenhet-5,5rum-bromma-nockeby-stockholms-kommun-gronviksvagen-205-5634438676042056009",153-187m²,bostadsratt,2026-08-10T12:02:13.209499
358459335656907327,https://www.hemnet.se/salda/lagenhet-5rum-mjolkudden-lulea-kommun-radiomasten-119-358459335656907327,153-187m²,bostadsratt,2026-08-10T12:02:13.209500
1392781,https://www.hemnet.se/salda/lagenhet-4rum-vasastan-stockholms-kommun-falugatan-15-1392781,153-187m²,bostadsratt,2026-08-10T12:02:13.209501
7911264263691315045,https://www.hemnet.se/salda/lagenhet-6rum-molndal-innerstaden-molndals-kommun-rundbergsgatan-10-c-7911264263691315045,153-187m²,bostadsratt,2026-08-10T12:02:13.209503
1240391,"https://www.hemnet.se/salda/lagenhet-6rum-sickla-alle-nacka-kommun-sickla-alle-43,-4-tr-etage-1240391",153-187m²,bostadsratt,2026-08-10T12:02:13.209505
1290911,https://www.hemnet.se/salda/lagenhet-5rum-ostermalm-stockholms-kommun-lutzengatan-12a-1290911,153-187m²,bostadsratt,2026-08-10T12:02:13.209506
909703,https://www.hemnet.se/salda/lagenhet-6rum-korsangsgardet-vasteras-kommun-tegnergatan-1-909703,153-187m²,bostadsratt,2026-08-10T12:02:13.209507
8897123656426122917,https://www.hemnet.se/salda/lagenhet-5rum-centrum-uppsala-kommun-ostra-agatan-17-8897123656426122917,153-187m²,bostadsratt,2026-08-10T12:02:13.209509
255020,"https://www.hemnet.se/salda/lagenhet-6,5rum-ostermalm-larkstaden-stockholms-kommun-karlavagen-20-255020",153-187m²,bostadsratt,2026-08-10T12:02:13.209510
5936691734205660103,https://www.hemnet.se/salda/lagenhet-5rum-lillaudden-vasteras-kommun-fyrbaksvagen-12-5936691734205660103,153-187m²,bostadsratt,2026-08-10T12:02:13.209511
8212187169479461558,https://www.hemnet.se/salda/lagenhet-5rum-city-vasteras-kommun-herrgardsgatan-4b-8212187169479461558,153-187m²,bostadsratt,2026-08-10T12:02:13.209513
777491102233001873,https://www.hemnet.se/salda/lagenhet-5rum-nynashamn-nynashamns-kommun-grevgatan-20f-takterrass-van-5-5-777491102233001873,153-187m²,bostadsratt,2026-08-10T12:02:13.209514
668332,https://www.hemnet.se/salda/lagenhet-6rum-tullinge-tradgardsstad-botkyrka-kommun-katrinebergsvagen-102b-668332,153-187m²,bostadsratt,2026-08-10T12:02:13.209516
987155,https://www.hemnet.se/salda/lagenhet-4rum-ostermalm-stockholms-kommun-karlavagen-48-987155,153-187m²,bostadsratt,2026-08-10T12:02:13.209517
775267,https://www.hemnet.se/salda/lagenhet-6rum-backa-ystads-kommun-thorssons-vag-22-b-775267,153-187m²,bostadsratt,2026-08-10T12:02:13.209518
3708162948852066124,https://www.hemnet.se/salda/lagenhet-5rum-luthagen-uppsala-kommun-ringgatan-18a-3708162948852066124,153-187m²,bostadsratt,2026-08-10T12:02:13.209520
3973729956529822172,https://www.hemnet.se/salda/lagenhet-7rum-centralt-sandvikens-kommun-hogbovagen-18c-3973729956529822172,153-187m²,bostadsratt,2026-08-10T12:02:13.209521
5248976984144837779,https://www.hemnet.se/salda/lagenhet-7rum-triangeln-malmo-kommun-torpgatan-8-5248976984144837779,153-187m²,bostadsratt,2026-08-10T12:02:13.209522
1082612,https://www.hemnet.se/salda/lagenhet-5rum-slussen-malmo-kommun-fredriksbergsgatan-8-1082612,153-187m²,bostadsratt,2026-08-10T12:02:13.209524
7447255613699845010,https://www.hemnet.se/salda/lagenhet-6rum-sandgardet-vasteras-kommun-malmabergsgatan-33b-7447255613699845010,153-187m²,bostadsratt,2026-08-10T12:02:13.209525
2703925012854934031,https://www.hemnet.se/salda/lagenhet-4rum-triangeln-malmo-kommun-davidshallsgatan-27a-2703925012854934031,153-187m²,bostadsratt,2026-08-10T12:02:13.209527
1480429,https://www.hemnet.se/salda/lagenhet-5rum-landskrona-centrum-landskrona-kommun-tradgardsgatan-5b-1480429,153-187m²,bostadsratt,2026-08-10T12:02:13.209528
3525009577479276665,https://www.hemnet.se/salda/lagenhet-8rum-bredsand-enkopings-kommun-klippervagen-19a-3525009577479276665,153-187m²,bostadsratt,2026-08-10T12:02:13.209529
379705,https://www.hemnet.se/salda/lagenhet-5rum-hovas-goteborgs-kommun-billdalsvagen-379705,153-187m²,bostadsratt,2026-08-10T12:02:13.209531
3440507690016509378,https://www.hemnet.se/salda/lagenhet-6rum-centrum-sundsvall-sundsvalls-kommun-baldersvagen-16b-3440507690016509378,153-187m²,bostadsratt,2026-08-10T12:02:13.209532
833570,https://www.hemnet.se/salda/lagenhet-5rum-lund-centrum-lunds-kommun-stora-sodergatan-29-b-833570,153-187m²,bostadsratt,2026-08-10T12:02:13.209534
689212,"https://www.hemnet.se/salda/lagenhet-6rum-stockholm-vasastan-stockholms-kommun-observatoriegatan-22,-3-tr-689212",153-187m²,bostadsratt,2026-08-10T12:02:13.209535
7598426073940618489,https://www.hemnet.se/salda/lagenhet-5rum-maria-stockholms-kommun-hogbergsgatan-68b-7598426073940618489,153-187m²,bostadsratt,2026-08-10T12:02:13.209536
1159601,https://www.hemnet.se/salda/lagenhet-5rum-gamla-vaster-malmo-kommun-repslagaregatan-2a-1159601,153-187m²,bostadsratt,2026-08-10T12:02:13.209538
735528,https://www.hemnet.se/salda/lagenhet-5rum-stadsteatern-malmo-kommun-klostergatan-6-735528,153-187m²,bostadsratt,2026-08-10T12:02:13.209539
1033645,https://www.hemnet.se/salda/lagenhet-5rum-vasastan-stockholms-kommun-tegnerlunden-1033645,153-187m²,bostadsratt,2026-08-10T12:02:13.209540
3764428520136285654,https://www.hemnet.se/salda/lagenhet-6rum-sodermalm-stockholms-kommun-gotgatan-81a-3764428520136285654,153-187m²,bostadsratt,2026-08-10T12:02:13.209542
1369387,https://www.hemnet.se/salda/lagenhet-5rum-vasastan-stockholms-kommun-tegnergatan-45b-1369387,153-187m²,bostadsratt,2026-08-10T12:02:13.209543
258014,"https://www.hemnet.se/salda/lagenhet-6rum-ekhagen-norra-djurgarden-stockholms-kommun-docentbacken-15,-3-tr-258014",153-187m²,bostadsratt,2026-08-10T12:02:13.209545
5541310804472820823,https://www.hemnet.se/salda/lagenhet-5rum-vasastaden-goteborgs-kommun-aschebergsgatan-35-5541310804472820823,153-187m²,bostadsratt,2026-08-10T12:02:13.209546
5983103112018315449,https://www.hemnet.se/salda/lagenhet-6rum-trosso-karlskrona-kommun-bredgatan-11-5983103112018315449,153-187m²,bostadsratt,2026-08-10T12:02:13.209548
6528168368445239651,"https://www.hemnet.se/salda/lagenhet-5rum-vasastan-birkastan-stockholms-kommun-karlbergsvagen-52,-1-tr-6528168368445239651",153-187m²,bostadsratt,2026-08-10T12:02:13.209549
312972910795908131,https://www.hemnet.se/salda/lagenhet-4rum-centralt-vaster-nykopings-kommun-fruangsgatan-22-312972910795908131,153-187m²,bostadsratt,2026-08-10T12:02:13.209551
775310774946747442,https://www.hemnet.se/salda/lagenhet-7rum-alsten-stockholms-kommun-alstensgatan-21-775310774946747442,153-187m²,bostadsratt,2026-08-10T12:02:13.209552
1219671,https://www.hemnet.se/salda/lagenhet-4rum-kronan-lulea-kommun-kompanivagen-33-1219671,153-187m²,bostadsratt,2026-08-10T12:02:13.209553
4674908888538020041,https://www.hemnet.se/salda/lagenhet-6rum-tumba-botkyrka-kommun-kassmyrabrinken-9-4674908888538020041,153-187m²,bostadsratt,2026-08-10T12:02:13.209555
670657,"https://www.hemnet.se/salda/lagenhet-6rum-vasastan-stockholms-kommun-vastmannagatan-31,-3-tr-670657",153-187m²,bostadsratt,2026-08-10T12:02:13.209556
511233,https://www.hemnet.se/salda/lagenhet-6rum-skytteholm-solna-kommun-nybodagatan-4-511233,153-187m²,bostadsratt,2026-08-10T12:02:13.209557
1079827,https://www.hemnet.se/salda/lagenhet-5rum-centralt-lunds-kommun-spolegatan-22-1079827,153-187m²,bostadsratt,2026-08-10T12:02:13.209559
3188085397250354425,"https://www.hemnet.se/salda/lagenhet-6rum-vasastan-stockholms-kommun-norrtullsgatan-47,-2tr-3188085397250354425",153-187m²,bostadsratt,2026-08-10T12:02:13.209560
2055082767983807032,https://www.hemnet.se/salda/lagenhet-7rum-vastra-skogen-solna-kommun-infanterigatan-1-2055082767983807032,153-187m²,bostadsratt,2026-08-10T12:02:13.209561
734746,https://www.hemnet.se/salda/lagenhet-6rum-davidshall-malmo-kommun-fersens-vag-14a-734746,153-187m²,bostadsratt,2026-08-10T12:02:13.209563
1285608,https://www.hemnet.se/salda/lagenhet-5rum-saro-kungsbacka-kommun-stallbacken-15a-1285608,153-187m²,bostadsratt,2026-08-10T12:02:13.209564
608221,https://www.hemnet.se/salda/lagenhet-6rum-lund-centrum-lunds-kommun-vastra-martensgatan-1-608221,153-187m²,bostadsratt,2026-08-10T12:02:13.209566
400576,https://www.hemnet.se/salda/lagenhet-5rum-rorsjostaden-malmo-kommun-kommendorsgatan-1-400576,153-187m²,bostadsratt,2026-08-10T12:02:13.209567
1338981,https://www.hemnet.se/salda/lagenhet-5rum-centralt-kopings-kommun-barnhemsgatan-9a-1338981,153-187m²,bostadsratt,2026-08-10T12:02:13.209569
2470589999488857502,https://www.hemnet.se/salda/lagenhet-5rum-lorensberg-goteborgs-kommun-sodra-vagen-6a-2470589999488857502,153-187m²,bostadsratt,2026-08-10T12:02:13.209570
1327943,"https://www.hemnet.se/salda/lagenhet-6rum-kungsholmen-stockholms-kommun-kronobergsgatan-16,-5-tr-1327943",153-187m²,bostadsratt,2026-08-10T12:02:13.209572
809730,https://www.hemnet.se/salda/lagenhet-6rum-ostermalm-stockholms-kommun-skeppargatan-68-809730,153-187m²,bostadsratt,2026-08-10T12:02:13.209573
1037350,https://www.hemnet.se/salda/lagenhet-5rum-gamla-vaster-malmo-kommun-repslagaregatan-2b-1037350,153-187m²,bostadsratt,2026-08-10T12:02:13.209574
1387260,https://www.hemnet.se/salda/lagenhet-5rum-vastermalm-vasteras-kommun-lidmansvagen-7-1387260,153-187m²,bostadsratt,2026-08-10T12:02:13.209576
341942,https://www.hemnet.se/salda/lagenhet-5rum-city-malmo-kommun-sodra-promenaden-25-a-341942,153-187m²,bostadsratt,2026-08-10T12:02:13.209577
240640,"https://www.hemnet.se/salda/lagenhet-5rum-nasbypark-taby-kommun-kryssarvagen-10,-2tr-240640",153-187m²,bostadsratt,2026-08-10T12:02:13.209578
841327,https://www.hemnet.se/salda/lagenhet-6rum-mjolkudden-lulea-kommun-radiomasten-179-841327,153-187m²,bostadsratt,2026-08-10T12:02:13.209580
232252,https://www.hemnet.se/salda/lagenhet-5rum-ystad-gjuteriet-ystads-kommun-gjuterigatan-102-232252,153-187m²,bostadsratt,2026-08-10T12:02:13.209581
1322856,"https://www.hemnet.se/salda/lagenhet-5rum-ahus-kristianstads-kommun-glassgatan,-lgh-114-1322856",153-187m²,bostadsratt,2026-08-10T12:02:13.209582
206682,https://www.hemnet.se/salda/lagenhet-4rum-kungshojd-goteborgs-kommun-kungsgatan-9-a-206682,153-187m²,bostadsratt,2026-08-10T12:02:13.209584
6758382201611220016,"https://www.hemnet.se/salda/lagenhet-5,5rum-ostermalm-stockholms-kommun-valhallavagen-134,-3tr-6758382201611220016",153-187m²,bostadsratt,2026-08-10T12:02:13.209585
7301407706305469406,https://www.hemnet.se/salda/lagenhet-5rum-linnestaden-goteborgs-kommun-ovre-husargatan-25-b-7301407706305469406,153-187m²,bostadsratt,2026-08-10T12:02:13.209587
631903,https://www.hemnet.se/salda/lagenhet-5rum-framre-luthagen-uppsala-kommun-gluntens-grand-1-631903,153-187m²,bostadsratt,2026-08-10T12:02:13.209588
271597,https://www.hemnet.se/salda/lagenhet-5rum-orgryte-jakobsdal-goteborgs-kommun-paskbergsgatan-9-271597,153-187m²,bostadsratt,2026-08-10T12:02:13.209589
1283004,https://www.hemnet.se/salda/lagenhet-4rum-linne-goteborgs-kommun-olivedalsgatan-10-1283004,153-187m²,bostadsratt,2026-08-10T12:02:13.209591
1001924,https://www.hemnet.se/salda/lagenhet-5rum-vasastan-stockholms-kommun-karlbergsvagen-36a-1001924,153-187m²,bostadsratt,2026-08-10T12:02:13.209592
7429154283304102812,https://www.hemnet.se/salda/lagenhet-5rum-norra-djurgardsstaden-stockholms-kommun-husarvikstorget-22-7429154283304102812,153-187m²,bostadsratt,2026-08-10T12:02:13.209593
885610,https://www.hemnet.se/salda/lagenhet-6rum-haga-sundsvalls-kommun-norrlidsgatan-8-885610,153-187m²,bostadsratt,2026-08-10T12:02:13.209595
1311400,https://www.hemnet.se/salda/lagenhet-6rum-centrum-vasteras-kommun-kopparbergsvagen-14c-1311400,153-187m²,bostadsratt,2026-08-10T12:02:13.209596
421730,https://www.hemnet.se/salda/lagenhet-5rum-myrangen-huddinge-kommun-bjornspinnarvagen-69-421730,153-187m²,bostadsratt,2026-08-10T12:02:13.209597
1021132,https://www.hemnet.se/salda/lagenhet-5rum-ljunghusen-vellinge-kommun-svanjaktsvagen-4d-1021132,153-187m²,bostadsratt,2026-08-10T12:02:13.209599
1370438,https://www.hemnet.se/salda/lagenhet-4rum-kaglinge-malmo-kommun-kaglinge-kvarnvag-5l-1370438,153-187m²,bostadsratt,2026-08-10T12:02:13.209600
819891,https://www.hemnet.se/salda/lagenhet-5rum-ostermalm-stockholms-kommun-skeppargatan-84-819891,153-187m²,bostadsratt,2026-08-10T12:02:13.209601
648390,"https://www.hemnet.se/salda/lagenhet-6rum-are-are-kommun-fresk-a51,-tottvagen-117-648390",153-187m²,bostadsratt,2026-08-10T12:02:13.209603
1383341,https://www.hemnet.se/salda/lagenhet-5rum-linnestaden-goteborgs-kommun-linnegatan-50-1383341,153-187m²,bostadsratt,2026-08-10T12:02:13.209604
421705,https://www.hemnet.se/salda/lagenhet-5rum-myrangen-huddinge-kommun-bjornspinnarvagen-18-421705,153-187m²,bostadsratt,2026-08-10T12:02:13.209605
1444234,https://www.hemnet.se/salda/lagenhet-4rum-ostermalm-stockholms-kommun-ostermalmsgatan-72-1444234,153-187m²,bostadsratt,2026-08-10T12:02:13.209607
538834,"https://www.hemnet.se/salda/lagenhet-4rum-sodermalm-stockholms-kommun-folkungagatan-146,-5-tr-538834",153-187m²,bostadsratt,2026-08-10T12:02:13.209608
8841853511946473868,https://www.hemnet.se/salda/lagenhet-5rum-lund-centrum-lunds-kommun-karl-xii-gatan-7-8841853511946473868,153-187m²,bostadsratt,2026-08-10T12:02:13.209609
1338119,https://www.hemnet.se/salda/lagenhet-6rum-ostermalm-stockholms-kommun-valhallavagen-160-1338119,153-187m²,bostadsratt,2026-08-10T12:02:13.209611
2254429573907454775,"https://www.hemnet.se/salda/lagenhet-5rum-nasbypark-taby-kommun-kryssarvagen-10,-3-tr-2254429573907454775",153-187m²,bostadsratt,2026-08-10T12:02:13.209612
227471,https://www.hemnet.se/salda/lagenhet-4rum-kvarnberget-alingsas-kommun-kvarnbacken-44-227471,153-187m²,bostadsratt,2026-08-10T12:02:13.209613
701698,https://www.hemnet.se/salda/lagenhet-5rum-centralt-vaster-nykopings-kommun-kungsgatan-9-701698,153-187m²,bostadsratt,2026-08-10T12:02:13.209615
1120953,https://www.hemnet.se/salda/lagenhet-5rum-lillgarden-haninge-kommun-kolonilottsvagen-etapp-2-radhus-17-1120953,153-187m²,bostadsratt,2026-08-10T12:02:13.209616
938128,https://www.hemnet.se/salda/lagenhet-5rum-lorensberg-goteborgs-kommun-berzeliigatan-26-938128,153-187m²,bostadsratt,2026-08-10T12:02:13.209618
4831612439662997400,"https://www.hemnet.se/salda/lagenhet-6rum-norrmalm-city-stockholms-kommun-drottninggatan-102b,-van-4-4831612439662997400",153-187m²,bostadsratt,2026-08-10T12:02:13.209619
342614,"https://www.hemnet.se/salda/lagenhet-6,5rum-vasastan-stockholms-kommun-dobelnsgatan-4,-1-2tr-342614",153-187m²,bostadsratt,2026-08-10T12:02:13.209620
