url,error
https://www.hemnet.se/bostad/lagenhet-4rum-oster-malarstrand-vasteras-kommun-poseidongatan-11-21336894,No data returned
