property_id,url,area_range,housing_type,scraped_at
7512418081633262696,https://www.hemnet.se/salda/lagenhet-1rum-sodermalm-sofia-stockholms-kommun-erstagatan-22-7512418081633262696,23-24m²,bostadsratt,2026-09-22T13:02:45.036145
737801193907387984,https://www.hemnet.se/salda/lagenhet-1rum-arsta-stockholms-kommun-svardlangsvagen-45-737801193907387984,23-24m²,bostadsratt,2026-09-22T13:02:45.036153
593935321415100020,https://www.hemnet.se/salda/lagenhet-1rum-bagarmossen-stockholms-kommun-bergsradsvagen-39-593935321415100020,23-24m²,bostadsratt,2026-09-22T13:02:45.036155
6502585696672927429,https://www.hemnet.se/salda/lagenhet-1rum-vasastaden-goteborgs-kommun-sodra-viktoriagatan-31-1201-6502585696672927429,23-24m²,bostadsratt,2026-09-22T13:02:45.036156
1383286,https://www.hemnet.se/salda/lagenhet-1rum-centrala-huddinge-huddinge-kommun-angsnasvagen-9-1383286,23-24m²,bostadsratt,2026-09-22T13:02:45.036158
1386100,https://www.hemnet.se/salda/lagenhet-1rum-salabacke-uppsala-kommun-verkmastargatan-1c-1386100,23-24m²,bostadsratt,2026-09-22T13:02:45.036159
1616151921591548539,https://www.hemnet.se/salda/lagenhet-1rum-valla-linkopings-kommun-ostsvangen-1c-1616151921591548539,23-24m²,bostadsratt,2026-09-22T13:02:45.036161
5488334299958303723,https://www.hemnet.se/salda/lagenhet-1rum-kungsholmen-stockholms-kommun-industrigatan-9-5488334299958303723,23-24m²,bostadsratt,2026-09-22T13:02:45.036162
2144854297053018537,https://www.hemnet.se/salda/lagenhet-1rum-norrbole-skelleftea-kommun-hagglundsgatan-8b-2144854297053018537,23-24m²,bostadsratt,2026-09-22T13:02:45.036163
1479946,https://www.hemnet.se/salda/lagenhet-1rum-globen-stockholms-kommun-skulptorvagen-17-1479946,23-24m²,bostadsratt,2026-09-22T13:02:45.036165
1985239189618411387,"https://www.hemnet.se/salda/lagenhet-1rum-bollnas,-ren-bollnas-kommun-sodra-backvagen-6a-1985239189618411387",23-24m²,bostadsratt,2026-09-22T13:02:45.036166
4807914997665413230,https://www.hemnet.se/salda/lagenhet-1rum-centralt-amals-kommun-lunnegatan-4b-4807914997665413230,23-24m²,bostadsratt,2026-09-22T13:02:45.036168
1384166,https://www.hemnet.se/salda/lagenhet-1rum-vallingby-centrum-stockholms-kommun-vittangigatan-10-1384166,23-24m²,bostadsratt,2026-09-22T13:02:45.036169
2392549137737854864,https://www.hemnet.se/salda/lagenhet-1rum-sodermalm-maria-stockholms-kommun-maria-prastgardsgata-27-2392549137737854864,23-24m²,bostadsratt,2026-09-22T13:02:45.036171
5080492974431270242,https://www.hemnet.se/salda/lagenhet-1rum-lilla-essingen-stockholms-kommun-stralgatan-47-5080492974431270242,23-24m²,bostadsratt,2026-09-22T13:02:45.036172
2255040072742671648,https://www.hemnet.se/salda/lagenhet-1rum-majorna-goteborgs-kommun-toppsegelsgatan-23-2255040072742671648,23-24m²,bostadsratt,2026-09-22T13:02:45.036173
4514455228734535942,https://www.hemnet.se/salda/lagenhet-1rum-kungsholmen-stockholms-kommun-fleminggatan-81-4514455228734535942,23-24m²,bostadsratt,2026-09-22T13:02:45.036174
1545547845536263811,https://www.hemnet.se/salda/lagenhet-1rum-stockholm-stockholms-kommun-maria-skolgata-87-1545547845536263811,23-24m²,bostadsratt,2026-09-22T13:02:45.036177
2660081231921078208,https://www.hemnet.se/salda/lagenhet-1rum-gardet-ostermalm-stockholms-kommun-skeppargatan-98-2660081231921078208,23-24m²,bostadsratt,2026-09-22T13:02:45.036180
4063924173455916988,"https://www.hemnet.se/salda/lagenhet-1rum-hornstull-stockholms-kommun-folkskolegatan-6,-4-tr-4063924173455916988",23-24m²,bostadsratt,2026-09-22T13:02:45.036182
1491723,https://www.hemnet.se/salda/lagenhet-24m2-ostra-vi-gotlands-kommun-wilhelmina-skoghs-gata-8-1491723,23-24m²,bostadsratt,2026-09-22T13:02:45.036183
1436307,https://www.hemnet.se/salda/lagenhet-1rum-centrum-ostersunds-kommun-biblioteksgatan-22-1436307,23-24m²,bostadsratt,2026-09-22T13:02:45.036185
6470245818575861462,https://www.hemnet.se/salda/lagenhet-1rum-globen-stockholms-kommun-konstgjutarvagen-28-6470245818575861462,23-24m²,bostadsratt,2026-09-22T13:02:45.036191
6788534246934840323,"https://www.hemnet.se/salda/lagenhet-1rum-viggbygardet-taby-kommun-sodervagen-68,-2tr-6788534246934840323",23-24m²,bostadsratt,2026-09-22T13:02:45.036194
8273630094357783398,"https://www.hemnet.se/salda/lagenhet-1rum-gullmarsplan-globen-stockholms-kommun-gullmarsvagen-8,-7-tr-8273630094357783398",23-24m²,bostadsratt,2026-09-22T13:02:45.036195
4340868905055107298,https://www.hemnet.se/salda/lagenhet-1rum-ostermalm-gardet-stockholms-kommun-vartavagen-59-4340868905055107298,23-24m²,bostadsratt,2026-09-22T13:02:45.036196
9200692118115551847,https://www.hemnet.se/salda/lagenhet-1rum-haga-umea-kommun-solvandan-4-b-9200692118115551847,23-24m²,bostadsratt,2026-09-22T13:02:45.036197
8991373537873559746,https://www.hemnet.se/salda/lagenhet-1rum-falhagen-uppsala-kommun-petterslundsgatan-14e-8991373537873559746,23-24m²,bostadsratt,2026-09-22T13:02:45.036198
6590121001025508191,https://www.hemnet.se/salda/lagenhet-1rum-midsommarkransen-stockholms-kommun-johannesbergsgatan-3-accepterat-pris-6590121001025508191,23-24m²,bostadsratt,2026-09-22T13:02:45.036199
5208951100460859166,"https://www.hemnet.se/salda/lagenhet-1rum-valla-linkopings-kommun-ostsvangen-1c,-4tr-5208951100460859166",23-24m²,bostadsratt,2026-09-22T13:02:45.036200
1447425,https://www.hemnet.se/salda/lagenhet-1rum-hoganas-uppsala-kommun-botvidsgatan-4d-1447425,23-24m²,bostadsratt,2026-09-22T13:02:45.036201
5148739472735765653,https://www.hemnet.se/salda/lagenhet-1rum-sodermalm-hogalid-stockholms-kommun-hogalidsgatan-33-5148739472735765653,23-24m²,bostadsratt,2026-09-22T13:02:45.036202
7873844948761992895,https://www.hemnet.se/salda/lagenhet-1rum-vallastaden-linkopings-kommun-nanna-svartz-gata-6g-7873844948761992895,23-24m²,bostadsratt,2026-09-22T13:02:45.036203
1694759599388746213,https://www.hemnet.se/salda/lagenhet-1rum-centrum-uppsala-kommun-dragarbrunnsgatan-31-1694759599388746213,23-24m²,bostadsratt,2026-09-22T13:02:45.036204
680431023340526562,"https://www.hemnet.se/salda/lagenhet-1rum-gardet-stockholms-kommun-rindogatan-27,-2-tr-680431023340526562",23-24m²,bostadsratt,2026-09-22T13:02:45.036205
1446836,https://www.hemnet.se/salda/lagenhet-1rum-centrala-sundbyberg-sundbybergs-kommun-vintergatan-2e-1446836,23-24m²,bostadsratt,2026-09-22T13:02:45.036206
1056993575890997408,"https://www.hemnet.se/salda/lagenhet-1rum-skarmarbrink-stockholms-kommun-arkadvagen-1,-5tr-1056993575890997408",23-24m²,bostadsratt,2026-09-22T13:02:45.036207
3756543716765530273,"https://www.hemnet.se/salda/lagenhet-1rum-rasunda-solna-kommun-rasundavagen-134,-3tr-3756543716765530273",23-24m²,bostadsratt,2026-09-22T13:02:45.036208
8086350749051573529,https://www.hemnet.se/salda/lagenhet-1rum-wenngarn-sigtuna-kommun-venngarn-304f-8086350749051573529,23-24m²,bostadsratt,2026-09-22T13:02:45.036209
4243741376096817918,https://www.hemnet.se/salda/lagenhet-1rum-gamla-enskede-stockholms-kommun-tappgrand-5-4243741376096817918,23-24m²,bostadsratt,2026-09-22T13:02:45.036210
692032005357377667,https://www.hemnet.se/salda/lagenhet-1rum-nobeltorget-malmo-kommun-vitemollegatan-1c-692032005357377667,23-24m²,bostadsratt,2026-09-22T13:02:45.036211
5158737793295865615,https://www.hemnet.se/salda/lagenhet-1rum-vasastan-stockholms-kommun-atlasgatan-16-5158737793295865615,23-24m²,bostadsratt,2026-09-22T13:02:45.036213
730369792482048458,https://www.hemnet.se/salda/lagenhet-1rum-malarhojden-stockholms-kommun-klubbacken-34-730369792482048458,23-24m²,bostadsratt,2026-09-22T13:02:45.036214
6293038048880247334,https://www.hemnet.se/salda/lagenhet-1rum-sundbyberg-sundbybergs-kommun-kyrkogatan-2-6293038048880247334,23-24m²,bostadsratt,2026-09-22T13:02:45.036216
6910708524373340041,https://www.hemnet.se/salda/lagenhet-1rum-centrum-vasteras-kommun-engelbrektsgatan-13-6910708524373340041,23-24m²,bostadsratt,2026-09-22T13:02:45.036217
3299000005932502221,https://www.hemnet.se/salda/lagenhet-1rum-luthagen-uppsala-kommun-hallbygatan-32c-3299000005932502221,23-24m²,bostadsratt,2026-09-22T13:02:45.036218
934370478317115006,"https://www.hemnet.se/salda/lagenhet-1,5rum-glado-kvarn-huddinge-kommun-osterangsvagen-19d-934370478317115006",23-24m²,bostadsratt,2026-09-22T13:02:45.036219
4709257983176399886,https://www.hemnet.se/salda/lagenhet-1rum-globen-stockholms-kommun-bildhuggarvagen-4-4709257983176399886,23-24m²,bostadsratt,2026-09-22T13:02:45.036220
7362170948079683518,https://www.hemnet.se/salda/lagenhet-1rum-gamla-rasunda-solna-kommun-rasundavagen-134-7362170948079683518,23-24m²,bostadsratt,2026-09-22T13:02:45.036222
606557856717283317,https://www.hemnet.se/salda/lagenhet-1rum-sodermalm-stockholms-kommun-heleneborgsgatan-20-606557856717283317,23-24m²,bostadsratt,2026-09-22T13:02:45.036223
6557844620042869330,https://www.hemnet.se/salda/lagenhet-1rum-rasunda-solna-kommun-rasundavagen-134-6557844620042869330,23-24m²,bostadsratt,2026-09-22T13:02:45.036224
7037635609071576707,"https://www.hemnet.se/salda/lagenhet-1rum-djursholm-danderyds-kommun-gudmundvagen-1b,-hogst-upp-7037635609071576707",23-24m²,bostadsratt,2026-09-22T13:02:45.036225
5217726996674744012,https://www.hemnet.se/salda/lagenhet-1rum-hammarbyhojden-stockholms-kommun-sparfvenfeltsgatan-11-5217726996674744012,23-24m²,bostadsratt,2026-09-22T13:02:45.036226
7875486767311349683,"https://www.hemnet.se/salda/lagenhet-1rum-gardet-ostermalm-stockholms-kommun-osthammarsgatan-72a,-1tr-7875486767311349683",23-24m²,bostadsratt,2026-09-22T13:02:45.036227
7489351963770861640,https://www.hemnet.se/salda/lagenhet-1rum-vasastan-stockholms-kommun-odengatan-87-7489351963770861640,23-24m²,bostadsratt,2026-09-22T13:02:45.036228
3380662411133448585,https://www.hemnet.se/salda/lagenhet-1rum-sundsvall-sundsvalls-kommun-harmonigatan-40-3380662411133448585,23-24m²,bostadsratt,2026-09-22T13:02:45.036228
2090428183083158648,https://www.hemnet.se/salda/lagenhet-1rum-kungsholmen-stockholms-kommun-kungsklippan-11-2090428183083158648,23-24m²,bostadsratt,2026-09-22T13:02:45.036229
1686420749463232438,"https://www.hemnet.se/salda/lagenhet-1rum-gullmarsplan-johanneshov-stockholms-kommun-gullmarsvagen-12,-nb-1686420749463232438",23-24m²,bostadsratt,2026-09-22T13:02:45.036230
7026520228077863844,https://www.hemnet.se/salda/lagenhet-1rum-tidaholm-tidaholms-kommun-dyckertsgatan-12-7026520228077863844,23-24m²,bostadsratt,2026-09-22T13:02:45.036231
6249297205402014996,https://www.hemnet.se/salda/lagenhet-1rum-gamla-vaster-malmo-kommun-grynbodgatan-15a-6249297205402014996,23-24m²,bostadsratt,2026-09-22T13:02:45.036232
7422327546319721116,https://www.hemnet.se/salda/lagenhet-1rum-sodermalm-sofia-stockholms-kommun-asogatan-181-7422327546319721116,23-24m²,bostadsratt,2026-09-22T13:02:45.036233
5523190402394607657,https://www.hemnet.se/salda/lagenhet-1rum-blekingsborg-malmo-kommun-per-albin-hanssons-vag-50a-5523190402394607657,23-24m²,bostadsratt,2026-09-22T13:02:45.036234
1434088,"https://www.hemnet.se/salda/lagenhet-1rum-kungsholmen-norr-malarstrand-stockholms-kommun-pilgatan-5,-mot-gard-1434088",23-24m²,bostadsratt,2026-09-22T13:02:45.036235
7965140282145678486,"https://www.hemnet.se/salda/lagenhet-1,5rum-hokarangen-stockholms-kommun-russinvagen-7-7965140282145678486",23-24m²,bostadsratt,2026-09-22T13:02:45.036236
3008858441530251947,https://www.hemnet.se/salda/lagenhet-1rum-ostermalm-stockholms-kommun-korsbarsvagen-6-3008858441530251947,23-24m²,bostadsratt,2026-09-22T13:02:45.036237
5013515611657079038,https://www.hemnet.se/salda/lagenhet-1rum-sodermalm-hornstull-stockholms-kommun-folkskolegatan-6-5013515611657079038,23-24m²,bostadsratt,2026-09-22T13:02:45.036238
1494716,https://www.hemnet.se/salda/lagenhet-1rum-kungsholmen-stockholms-kommun-kungsklippan-11-1494716,23-24m²,bostadsratt,2026-09-22T13:02:45.036239
6820943626165102521,https://www.hemnet.se/salda/lagenhet-1rum-prastbordet-skelleftea-kommun-faltjagarvagen-39b-6820943626165102521,23-24m²,bostadsratt,2026-09-22T13:02:45.036239
3815426045605253342,https://www.hemnet.se/salda/lagenhet-1rum-centrala-sundbyberg-sundbybergs-kommun-fredsgatan-11-3815426045605253342,23-24m²,bostadsratt,2026-09-22T13:02:45.036240
8666906175620916472,https://www.hemnet.se/salda/lagenhet-1rum-bromma-blackeberg-stockholms-kommun-arvid-mornes-vag-58-8666906175620916472,23-24m²,bostadsratt,2026-09-22T13:02:45.036242
4319460436822089957,https://www.hemnet.se/salda/lagenhet-1rum-mobilia-malmo-kommun-per-albin-hanssons-vag-50a-4319460436822089957,23-24m²,bostadsratt,2026-09-22T13:02:45.036243
1863657672101983928,https://www.hemnet.se/salda/lagenhet-1rum-hagersten-malarhojden-stockholms-kommun-klubbacken-32-1863657672101983928,23-24m²,bostadsratt,2026-09-22T13:02:45.036244
5641165957697730775,"https://www.hemnet.se/salda/lagenhet-1rum-gardet-stockholms-kommun-rindogatan-30,-5-5-tr-5641165957697730775",23-24m²,bostadsratt,2026-09-22T13:02:45.036245
1566470036867591139,https://www.hemnet.se/salda/lagenhet-1rum-sodermalm-stockholms-kommun-hogalidsgatan-29-1566470036867591139,23-24m²,bostadsratt,2026-09-22T13:02:45.036246
537415604430305957,https://www.hemnet.se/salda/lagenhet-1rum-vasastan-stockholms-kommun-torsgatan-71-537415604430305957,23-24m²,bostadsratt,2026-09-22T13:02:45.036247
4172914399210158917,https://www.hemnet.se/salda/lagenhet-1rum-gottfridsberg-linkopings-kommun-ostsvangen-1c-4172914399210158917,23-24m²,bostadsratt,2026-09-22T13:02:45.036249
1069539907767088528,https://www.hemnet.se/salda/lagenhet-1rum-vasastaden-centralt-linkopings-kommun-vasavagen-32-1069539907767088528,23-24m²,bostadsratt,2026-09-22T13:02:45.036250
1416028,"https://www.hemnet.se/salda/lagenhet-1rum-vasastan-odenplan-stockholms-kommun-upplandsgatan-25a,-4,5tr-1416028",23-24m²,bostadsratt,2026-09-22T13:02:45.036252
9118796775818575369,https://www.hemnet.se/salda/lagenhet-1rum-vallastaden-linkopings-kommun-nanna-svartz-gata-6a-9118796775818575369,23-24m²,bostadsratt,2026-09-22T13:02:45.036253
1067574632401521187,"https://www.hemnet.se/salda/lagenhet-1rum-norra-lannersta,-nacka,-saltsjo-boo-nacka-kommun-fagelstigen-1067574632401521187",23-24m²,bostadsratt,2026-09-22T13:02:45.036254
8311920918704403770,https://www.hemnet.se/salda/lagenhet-1rum-kungsholmen-radhuset-stockholms-kommun-kungsklippan-11-8311920918704403770,23-24m²,bostadsratt,2026-09-22T13:02:45.036255
8217638341189332840,https://www.hemnet.se/salda/lagenhet-1rum-luthagen-uppsala-kommun-geijersgatan-23b-8217638341189332840,23-24m²,bostadsratt,2026-09-22T13:02:45.036256
6962235140084518326,https://www.hemnet.se/salda/lagenhet-1rum-gullmarsplan-stockholms-kommun-skulptorvagen-17-6962235140084518326,23-24m²,bostadsratt,2026-09-22T13:02:45.036257
1423972,https://www.hemnet.se/salda/lagenhet-1rum-vallastaden-linkopings-kommun-nanna-svartz-gata-6g-1423972,23-24m²,bostadsratt,2026-09-22T13:02:45.036258
1657708696528042557,https://www.hemnet.se/salda/lagenhet-1rum-vasastaden-linkopings-kommun-sturegatan-3-a-1657708696528042557,23-24m²,bostadsratt,2026-09-22T13:02:45.036259
1494791,"https://www.hemnet.se/salda/lagenhet-1rum-haga-norra-solna-kommun-sylvangatan-5,-4-tr-1494791",23-24m²,bostadsratt,2026-09-22T13:02:45.036259
8811444807227018385,https://www.hemnet.se/salda/lagenhet-1rum-sodermalm-hornstull-stockholms-kommun-folkskolegatan-12-8811444807227018385,23-24m²,bostadsratt,2026-09-22T13:02:45.036260
8463632588683285668,https://www.hemnet.se/salda/lagenhet-1rum-kungsholmen-stockholms-kommun-celsiusgatan-4-8463632588683285668,23-24m²,bostadsratt,2026-09-22T13:02:45.036261
3119937631206544487,https://www.hemnet.se/salda/lagenhet-1rum-arsta-stockholms-kommun-branningevagen-44-3119937631206544487,23-24m²,bostadsratt,2026-09-22T13:02:45.036262
8447863159297277009,https://www.hemnet.se/salda/lagenhet-1rum-hagerstensasen-stockholms-kommun-arvodesvagen-23-8447863159297277009,23-24m²,bostadsratt,2026-09-22T13:02:45.036263
1386230,https://www.hemnet.se/salda/lagenhet-1rum-ostermalm-nedre-gardet-stockholms-kommun-valhallavagen-131-1386230,23-24m²,bostadsratt,2026-09-22T13:02:45.036264
7916748860210928760,https://www.hemnet.se/salda/lagenhet-1rum-ostermalm-gardet-stockholms-kommun-furusundsgatan-6-7916748860210928760,23-24m²,bostadsratt,2026-09-22T13:02:45.036265
1431714,"https://www.hemnet.se/salda/lagenhet-1rum-ostermalm-stockholms-kommun-valhallavagen-134,-5-tr-1431714",23-24m²,bostadsratt,2026-09-22T13:02:45.036266
3171432195208402284,https://www.hemnet.se/salda/lagenhet-1rum-centralt-vasastaden-linkopings-kommun-s-t-larsgatan-6a-3171432195208402284,23-24m²,bostadsratt,2026-09-22T13:02:45.036267
6822441145989345223,https://www.hemnet.se/salda/lagenhet-1rum-centralt-lilla-edets-kommun-kullasgatan-3b-6822441145989345223,23-24m²,bostadsratt,2026-09-22T13:02:45.036268
6321725854437961853,https://www.hemnet.se/salda/lagenhet-1rum-flemingsberg-huddinge-kommun-terapivagen-18b-6321725854437961853,23-24m²,bostadsratt,2026-09-22T13:02:45.036270
7716159519756422435,"https://www.hemnet.se/salda/lagenhet-1rum-vasastan-stockholms-kommun-sankt-eriksgatan-64,-hogt-over-gard-7716159519756422435",23-24m²,bostadsratt,2026-09-22T13:02:45.036271
1420991,https://www.hemnet.se/salda/lagenhet-1rum-luthagen-uppsala-kommun-tegnergatan-33a-1420991,23-24m²,bostadsratt,2026-09-22T13:02:45.036271
5825550657718958611,https://www.hemnet.se/salda/lagenhet-1rum-gardet-stockholms-kommun-smedsbacksgatan-11-5825550657718958611,23-24m²,bostadsratt,2026-09-22T13:02:45.036272
2176301666109786729,"https://www.hemnet.se/salda/lagenhet-1rum-vasastan-odenplan-stockholms-kommun-sankt-eriksgatan-110,-2-tr-2176301666109786729",23-24m²,bostadsratt,2026-09-22T13:02:45.036273
3447632989155294966,"https://www.hemnet.se/salda/lagenhet-1rum-hornstull-stockholms-kommun-hogalidsgatan-29,-3tr,-3447632989155294966",23-24m²,bostadsratt,2026-09-22T13:02:45.036274
8608317670025439863,https://www.hemnet.se/salda/lagenhet-1rum-tuna-lunds-kommun-dag-hammarskjolds-vag-1d-8608317670025439863,23-24m²,bostadsratt,2026-09-22T13:02:45.036275
1645138713083660668,https://www.hemnet.se/salda/lagenhet-1rum-gardet-stockholms-kommun-sandhamnsgatan-23-1645138713083660668,23-24m²,bostadsratt,2026-09-22T13:02:45.036276
5966419800356502616,https://www.hemnet.se/salda/lagenhet-1rum-kungsholmen-nedre-kungsholmen-stockholms-kommun-kungsklippan-20-5966419800356502616,23-24m²,bostadsratt,2026-09-22T13:02:45.036278
6036831800069522977,https://www.hemnet.se/salda/lagenhet-1rum-sodermalm-hornstull-stockholms-kommun-slipgatan-5-6036831800069522977,23-24m²,bostadsratt,2026-09-22T13:02:45.036279
7706519971795316762,https://www.hemnet.se/salda/lagenhet-1rum-bremerlyckan-kalmar-kommun-frejagatan-3d-7706519971795316762,23-24m²,bostadsratt,2026-09-22T13:02:45.036280
8910904016667167289,"https://www.hemnet.se/salda/lagenhet-1rum-vasastan-atlas-stockholms-kommun-torsgatan-33,-4-tr-8910904016667167289",23-24m²,bostadsratt,2026-09-22T13:02:45.036280
1465270,https://www.hemnet.se/salda/lagenhet-1rum-lerum-lerums-kommun-lagman-eskils-vag-5-1465270,23-24m²,bostadsratt,2026-09-22T13:02:45.036281
1431782,https://www.hemnet.se/salda/lagenhet-1rum-johannelund-linkopings-kommun-munkhagsgatan-88-1431782,23-24m²,bostadsratt,2026-09-22T13:02:45.036282
457157893191760652,https://www.hemnet.se/salda/lagenhet-1rum-vasastan-city-norrmalm-stockholms-kommun-luntmakargatan-10-457157893191760652,23-24m²,bostadsratt,2026-09-22T13:02:45.036283
1507836,https://www.hemnet.se/salda/lagenhet-1rum-luthagen-uppsala-kommun-tegnergatan-25-b-1507836,23-24m²,bostadsratt,2026-09-22T13:02:45.036284
1472390,https://www.hemnet.se/salda/lagenhet-1rum-lindholmen-goteborgs-kommun-lindholmshamnen-23-1472390,23-24m²,bostadsratt,2026-09-22T13:02:45.036285
6440267292836599621,https://www.hemnet.se/salda/lagenhet-1rum-norr-gavle-kommun-norrtullsgatan-4b-6440267292836599621,23-24m²,bostadsratt,2026-09-22T13:02:45.036286
1431222,"https://www.hemnet.se/salda/lagenhet-1rum-vasastan-stockholms-kommun-sveavagen-140,-3tr-1431222",23-24m²,bostadsratt,2026-09-22T13:02:45.036287
3022572062194957616,https://www.hemnet.se/salda/lagenhet-1rum-teg-umea-kommun-jagarvagen-5a-3022572062194957616,23-24m²,bostadsratt,2026-09-22T13:02:45.036288
7456855636980003368,https://www.hemnet.se/salda/lagenhet-1rum-lilla-essingen-stockholms-kommun-stralgatan-19-7456855636980003368,23-24m²,bostadsratt,2026-09-22T13:02:45.036288
121442626524424844,https://www.hemnet.se/salda/lagenhet-1rum-lustigknopp-falu-kommun-lustigknoppsvagen-1a-121442626524424844,23-24m²,bostadsratt,2026-09-22T13:02:45.036289
3370619398877173239,https://www.hemnet.se/salda/lagenhet-1rum-lund-centrum-lunds-kommun-mariagatan-9-3370619398877173239,23-24m²,bostadsratt,2026-09-22T13:02:45.036290
6918752443866390532,"https://www.hemnet.se/salda/lagenhet-1,5rum-sodermalm-stockholms-kommun-kattgrand-1-6918752443866390532",23-24m²,bostadsratt,2026-09-22T13:02:45.036291
1094521890245113991,https://www.hemnet.se/salda/lagenhet-1rum-sodermalm-stockholms-kommun-tobaksspinnargatan-6-1094521890245113991,23-24m²,bostadsratt,2026-09-22T13:02:45.036292
6510240586295095990,"https://www.hemnet.se/salda/lagenhet-1rum-gardet-ostermalm-stockholms-kommun-rindogatan-12,-5-tr-6510240586295095990",23-24m²,bostadsratt,2026-09-22T13:02:45.036293
4530539328163074981,https://www.hemnet.se/salda/lagenhet-1rum-kulladal-malmo-kommun-per-albin-hanssons-vag-56a-4530539328163074981,23-24m²,bostadsratt,2026-09-22T13:02:45.036294
7651948848795038487,https://www.hemnet.se/salda/lagenhet-1rum-rasunda-solna-kommun-rasundavagen-134-7651948848795038487,23-24m²,bostadsratt,2026-09-22T13:02:45.036295
3005447041643608153,https://www.hemnet.se/salda/lagenhet-1rum-kallered-centralt-molndals-kommun-streteredsvagen-1b-3005447041643608153,23-24m²,bostadsratt,2026-09-22T13:02:45.036296
4491752337772386807,https://www.hemnet.se/salda/lagenhet-1rum-bromma-beckomberga-stockholms-kommun-follingbogatan-18-4491752337772386807,23-24m²,bostadsratt,2026-09-22T13:02:45.036296
2542919603924987415,https://www.hemnet.se/salda/lagenhet-1rum-midsommarkransen-stockholms-kommun-vattenledningsvagen-53-2542919603924987415,23-24m²,bostadsratt,2026-09-22T13:02:45.036297
6710451735466315344,https://www.hemnet.se/salda/lagenhet-1rum-ostermalm-stockholms-kommun-valhallavagen-73-6710451735466315344,23-24m²,bostadsratt,2026-09-22T13:02:45.036298
7584804820548133052,https://www.hemnet.se/salda/lagenhet-1rum-folkets-park-malmo-kommun-solvesborgsgatan-3-d-7584804820548133052,23-24m²,bostadsratt,2026-09-22T13:02:45.036300
4778717679004536925,https://www.hemnet.se/salda/lagenhet-1rum-aspudden-ornsberg-stockholms-kommun-hagerstensvagen-191-4778717679004536925,23-24m²,bostadsratt,2026-09-22T13:02:45.036301
1096055800210686622,"https://www.hemnet.se/salda/lagenhet-1rum-vasastan-stockholms-kommun-torsgatan-33,-5-tr-1096055800210686622",23-24m²,bostadsratt,2026-09-22T13:02:45.036302
5675407524206209472,https://www.hemnet.se/salda/lagenhet-1rum-saltsjobaden-rosunda-nacka-kommun-karl-gerhards-vag-23-5675407524206209472,23-24m²,bostadsratt,2026-09-22T13:02:45.036303
6572514933665154633,https://www.hemnet.se/salda/lagenhet-1rum-hoganas-uppsala-kommun-botvidsgatan-6a-6572514933665154633,23-24m²,bostadsratt,2026-09-22T13:02:45.036304
4105858335095642319,"https://www.hemnet.se/salda/lagenhet-1,5rum-centrum-uppsala-kommun-dragarbrunnsgatan-31-4105858335095642319",23-24m²,bostadsratt,2026-09-22T13:02:45.036305
1424955,"https://www.hemnet.se/salda/lagenhet-1rum-maria-gamla-stan-hogalid-stockholms-kommun-tavastgatan-5,-3-tr,-balkong-1424955",23-24m²,bostadsratt,2026-09-22T13:02:45.036306
7155189027730288652,https://www.hemnet.se/salda/lagenhet-1rum-danderyd-danderyds-kommun-morbylund-15c-7155189027730288652,23-24m²,bostadsratt,2026-09-22T13:02:45.036307
2314729599389056606,https://www.hemnet.se/salda/lagenhet-1rum-rasunda-solna-kommun-vintervagen-17-2314729599389056606,23-24m²,bostadsratt,2026-09-22T13:02:45.036308
1471862,"https://www.hemnet.se/salda/lagenhet-1rum-sodermalm-stockholms-kommun-hornsgatan-151,-2tr-1471862",23-24m²,bostadsratt,2026-09-22T13:02:45.036309
421806153280954309,https://www.hemnet.se/salda/lagenhet-1rum-kungsholmen-norr-malarstrand-stockholms-kommun-pontonjargatan-33-421806153280954309,23-24m²,bostadsratt,2026-09-22T13:02:45.036309
56549049198004675,https://www.hemnet.se/salda/lagenhet-1rum-luthagen-uppsala-kommun-tegnergatan-33c-56549049198004675,23-24m²,bostadsratt,2026-09-22T13:02:45.036310
7360904934565045416,https://www.hemnet.se/salda/lagenhet-1rum-aspudden-stockholms-kommun-schlytersvagen-43-7360904934565045416,23-24m²,bostadsratt,2026-09-22T13:02:45.036311
6381360708249411985,https://www.hemnet.se/salda/lagenhet-1rum-enskededalen-stockholms-kommun-oxelvagen-4-6381360708249411985,23-24m²,bostadsratt,2026-09-22T13:02:45.036312
4441733281232965126,https://www.hemnet.se/salda/lagenhet-1rum-mollevangen-malmo-kommun-sodervarnsgatan-3b-4441733281232965126,23-24m²,bostadsratt,2026-09-22T13:02:45.036313
9053401487793814734,"https://www.hemnet.se/salda/lagenhet-1,5rum-katarina-sofia-sodermalm-stockholms-kommun-borgmastargatan-10b,-van-5-5-9053401487793814734",23-24m²,bostadsratt,2026-09-22T13:02:45.036314
1467189,https://www.hemnet.se/salda/lagenhet-2rum-vasastan-stockholms-kommun-torsgatan-60-1467189,23-24m²,bostadsratt,2026-09-22T13:02:45.036314
2704924557174571696,https://www.hemnet.se/salda/lagenhet-1rum-flemingsberg-huddinge-kommun-terapivagen-14c-2704924557174571696,23-24m²,bostadsratt,2026-09-22T13:02:45.036315
1463202,"https://www.hemnet.se/salda/lagenhet-1rum-centralt-sodertalje-kommun-vastra-malarehamnen-3b,-1463202",23-24m²,bostadsratt,2026-09-22T13:02:45.036316
6506708531071445656,https://www.hemnet.se/salda/lagenhet-1rum-falsterbo-vellinge-kommun-falsterbohusvagen-1-6506708531071445656,23-24m²,bostadsratt,2026-09-22T13:02:45.036317
6975197489045267018,https://www.hemnet.se/salda/lagenhet-1rum-ostermalm-vasastan-stockholms-kommun-birger-jarlsgatan-114-6975197489045267018,23-24m²,bostadsratt,2026-09-22T13:02:45.036318
1442544,https://www.hemnet.se/salda/lagenhet-1rum-solna-rasunda-solna-kommun-klovervagen-3-1442544,23-24m²,bostadsratt,2026-09-22T13:02:45.036318
1508632,"https://www.hemnet.se/salda/lagenhet-1rum-ostra-kungsholmen-stockholms-kommun-kungsklippan-11,-4-tr-1508632",23-24m²,bostadsratt,2026-09-22T13:02:45.036321
2126514666554311841,https://www.hemnet.se/salda/lagenhet-1rum-farsta-stockholms-kommun-filipstadsbacken-58-2126514666554311841,23-24m²,bostadsratt,2026-09-22T13:02:45.036322
1726150435378765082,https://www.hemnet.se/salda/lagenhet-1rum-hagerstensasen-stockholms-kommun-bokbindarvagen-78-1726150435378765082,23-24m²,bostadsratt,2026-09-22T13:02:45.036323
4606900999494097233,https://www.hemnet.se/salda/lagenhet-1rum-beckomberga-stockholms-kommun-follingbogatan-18-4606900999494097233,23-24m²,bostadsratt,2026-09-22T13:02:45.036324
3686131789915871110,https://www.hemnet.se/salda/lagenhet-1rum-viggbygardet-taby-kommun-sodervagen-44-3686131789915871110,23-24m²,bostadsratt,2026-09-22T13:02:45.036325
1467325,https://www.hemnet.se/salda/lagenhet-1rum-karlsdal-vasteras-kommun-krutkallarvagen-1-1467325,23-24m²,bostadsratt,2026-09-22T13:02:45.036326
4737595476117217807,https://www.hemnet.se/salda/lagenhet-1rum-morbylund-danderyds-kommun-morbylund-13b-4737595476117217807,23-24m²,bostadsratt,2026-09-22T13:02:45.036327
1433638910172009749,https://www.hemnet.se/salda/lagenhet-1rum-luthagen-uppsala-kommun-tegnergatan-33-b-1433638910172009749,23-24m²,bostadsratt,2026-09-22T13:02:45.036327
6566663604916897308,https://www.hemnet.se/salda/lagenhet-1rum-blekingsborg-malmo-kommun-blekingsborgsgatan-1b-6566663604916897308,23-24m²,bostadsratt,2026-09-22T13:02:45.036328
4925857017864478168,https://www.hemnet.se/salda/lagenhet-1rum-flemingsberg-huddinge-kommun-terapivagen-14b-4925857017864478168,23-24m²,bostadsratt,2026-09-22T13:02:45.036329
1484446461667864137,https://www.hemnet.se/salda/lagenhet-1rum-sodermalm-mariaberget-stockholms-kommun-tavastgatan-5-1484446461667864137,23-24m²,bostadsratt,2026-09-22T13:02:45.036331
1432001,"https://www.hemnet.se/salda/lagenhet-1,5rum-norr-malarstrand-stockholms-kommun-ehrensvardsgatan-4-1432001",23-24m²,bostadsratt,2026-09-22T13:02:45.036332
3672850923469642150,https://www.hemnet.se/salda/lagenhet-1rum-haga-umea-kommun-ostra-kyrkogatan-54a-3672850923469642150,23-24m²,bostadsratt,2026-09-22T13:02:45.036335
2698161578171807965,https://www.hemnet.se/salda/lagenhet-1rum-skuru-nacka-kommun-ostra-grasvagen-5-2698161578171807965,23-24m²,bostadsratt,2026-09-22T13:02:45.036336
4144229636971519681,https://www.hemnet.se/salda/lagenhet-1rum-lilla-alby-centrala-sundbyberg-sundbybergs-kommun-stamgardsparken-4-4144229636971519681,23-24m²,bostadsratt,2026-09-22T13:02:45.036337
1078651010524163603,https://www.hemnet.se/salda/lagenhet-1rum-viggbygardet-taby-kommun-sodervagen-44-1078651010524163603,23-24m²,bostadsratt,2026-09-22T13:02:45.036338
7418674436344312010,https://www.hemnet.se/salda/lagenhet-1rum-haga-umea-kommun-solvandan-6c-7418674436344312010,23-24m²,bostadsratt,2026-09-22T13:02:45.036338
3948139335830077221,https://www.hemnet.se/salda/lagenhet-1rum-salabacke-uppsala-kommun-verkmastargatan-1b-3948139335830077221,23-24m²,bostadsratt,2026-09-22T13:02:45.036339
6063158673234690971,https://www.hemnet.se/salda/lagenhet-1rum-kungsholmen-fridhemsplan-stockholms-kommun-svarvargatan-10-6063158673234690971,23-24m²,bostadsratt,2026-09-22T13:02:45.036340
4111634680348834678,"https://www.hemnet.se/salda/lagenhet-1rum-sodermalm-hogalid-stockholms-kommun-slipgatan-12,-1-tr-4111634680348834678",23-24m²,bostadsratt,2026-09-22T13:02:45.036341
1441033,https://www.hemnet.se/salda/lagenhet-1rum-kristineberg-stockholms-kommun-levertinsgatan-1-1441033,23-24m²,bostadsratt,2026-09-22T13:02:45.036342
8578469228683737376,"https://www.hemnet.se/salda/lagenhet-1rum-kungsholmen-stockholms-kommun-industrigatan-16,-5tr-8578469228683737376",23-24m²,bostadsratt,2026-09-22T13:02:45.036343
1340446608537095107,https://www.hemnet.se/salda/lagenhet-1rum-herrhagen-karlstads-kommun-herrhagsgatan-15c-1340446608537095107,23-24m²,bostadsratt,2026-09-22T13:02:45.036344
1374683,https://www.hemnet.se/salda/lagenhet-1rum-kristineberg-stockholms-kommun-lidnersplan-12-1374683,23-24m²,bostadsratt,2026-09-22T13:02:45.036345
4198168160105754445,"https://www.hemnet.se/salda/lagenhet-1rum-maria-stockholms-kommun-krukmakargatan-38,-3-3tr-4198168160105754445",23-24m²,bostadsratt,2026-09-22T13:02:45.036346
8031010045745619580,https://www.hemnet.se/salda/lagenhet-1rum-vasastan-stockholms-kommun-torsgatan-71-8031010045745619580,23-24m²,bostadsratt,2026-09-22T13:02:45.036346
3701709555622388850,"https://www.hemnet.se/salda/lagenhet-1rum-sodermalm-nytorget-stockholms-kommun-asogatan-163,-5-tr-3701709555622388850",23-24m²,bostadsratt,2026-09-22T13:02:45.036347
981625146760663093,https://www.hemnet.se/salda/lagenhet-1rum-kungsholmen-radhuset-stockholms-kommun-kaplansbacken-3-981625146760663093,23-24m²,bostadsratt,2026-09-22T13:02:45.036348
4010181469499656606,https://www.hemnet.se/salda/lagenhet-1rum-hornstull-stockholms-kommun-tobaksspinnargatan-6-4010181469499656606,23-24m²,bostadsratt,2026-09-22T13:02:45.036349
857492563015279230,https://www.hemnet.se/salda/lagenhet-1rum-falhagen-uppsala-kommun-petterslundsgatan-14-857492563015279230,23-24m²,bostadsratt,2026-09-22T13:02:45.036350
2703092956060684208,https://www.hemnet.se/salda/lagenhet-1rum-gardet-stockholms-kommun-askrikegatan-19-2703092956060684208,23-24m²,bostadsratt,2026-09-22T13:02:45.036351
3052654158292919511,"https://www.hemnet.se/salda/lagenhet-1rum-gardet-stockholms-kommun-rindogatan-30,-4-5-tr-3052654158292919511",23-24m²,bostadsratt,2026-09-22T13:02:45.036352
3776735344977454409,"https://www.hemnet.se/salda/lagenhet-1rum-kungsholmen-stockholms-kommun-john-ericssonsgatan-18,-2tr-3776735344977454409",23-24m²,bostadsratt,2026-09-22T13:02:45.036352
2786308239078098370,https://www.hemnet.se/salda/lagenhet-1rum-gardet-ostermalm-stockholms-kommun-brantingsgatan-23-2786308239078098370,23-24m²,bostadsratt,2026-09-22T13:02:45.036353
1472981,"https://www.hemnet.se/salda/lagenhet-1rum-kungsholmen-kungsklippan-stockholms-kommun-kungsklippan-20,-9tr-1472981",23-24m²,bostadsratt,2026-09-22T13:02:45.036354
2170715481733110563,https://www.hemnet.se/salda/lagenhet-1rum-vasastan-birkastan-stockholms-kommun-norrbackagatan-5-2170715481733110563,23-24m²,bostadsratt,2026-09-22T13:02:45.036355
7767439496150723558,"https://www.hemnet.se/salda/lagenhet-1rum-sodermalm-katarina-stockholms-kommun-bjurholmsplan-17,-5-tr-7767439496150723558",23-24m²,bostadsratt,2026-09-22T13:02:45.036356
6430171365992254905,https://www.hemnet.se/salda/lagenhet-1rum-rasunda-solna-kommun-charlottenburgsvagen-32c-6430171365992254905,23-24m²,bostadsratt,2026-09-22T13:02:45.036357
1293801172960545275,https://www.hemnet.se/salda/lagenhet-1rum-sodermalm-sofia-stockholms-kommun-bondegatan-79-1293801172960545275,23-24m²,bostadsratt,2026-09-22T13:02:45.036357
8606663680702019323,https://www.hemnet.se/salda/lagenhet-1rum-valla-linkopings-kommun-ostsvangen-1a-8606663680702019323,23-24m²,bostadsratt,2026-09-22T13:02:45.036359
3499269350339822318,https://www.hemnet.se/salda/lagenhet-1rum-morbylund-danderyds-kommun-morbylund-15b-3499269350339822318,23-24m²,bostadsratt,2026-09-22T13:02:45.036360
4653491890383944211,https://www.hemnet.se/salda/lagenhet-1rum-kungsholmen-nedre-kungsholmen-stockholms-kommun-kungsklippan-11-4653491890383944211,23-24m²,bostadsratt,2026-09-22T13:02:45.036361
513939763664362618,https://www.hemnet.se/salda/lagenhet-1rum-sodra-guldheden-goteborgs-kommun-doktor-hjorts-gata-1-c-513939763664362618,23-24m²,bostadsratt,2026-09-22T13:02:45.036363
1366435,https://www.hemnet.se/salda/lagenhet-1rum-flemingsberg-huddinge-kommun-terapivagen-16-c-1366435,23-24m²,bostadsratt,2026-09-22T13:02:45.036364
6498382645901962286,https://www.hemnet.se/salda/lagenhet-1rum-naset-lidingo-kommun-kallangsvagen-32-6498382645901962286,23-24m²,bostadsratt,2026-09-22T13:02:45.036365
8843200342520382071,https://www.hemnet.se/salda/lagenhet-1rum-nedre-johanneberg-goteborgs-kommun-walleriusgatan-4-8843200342520382071,23-24m²,bostadsratt,2026-09-22T13:02:45.036366
2461886779385649393,https://www.hemnet.se/salda/lagenhet-1rum-kallered-stretered-molndals-kommun-streteredsvagen-61-c-2461886779385649393,23-24m²,bostadsratt,2026-09-22T13:02:45.036367
71052896677207079,"https://www.hemnet.se/salda/lagenhet-1rum-vasastan-odenplan-stockholms-kommun-dalagatan-44a,-2tr-o,g-71052896677207079",23-24m²,bostadsratt,2026-09-22T13:02:45.036368
8466206613217545392,"https://www.hemnet.se/salda/lagenhet-1rum-maria-stockholms-kommun-hornsgatan-64a,-3-tr-gardshus-8466206613217545392",23-24m²,bostadsratt,2026-09-22T13:02:45.036369
3410404729014075731,https://www.hemnet.se/salda/lagenhet-1rum-nedre-gardet-stockholms-kommun-olaus-petrigatan-10-3410404729014075731,23-24m²,bostadsratt,2026-09-22T13:02:45.036369
6760429399067095407,https://www.hemnet.se/salda/lagenhet-1rum-midsommarkransen-stockholms-kommun-majstangsvagen-11-6760429399067095407,23-24m²,bostadsratt,2026-09-22T13:02:45.036370
8808226097192797508,https://www.hemnet.se/salda/lagenhet-1rum-sodermalm-stockholms-kommun-rutger-fuchsgatan-4-8808226097192797508,23-24m²,bostadsratt,2026-09-22T13:02:45.036371
2324013402708605127,https://www.hemnet.se/salda/lagenhet-1rum-danderyd-danderyds-kommun-morbylund-15b-2324013402708605127,23-24m²,bostadsratt,2026-09-22T13:02:45.036372
7833278617693461864,https://www.hemnet.se/salda/lagenhet-1rum-kungsholmen-nedre-kungsholmen-stockholms-kommun-kungsklippan-11-7833278617693461864,23-24m²,bostadsratt,2026-09-22T13:02:45.036373
7781917208054925437,https://www.hemnet.se/salda/lagenhet-1rum-morbylund-danderyds-kommun-morbylund-11b-7781917208054925437,23-24m²,bostadsratt,2026-09-22T13:02:45.036374
1933313849968761858,"https://www.hemnet.se/salda/lagenhet-1rum-sodermalm-mariaberget-stockholms-kommun-tavastgatan-5,-1tr-1933313849968761858",23-24m²,bostadsratt,2026-09-22T13:02:45.036375
1903715551672882502,https://www.hemnet.se/salda/lagenhet-1rum-gardet-ostermalm-stockholms-kommun-sandhamnsgatan-23-1903715551672882502,23-24m²,bostadsratt,2026-09-22T13:02:45.036376
8172959095683910469,https://www.hemnet.se/salda/lagenhet-1rum-falhagen-uppsala-kommun-petterslundsgatan-14-e-8172959095683910469,23-24m²,bostadsratt,2026-09-22T13:02:45.036376
6888277374847083789,https://www.hemnet.se/salda/lagenhet-1rum-salabacke-uppsala-kommun-murargatan-12-6888277374847083789,23-24m²,bostadsratt,2026-09-22T13:02:45.036377
6838492929625708935,https://www.hemnet.se/salda/lagenhet-1rum-tagaborg-helsingborgs-kommun-wrangelsgatan-6-6838492929625708935,23-24m²,bostadsratt,2026-09-22T13:02:45.036378
6669162136795703465,https://www.hemnet.se/salda/lagenhet-1rum-vasastaden-linkopings-kommun-sturegatan-3-b-6669162136795703465,23-24m²,bostadsratt,2026-09-22T13:02:45.036380
191005249373379473,https://www.hemnet.se/salda/lagenhet-1rum-laholm-laholms-kommun-margaretagatan-18-191005249373379473,23-24m²,bostadsratt,2026-09-22T13:02:45.036381
6285442360222258641,https://www.hemnet.se/salda/lagenhet-1rum-vasastan-stockholms-kommun-tomtebogatan-31-6285442360222258641,23-24m²,bostadsratt,2026-09-22T13:02:45.036382
5444846278018857128,https://www.hemnet.se/salda/lagenhet-1rum-vastra-skogen-solna-kommun-wiboms-vag-8-5444846278018857128,23-24m²,bostadsratt,2026-09-22T13:02:45.036383
377729232810157922,https://www.hemnet.se/salda/lagenhet-1rum-skondal-stockholms-kommun-thorsten-levenstams-vag-13a-21001-377729232810157922,23-24m²,bostadsratt,2026-09-22T13:02:45.036384
4179990791240445483,https://www.hemnet.se/salda/lagenhet-1rum-majorna-goteborgs-kommun-toppsegelsgatan-15-4179990791240445483,23-24m²,bostadsratt,2026-09-22T13:02:45.036386
163227504752507890,https://www.hemnet.se/salda/lagenhet-1rum-torpa-jonkopings-kommun-grona-gatan-13a-163227504752507890,23-24m²,bostadsratt,2026-09-22T13:02:45.036387
8044139206167564619,"https://www.hemnet.se/salda/lagenhet-1rum-kungsholmen-stockholms-kommun-fleminggatan-58,-2tr-8044139206167564619",23-24m²,bostadsratt,2026-09-22T13:02:45.036388
1424228,https://www.hemnet.se/salda/lagenhet-1rum-hisingen-goteborgs-kommun-ullmansgatan-5a-1424228,23-24m²,bostadsratt,2026-09-22T13:02:45.036389
831823547181705664,https://www.hemnet.se/salda/lagenhet-1rum-bromma-stockholms-kommun-follingbogatan-18-831823547181705664,23-24m²,bostadsratt,2026-09-22T13:02:45.036389
4190359145904918413,https://www.hemnet.se/salda/lagenhet-1rum-centralt-upplands-vasby-kommun-optimusvagen-3a-4190359145904918413,23-24m²,bostadsratt,2026-09-22T13:02:45.036390
1388333912616283644,"https://www.hemnet.se/salda/lagenhet-1rum-gardet-stockholms-kommun-rindogatan-27,-4-tr-1388333912616283644",23-24m²,bostadsratt,2026-09-22T13:02:45.036391
1536818732270969145,https://www.hemnet.se/salda/lagenhet-1rum-flemingsberg-huddinge-kommun-terapivagen-18d-1536818732270969145,23-24m²,bostadsratt,2026-09-22T13:02:45.036392
4423207199707864443,https://www.hemnet.se/salda/lagenhet-1rum-mollevangen-malmo-kommun-bangatan-4c-4423207199707864443,23-24m²,bostadsratt,2026-09-22T13:02:45.036394
2653883422605772490,https://www.hemnet.se/salda/lagenhet-1rum-sodermalm-stockholms-kommun-maria-skolgata-87-2653883422605772490,23-24m²,bostadsratt,2026-09-22T13:02:45.036395
5345218040362854449,https://www.hemnet.se/salda/lagenhet-1rum-norrmalm-vasteras-kommun-krutkallarvagen-1-5345218040362854449,23-24m²,bostadsratt,2026-09-22T13:02:45.036396
917104082333274651,https://www.hemnet.se/salda/lagenhet-1rum-gardet-ostermalm-stockholms-kommun-rindogatan-4-917104082333274651,23-24m²,bostadsratt,2026-09-22T13:02:45.036397
788893703004566205,https://www.hemnet.se/salda/lagenhet-1rum-sodermalm-sofia-stockholms-kommun-metargatan-9-788893703004566205,23-24m²,bostadsratt,2026-09-22T13:02:45.036398
4957225734403921349,https://www.hemnet.se/salda/lagenhet-1rum-nedre-johanneberg-goteborgs-kommun-wijkandersplatsen-1-4957225734403921349,23-24m²,bostadsratt,2026-09-22T13:02:45.036399
860194024814221981,https://www.hemnet.se/salda/lagenhet-1rum-lilla-essingen-stockholms-kommun-essinge-brogata-39-860194024814221981,23-24m²,bostadsratt,2026-09-22T13:02:45.036400
3959204804882909422,https://www.hemnet.se/salda/lagenhet-1rum-blekingsborg-malmo-kommun-per-albin-hanssons-vag-54b-3959204804882909422,23-24m²,bostadsratt,2026-09-22T13:02:45.036401
7728366252611228354,https://www.hemnet.se/salda/lagenhet-1rum-nacka-nacka-kommun-finntorpsvagen-3-7728366252611228354,23-24m²,bostadsratt,2026-09-22T13:02:45.036401
5971636849508783418,https://www.hemnet.se/salda/lagenhet-1rum-valla-linkopings-kommun-ostsvangen-1c-5971636849508783418,23-24m²,bostadsratt,2026-09-22T13:02:45.036402
7002753787062559583,https://www.hemnet.se/salda/lagenhet-1rum-centrum-bodens-kommun-kyrkgatan-55-7002753787062559583,23-24m²,bostadsratt,2026-09-22T13:02:45.036403
1407652,https://www.hemnet.se/salda/lagenhet-1rum-rosendal-uppsala-kommun-torgny-segerstedts-alle-110-1407652,23-24m²,bostadsratt,2026-09-22T13:02:45.036404
1616617333868163249,https://www.hemnet.se/salda/lagenhet-1rum-falhagen-uppsala-kommun-petterslundsgatan-14-e-1616617333868163249,23-24m²,bostadsratt,2026-09-22T13:02:45.036405
67481293630423353,https://www.hemnet.se/salda/lagenhet-1rum-centrum-vallentuna-kommun-centralvagen-4-67481293630423353,23-24m²,bostadsratt,2026-09-22T13:02:45.036406
1499303,https://www.hemnet.se/salda/lagenhet-1rum-finntorp-nacka-kommun-finntorpsvagen-3-1499303,23-24m²,bostadsratt,2026-09-22T13:02:45.036407
906837650841530210,https://www.hemnet.se/salda/lagenhet-1rum-barkarbystaden-jarfalla-kommun-flyginfarten-14a-906837650841530210,23-24m²,bostadsratt,2026-09-22T13:02:45.036407
1360121,https://www.hemnet.se/salda/lagenhet-1rum-valle-broar-vaxjo-kommun-anna-koskulls-gata-1360121,23-24m²,bostadsratt,2026-09-22T13:02:45.036408
3374915215917399204,https://www.hemnet.se/salda/lagenhet-1rum-kvarnbergsplan-huddinge-kommun-radsvagen-5c-3374915215917399204,23-24m²,bostadsratt,2026-09-22T13:02:45.036409
8349598719321089331,https://www.hemnet.se/salda/lagenhet-1rum-kungsholmen-stockholms-kommun-lindhagensgatan-69-8349598719321089331,23-24m²,bostadsratt,2026-09-22T13:02:45.036410
3272496282927691694,https://www.hemnet.se/salda/lagenhet-1rum-centrum-uppsala-kommun-dragarbrunnsgatan-31-3272496282927691694,23-24m²,bostadsratt,2026-09-22T13:02:45.036411
2427812504041928550,https://www.hemnet.se/salda/lagenhet-1rum-centrala-vasby-upplands-vasby-kommun-centralvagen-8b-2427812504041928550,23-24m²,bostadsratt,2026-09-22T13:02:45.036413
1158879672807533001,https://www.hemnet.se/salda/lagenhet-1rum-centralt-vasteras-kommun-vastra-ringvagen-21a-1158879672807533001,23-24m²,bostadsratt,2026-09-22T13:02:45.036414
16957540182451063,https://www.hemnet.se/salda/lagenhet-1rum-sodermalm-stockholms-kommun-asogatan-190-16957540182451063,23-24m²,bostadsratt,2026-09-22T13:02:45.036415
1197343395745994682,https://www.hemnet.se/salda/lagenhet-1rum-gardet-ostermalm-stockholms-kommun-rindogatan-4-1197343395745994682,23-24m²,bostadsratt,2026-09-22T13:02:45.036416
4695963352609867373,https://www.hemnet.se/salda/lagenhet-1rum-lilla-essingen-stockholms-kommun-essinge-brogata-39-4695963352609867373,23-24m²,bostadsratt,2026-09-22T13:02:45.036417
8622331334040475576,https://www.hemnet.se/salda/lagenhet-1rum-harnon-harnosands-kommun-johan-nybergs-vag-16-b-8622331334040475576,23-24m²,bostadsratt,2026-09-22T13:02:45.036418
6398176835811035303,https://www.hemnet.se/salda/lagenhet-1rum-bosgarden-molndals-kommun-haradsgatan-28a-6398176835811035303,23-24m²,bostadsratt,2026-09-22T13:02:45.036419
2683560419212599759,https://www.hemnet.se/salda/lagenhet-1rum-ornskoldsvik-staden-ornskoldsviks-kommun-villagatan-63b-2683560419212599759,23-24m²,bostadsratt,2026-09-22T13:02:45.036420
7734114320316875801,https://www.hemnet.se/salda/lagenhet-1rum-tagaborg-helsingborgs-kommun-flemminggatan-10-7734114320316875801,23-24m²,bostadsratt,2026-09-22T13:02:45.036420
3971830109392673464,https://www.hemnet.se/salda/lagenhet-1rum-gardet-stockholms-kommun-strindbergsgatan-50-3971830109392673464,23-24m²,bostadsratt,2026-09-22T13:02:45.036421
6724755901170571773,https://www.hemnet.se/salda/lagenhet-1rum-trollhattan-trollhattans-kommun-kaflegatan-7a-6724755901170571773,23-24m²,bostadsratt,2026-09-22T13:02:45.036422
6605411674918369951,https://www.hemnet.se/salda/lagenhet-1rum-danderyd-danderyds-kommun-morbylund-11c-6605411674918369951,23-24m²,bostadsratt,2026-09-22T13:02:45.036423
1434269,https://www.hemnet.se/salda/lagenhet-1rum-ostermalm-stockholms-kommun-valhallavagen-148b-1434269,23-24m²,bostadsratt,2026-09-22T13:02:45.036425
378179832542472728,https://www.hemnet.se/salda/lagenhet-1rum-soderhamn-soderhamns-kommun-kaptensgatan-3a-378179832542472728,23-24m²,bostadsratt,2026-09-22T13:02:45.036426
1428226,https://www.hemnet.se/salda/lagenhet-1rum-romstad-karlstads-kommun-solviksgatan-1-1428226,23-24m²,bostadsratt,2026-09-22T13:02:45.036427
7202219281766620895,https://www.hemnet.se/salda/lagenhet-1rum-centrala-sundbyberg-sundbybergs-kommun-fagelsangen-4-7202219281766620895,23-24m²,bostadsratt,2026-09-22T13:02:45.036428
2783068539289465769,"https://www.hemnet.se/salda/lagenhet-1rum-hagerstensasen-stockholms-kommun-arvodesvagen-23,-van-2-2783068539289465769",23-24m²,bostadsratt,2026-09-22T13:02:45.036429
1798822536692023013,https://www.hemnet.se/salda/lagenhet-1rum-barkarbystaden-jarfalla-kommun-flyginfarten-14a-1798822536692023013,23-24m²,bostadsratt,2026-09-22T13:02:45.036430
3424928099222237800,"https://www.hemnet.se/salda/lagenhet-1rum-spanga-rinkeby-stockholms-kommun-hjulstavagen-92,-van-2-8-3424928099222237800",23-24m²,bostadsratt,2026-09-22T13:02:45.036431
585646329097286810,https://www.hemnet.se/salda/lagenhet-1rum-luthagen-uppsala-kommun-tegnergatan-33a-585646329097286810,23-24m²,bostadsratt,2026-09-22T13:02:45.036431
815102738965935763,https://www.hemnet.se/salda/lagenhet-1rum-hasselby-norra-villastad-stockholms-kommun-snodroppsgrand-27-815102738965935763,23-24m²,bostadsratt,2026-09-22T13:02:45.036432
6618082770764661718,https://www.hemnet.se/salda/lagenhet-1rum-ostermalm-stockholms-kommun-kommendorsgatan-24-6618082770764661718,23-24m²,bostadsratt,2026-09-22T13:02:45.036433
6675139064824922410,https://www.hemnet.se/salda/lagenhet-1rum-bromma-blackeberg-stockholms-kommun-holbergsgatan-42-6675139064824922410,23-24m²,bostadsratt,2026-09-22T13:02:45.036434
1436414,"https://www.hemnet.se/salda/lagenhet-1rum-haga-norra-solna-kommun-sylvangatan-9,-2-tr-1436414",23-24m²,bostadsratt,2026-09-22T13:02:45.036437
761298287965038324,"https://www.hemnet.se/salda/lagenhet-1rum-kungsholmen-norr-malarstrand-stockholms-kommun-sysslomansgatan-24,-6-tr-761298287965038324",23-24m²,bostadsratt,2026-09-22T13:02:45.036438
3136571651924824770,https://www.hemnet.se/salda/lagenhet-1rum-kungsangen-sala-kommun-ringgatan-38d-3136571651924824770,23-24m²,bostadsratt,2026-09-22T13:02:45.036439
1021358705204994079,https://www.hemnet.se/salda/lagenhet-2rum-glado-kvarn-huddinge-kommun-osterangsvagen-14a-1021358705204994079,23-24m²,bostadsratt,2026-09-22T13:02:45.036441
1441712,https://www.hemnet.se/salda/lagenhet-1rum-vasastaden-stockholms-kommun-sankt-eriksgatan-110-1441712,23-24m²,bostadsratt,2026-09-22T13:02:45.036442
8254843986123442526,https://www.hemnet.se/salda/lagenhet-1rum-sofiaparken-lunds-kommun-sofiavagen-5e-8254843986123442526,23-24m²,bostadsratt,2026-09-22T13:02:45.036443
7357449304639925944,https://www.hemnet.se/salda/lagenhet-1rum-kungsholmen-stockholms-kommun-bergsgatan-29-7357449304639925944,23-24m²,bostadsratt,2026-09-22T13:02:45.036443
7849724730675453487,"https://www.hemnet.se/salda/lagenhet-1rum-gardet-stockholms-kommun-sandhamnsgatan-23,-1-tr-7849724730675453487",23-24m²,bostadsratt,2026-09-22T13:02:45.036444
7376448165067223372,https://www.hemnet.se/salda/lagenhet-1rum-kungsholmen-nedre-kungsholmen-stockholms-kommun-kungsklippan-11-7376448165067223372,23-24m²,bostadsratt,2026-09-22T13:02:45.036445
6080719136731458146,https://www.hemnet.se/salda/lagenhet-1rum-luthagen-uppsala-kommun-tegnergatan-33b-6080719136731458146,23-24m²,bostadsratt,2026-09-22T13:02:45.036446
147826148718693292,"https://www.hemnet.se/salda/lagenhet-1rum-kungsholmstorg-stockholms-kommun-kungsklippan-11,-4-tr-147826148718693292",23-24m²,bostadsratt,2026-09-22T13:02:45.036447
1491376,"https://www.hemnet.se/salda/lagenhet-1rum-globen-stockholms-kommun-bildhuggarvagen-4,-3tr-1491376",23-24m²,bostadsratt,2026-09-22T13:02:45.036448
1453030,"https://www.hemnet.se/salda/lagenhet-1rum-hagerneholm,-arninge-ullna-taby-kommun-hagerneholmsvagen-7b-van-3-1453030",23-24m²,bostadsratt,2026-09-22T13:02:45.036449
4915264490319974379,https://www.hemnet.se/salda/lagenhet-1rum-gadeastaden-harnosands-kommun-gadeavagen-14-4915264490319974379,23-24m²,bostadsratt,2026-09-22T13:02:45.036449
6749099632507135493,https://www.hemnet.se/salda/lagenhet-1rum-stureby-enskede-stockholms-kommun-skonviksvagen-299-6749099632507135493,23-24m²,bostadsratt,2026-09-22T13:02:45.036450
4039745008168564923,https://www.hemnet.se/salda/lagenhet-1rum-gullmarsplan-stockholms-kommun-skulptorvagen-17-4039745008168564923,23-24m²,bostadsratt,2026-09-22T13:02:45.036451
8550671844545254997,https://www.hemnet.se/salda/lagenhet-1rum-kristineberg-stockholms-kommun-levertinsgatan-5-8550671844545254997,23-24m²,bostadsratt,2026-09-22T13:02:45.036452
2334904581675437271,"https://www.hemnet.se/salda/lagenhet-1rum-sodermalm-katarina-stockholms-kommun-asogatan-92,-4-tr-2334904581675437271",23-24m²,bostadsratt,2026-09-22T13:02:45.036453
6337380306718232368,https://www.hemnet.se/salda/lagenhet-1rum-mariatorget-zinkensdamm-stockholms-kommun-bysistorget-6-6337380306718232368,23-24m²,bostadsratt,2026-09-22T13:02:45.036454
6500342041405590389,https://www.hemnet.se/salda/lagenhet-1rum-nobeltorget-malmo-kommun-vitemollegatan-4f-6500342041405590389,23-24m²,bostadsratt,2026-09-22T13:02:45.036454
8861722782419476623,https://www.hemnet.se/salda/lagenhet-1rum-jarna-sodertalje-kommun-liljestigen-2-8861722782419476623,23-24m²,bostadsratt,2026-09-22T13:02:45.036455
1462258,"https://www.hemnet.se/salda/lagenhet-1rum-hagerstensasen-stockholms-kommun-bokbindarvagen-55,-5tr-1462258",23-24m²,bostadsratt,2026-09-22T13:02:45.036457
7036675695169102161,"https://www.hemnet.se/salda/lagenhet-1rum-vasastan-norrmalm-stockholms-kommun-tegnergatan-55-c,-4tr-7036675695169102161",23-24m²,bostadsratt,2026-09-22T13:02:45.036458
5084015732073939777,https://www.hemnet.se/salda/lagenhet-1rum-folkets-park-malmo-kommun-solvesborgsgatan-3a-5084015732073939777,23-24m²,bostadsratt,2026-09-22T13:02:45.036459
4891433183102660654,https://www.hemnet.se/salda/lagenhet-1rum-ren-bollnas-kommun-sodra-backvagen-6b-4891433183102660654,23-24m²,bostadsratt,2026-09-22T13:02:45.036460
4916984604038186156,"https://www.hemnet.se/salda/lagenhet-1rum-kungsholmen-stockholms-kommun-pontonjargatan-33,-3-tr-4916984604038186156",23-24m²,bostadsratt,2026-09-22T13:02:45.036461
192196194462349159,https://www.hemnet.se/salda/lagenhet-1rum-sodermalm-katarina-sofia-stockholms-kommun-gotlandsgatan-64-192196194462349159,23-24m²,bostadsratt,2026-09-22T13:02:45.036462
1649683817940401154,https://www.hemnet.se/salda/lagenhet-1rum-sodermalm-hogalid-stockholms-kommun-heleneborgsgatan-9c-1649683817940401154,23-24m²,bostadsratt,2026-09-22T13:02:45.036463
1365912,"https://www.hemnet.se/salda/lagenhet-1rum-sodermalm-stockholms-kommun-tjustgatan-3,-6-tr-1365912",23-24m²,bostadsratt,2026-09-22T13:02:45.036463
1472789,"https://www.hemnet.se/salda/lagenhet-1rum-kungsholmen-stockholms-kommun-kungsholms-hamnplan-5,-0,5-tr-1472789",23-24m²,bostadsratt,2026-09-22T13:02:45.036464
5731634835556188084,https://www.hemnet.se/salda/lagenhet-1rum-norrstrand-karlstads-kommun-norrstrandsgatan-19-d-5731634835556188084,23-24m²,bostadsratt,2026-09-22T13:02:45.036465
7890377002603446843,https://www.hemnet.se/salda/lagenhet-1rum-vasastan-ostermalm-stockholms-kommun-korsbarsvagen-12-7890377002603446843,23-24m²,bostadsratt,2026-09-22T13:02:45.036466
1403076,https://www.hemnet.se/salda/lagenhet-1rum-sodermalm-sofo-stockholms-kommun-klippgatan-14c-1403076,23-24m²,bostadsratt,2026-09-22T13:02:45.036468
5155894675321599489,https://www.hemnet.se/salda/lagenhet-1rum-kungsholmen-stockholms-kommun-bergsgatan-29-5155894675321599489,23-24m²,bostadsratt,2026-09-22T13:02:45.036469
1490417,"https://www.hemnet.se/salda/lagenhet-1rum-hogalid-stockholms-kommun-hornstulls-strand-1,-3tr-1490417",23-24m²,bostadsratt,2026-09-22T13:02:45.036470
3663686721819905927,https://www.hemnet.se/salda/lagenhet-1rum-sofiaparken-lunds-kommun-sofiavagen-5d-3663686721819905927,23-24m²,bostadsratt,2026-09-22T13:02:45.036470
6051176960487105776,"https://www.hemnet.se/salda/lagenhet-1rum-sodermalm-sofia-stockholms-kommun-kocksgatan-36,-2-tr-6051176960487105776",23-24m²,bostadsratt,2026-09-22T13:02:45.036471
1060385075967868449,"https://www.hemnet.se/salda/lagenhet-1rum-norrmalm-vasastan-stockholms-kommun-kammakargatan-18,-4tr-1060385075967868449",23-24m²,bostadsratt,2026-09-22T13:02:45.036472
1508830,https://www.hemnet.se/salda/lagenhet-1rum-kvarnbergsplan-huddinge-kommun-radsvagen-5c-1508830,23-24m²,bostadsratt,2026-09-22T13:02:45.036473
1623446416819120834,https://www.hemnet.se/salda/lagenhet-1rum-haga-norra-solna-kommun-sylvangatan-5-1623446416819120834,23-24m²,bostadsratt,2026-09-22T13:02:45.036474
1456958,"https://www.hemnet.se/salda/lagenhet-1rum-hagerneholm,-arninge-ullna-taby-kommun-hagerneholmsvagen-7a-entreplan-1456958",23-24m²,bostadsratt,2026-09-22T13:02:45.036475
1438601,"https://www.hemnet.se/salda/lagenhet-1rum-kungsholmen-stockholms-kommun-sankt-goransgatan-64a,-5tr-1438601",23-24m²,bostadsratt,2026-09-22T13:02:45.036476
1388784,"https://www.hemnet.se/salda/lagenhet-1rum-centrala-marsta-sigtuna-kommun-dalgatan-9c,-0,5-tr-1388784",23-24m²,bostadsratt,2026-09-22T13:02:45.036477
531679844531594749,https://www.hemnet.se/salda/lagenhet-1rum-centrala-huddinge-kvarnbergsplan-huddinge-kommun-radsvagen-5a-531679844531594749,23-24m²,bostadsratt,2026-09-22T13:02:45.036478
6011208857008132021,"https://www.hemnet.se/salda/lagenhet-1,5rum-hasselby-norra-villastad-stockholms-kommun-snodroppsgrand-29,-4-4-6011208857008132021",23-24m²,bostadsratt,2026-09-22T13:02:45.036479
6490500650513659425,https://www.hemnet.se/salda/lagenhet-1rum-gardet-ostermalm-stockholms-kommun-skeppargatan-98-6490500650513659425,23-24m²,bostadsratt,2026-09-22T13:02:45.036480
4829838406577497172,https://www.hemnet.se/salda/lagenhet-1rum-sodermalm-hornstull-hogalid-stockholms-kommun-hornstulls-strand-1-4829838406577497172,23-24m²,bostadsratt,2026-09-22T13:02:45.036481
7074296214958980299,https://www.hemnet.se/salda/lagenhet-1rum-alvsjo-solberga-stockholms-kommun-mockasinvagen-26-7074296214958980299,23-24m²,bostadsratt,2026-09-22T13:02:45.036481
8713733421265992709,"https://www.hemnet.se/salda/lagenhet-1rum-nacka-sickla-finntorp-nacka-kommun-tallidsvagen-7,-1tr-8713733421265992709",23-24m²,bostadsratt,2026-09-22T13:02:45.036484
576404195175702634,"https://www.hemnet.se/salda/lagenhet-1rum-gardet-ostermalm-stockholms-kommun-rindogatan-4,-7-av-7tr-576404195175702634",23-24m²,bostadsratt,2026-09-22T13:02:45.036485
591443792413548190,https://www.hemnet.se/salda/lagenhet-1rum-kungsholmen-nedre-kungsholmen-stockholms-kommun-kungsbro-strand-21-591443792413548190,23-24m²,bostadsratt,2026-09-22T13:02:45.036486
2822328837096834131,"https://www.hemnet.se/salda/lagenhet-1rum-kungholmen-stockholms-kommun-alstromergatan-35,-1tr-2822328837096834131",23-24m²,bostadsratt,2026-09-22T13:02:45.036486
8681790878790165351,"https://www.hemnet.se/salda/lagenhet-1rum-kungsholmen-stockholms-kommun-kungsklippan-11,-4-tr-8681790878790165351",23-24m²,bostadsratt,2026-09-22T13:02:45.036487
1451092,https://www.hemnet.se/salda/lagenhet-1rum-centrala-sundbyberg-sundbybergs-kommun-brunnsgatan-2b-1451092,23-24m²,bostadsratt,2026-09-22T13:02:45.036489
5896619619843482872,"https://www.hemnet.se/salda/lagenhet-1,5rum-kungsholmen-stockholms-kommun-kungsholmsgatan-13-5896619619843482872",23-24m²,bostadsratt,2026-09-22T13:02:45.036490
6736319381390741977,https://www.hemnet.se/salda/lagenhet-1rum-ostermalm-stockholms-kommun-banergatan-41-6736319381390741977,23-24m²,bostadsratt,2026-09-22T13:02:45.036491
5796318442219013412,https://www.hemnet.se/salda/lagenhet-1rum-centralt-norr-orebro-kommun-hjortstorpsvagen-13a-5796318442219013412,23-24m²,bostadsratt,2026-09-22T13:02:45.036492
8071767353283525280,https://www.hemnet.se/salda/lagenhet-1rum-bromma-blackeberg-stockholms-kommun-holbergsgatan-44-8071767353283525280,23-24m²,bostadsratt,2026-09-22T13:02:45.036493
8969962152883972687,https://www.hemnet.se/salda/lagenhet-1rum-gullmarsplan-johanneshov-stockholms-kommun-gullmarsvagen-12-8969962152883972687,23-24m²,bostadsratt,2026-09-22T13:02:45.036494
2461578932882891194,"https://www.hemnet.se/salda/lagenhet-1rum-kungsholmen-stora-essingen-stockholms-kommun-essingeringen-70,-1-vaningen-2461578932882891194",23-24m²,bostadsratt,2026-09-22T13:02:45.036495
5323706239986528950,"https://www.hemnet.se/salda/lagenhet-1rum-sundbyberg-sundbybergs-kommun-granlidsvagen-2,-terrass-pa-ca-13-kvm-5323706239986528950",23-24m²,bostadsratt,2026-09-22T13:02:45.036496
1588654327992354829,"https://www.hemnet.se/salda/lagenhet-1rum-gardet-stockholms-kommun-rindogatan-4,-2-tr-1588654327992354829",23-24m²,bostadsratt,2026-09-22T13:02:45.036498
7648715144169622379,https://www.hemnet.se/salda/lagenhet-1rum-telefonplan-hagerstensasen-stockholms-kommun-bokbindarvagen-78-7648715144169622379,23-24m²,bostadsratt,2026-09-22T13:02:45.036499
1484563,https://www.hemnet.se/salda/lagenhet-1rum-flemingsberg-huddinge-kommun-terapivagen-18c-1484563,23-24m²,bostadsratt,2026-09-22T13:02:45.036500
8541156565442263856,"https://www.hemnet.se/salda/lagenhet-1,5rum-nockebyhov-stockholms-kommun-gubbkarrsvagen-29q-8541156565442263856",23-24m²,bostadsratt,2026-09-22T13:02:45.036500
6946914097803749672,https://www.hemnet.se/salda/lagenhet-1rum-bandhagen-stockholms-kommun-bandhagsplan-9-10tr-6946914097803749672,23-24m²,bostadsratt,2026-09-22T13:02:45.036501
6840731941386102979,"https://www.hemnet.se/salda/lagenhet-1rum-kungsholmen-stockholms-kommun-industrigatan-16,-4tr-6840731941386102979",23-24m²,bostadsratt,2026-09-22T13:02:45.036502
2032701077422019984,https://www.hemnet.se/salda/lagenhet-1rum-ladugardsgardet-stockholms-kommun-rindogatan-6-2032701077422019984,23-24m²,bostadsratt,2026-09-22T13:02:45.036503
4623159608531824249,https://www.hemnet.se/salda/lagenhet-1rum-vasastaden-goteborgs-kommun-haga-kyrkogata-20d-4623159608531824249,23-24m²,bostadsratt,2026-09-22T13:02:45.036504
413408909523681023,https://www.hemnet.se/salda/lagenhet-1rum-hammarbyhojden-stockholms-kommun-fyrskeppsvagen-45-413408909523681023,23-24m²,bostadsratt,2026-09-22T13:02:45.036505
1520223134852926145,https://www.hemnet.se/salda/lagenhet-1rum-luthagen-uppsala-kommun-tegnergatan-33c-1520223134852926145,23-24m²,bostadsratt,2026-09-22T13:02:45.036505
5128480683574431801,"https://www.hemnet.se/salda/lagenhet-1rum-kungsholmen-stockholms-kommun-sysslomansgatan-24,-8tr-5128480683574431801",23-24m²,bostadsratt,2026-09-22T13:02:45.036506
4007659401517454037,"https://www.hemnet.se/salda/lagenhet-1rum-rasunda-solna-kommun-postgrand-6,-2tr-4007659401517454037",23-24m²,bostadsratt,2026-09-22T13:02:45.036507
2647025206036990299,https://www.hemnet.se/salda/lagenhet-1rum-gardet-ostermalm-stockholms-kommun-furusundsgatan-6-2647025206036990299,23-24m²,bostadsratt,2026-09-22T13:02:45.036508
4750781412785253548,"https://www.hemnet.se/salda/lagenhet-1rum-sodermalm-katarina-stockholms-kommun-asogatan-92,-4-tr-4750781412785253548",23-24m²,bostadsratt,2026-09-22T13:02:45.036509
5972519478533442312,https://www.hemnet.se/salda/lagenhet-1rum-vastra-kungsholmen-stockholms-kommun-sankt-goransgatan-157x-5972519478533442312,23-24m²,bostadsratt,2026-09-22T13:02:45.036510
5192726637942860578,https://www.hemnet.se/salda/lagenhet-1rum-bagarmossen-stockholms-kommun-bergsradsvagen-36-5192726637942860578,23-24m²,bostadsratt,2026-09-22T13:02:45.036510
1388265,https://www.hemnet.se/salda/lagenhet-1rum-ekhagen-norra-djurgarden-stockholms-kommun-ekhagsvagen-10-1388265,23-24m²,bostadsratt,2026-09-22T13:02:45.036511
5474072150397596827,https://www.hemnet.se/salda/lagenhet-1rum-vasastan-stockholms-kommun-birger-jarlsgatan-104e-5474072150397596827,23-24m²,bostadsratt,2026-09-22T13:02:45.036512
1726401062151504935,https://www.hemnet.se/salda/lagenhet-1rum-sommarro-uppsala-kommun-lindsbergsgatan-13a-1726401062151504935,23-24m²,bostadsratt,2026-09-22T13:02:45.036513
1949693239188371565,https://www.hemnet.se/salda/lagenhet-1rum-valla-linkopings-kommun-ostsvangen-1a-1949693239188371565,23-24m²,bostadsratt,2026-09-22T13:02:45.036514
569386700084073985,https://www.hemnet.se/salda/lagenhet-1rum-skonsmon-sundsvalls-kommun-harmonigatan-36-569386700084073985,23-24m²,bostadsratt,2026-09-22T13:02:45.036515
1311311652006593588,https://www.hemnet.se/salda/lagenhet-1rum-blekingsborg-malmo-kommun-per-albin-hanssons-vag-56a-1311311652006593588,23-24m²,bostadsratt,2026-09-22T13:02:45.036516
1680554721971508992,https://www.hemnet.se/salda/lagenhet-1rum-valla-linkopings-kommun-ostsvangen-1a-1680554721971508992,23-24m²,bostadsratt,2026-09-22T13:02:45.036516
6709925106707690400,"https://www.hemnet.se/salda/lagenhet-1rum-vasastan-sibirien-stockholms-kommun-ingemarsgatan-12,-0,5tr-6709925106707690400",23-24m²,bostadsratt,2026-09-22T13:02:45.036519
1489257,"https://www.hemnet.se/salda/lagenhet-1rum-vasastan-stockholms-kommun-roslagsgatan-54,-2-tr-1489257",23-24m²,bostadsratt,2026-09-22T13:02:45.036519
224148851930756681,https://www.hemnet.se/salda/lagenhet-1rum-nol-ale-kommun-storegardsvagen-8-224148851930756681,23-24m²,bostadsratt,2026-09-22T13:02:45.036520
3140025476317307669,https://www.hemnet.se/salda/lagenhet-1rum-blekingsborg-malmo-kommun-per-albin-hanssons-vag-54b-3140025476317307669,23-24m²,bostadsratt,2026-09-22T13:02:45.036521
1502263,https://www.hemnet.se/salda/lagenhet-1rum-tumba-botkyrka-kommun-vattravagen-58-1502263,23-24m²,bostadsratt,2026-09-22T13:02:45.036523
8192168515198478007,https://www.hemnet.se/salda/lagenhet-1rum-ostermalm-stockholms-kommun-grevgatan-19-8192168515198478007,23-24m²,bostadsratt,2026-09-22T13:02:45.036525
4444333264195355006,"https://www.hemnet.se/salda/lagenhet-1rum-lilla-essingen-stockholms-kommun-stralgatan-8,-3tr-4444333264195355006",23-24m²,bostadsratt,2026-09-22T13:02:45.036526
8589256331304195408,"https://www.hemnet.se/salda/lagenhet-1rum-hagerneholm-taby-kommun-hagerneholmsvagen-7b,-vaning-2-8589256331304195408",23-24m²,bostadsratt,2026-09-22T13:02:45.036527
4008537282117109986,https://www.hemnet.se/salda/lagenhet-1rum-hokarangen-stockholms-kommun-russinvagen-7-4008537282117109986,23-24m²,bostadsratt,2026-09-22T13:02:45.036528
2491081133566010875,https://www.hemnet.se/salda/lagenhet-1rum-jarva-solna-kommun-master-simons-vag-12-2491081133566010875,23-24m²,bostadsratt,2026-09-22T13:02:45.036528
57717930241977520,https://www.hemnet.se/salda/lagenhet-1rum-vallingby-centrum-stockholms-kommun-jamtlandsgatan-74-57717930241977520,23-24m²,bostadsratt,2026-09-22T13:02:45.036529
1404054,https://www.hemnet.se/salda/lagenhet-1rum-gamla-vaster-sverige-ostindiefararegatan-5-1404054,23-24m²,bostadsratt,2026-09-22T13:02:45.036530
1869763954692748605,"https://www.hemnet.se/salda/lagenhet-1rum-kungsholmen-stockholms-kommun-kungsklippan-11,-2tr-1869763954692748605",23-24m²,bostadsratt,2026-09-22T13:02:45.036531
7946183712709104864,https://www.hemnet.se/salda/lagenhet-1rum-nobeltorget-malmo-kommun-vitemollegatan-1c-7946183712709104864,23-24m²,bostadsratt,2026-09-22T13:02:45.036532
1446456,https://www.hemnet.se/salda/lagenhet-1rum-dammfri-malmo-kommun-angdalavagen-29-1446456,23-24m²,bostadsratt,2026-09-22T13:02:45.036532
1430820,https://www.hemnet.se/salda/lagenhet-1rum-beckomberga-stockholms-kommun-follingbogatan-22-1430820,23-24m²,bostadsratt,2026-09-22T13:02:45.036533
1360120,https://www.hemnet.se/salda/lagenhet-1rum-valle-broar-vaxjo-kommun-anna-koskulls-gata-1360120,23-24m²,bostadsratt,2026-09-22T13:02:45.036534
2704801257621603504,https://www.hemnet.se/salda/lagenhet-1rum-rasunda-solna-kommun-klovervagen-5-2704801257621603504,23-24m²,bostadsratt,2026-09-22T13:02:45.036535
1434835,"https://www.hemnet.se/salda/lagenhet-1rum-sodermalm-stockholms-kommun-bjorngardsgatan-3,-3-tr-1434835",23-24m²,bostadsratt,2026-09-22T13:02:45.036536
6625991165837066763,https://www.hemnet.se/salda/lagenhet-1rum-lund-centrum-lunds-kommun-slojdgatan-12-6625991165837066763,23-24m²,bostadsratt,2026-09-22T13:02:45.036537
4658201914321482499,https://www.hemnet.se/salda/lagenhet-1rum-sommarro-uppsala-kommun-lindsbergsgatan-13c-4658201914321482499,23-24m²,bostadsratt,2026-09-22T13:02:45.036538
3957544130965457373,https://www.hemnet.se/salda/lagenhet-1rum-kungsangen-sala-kommun-ringgatan-38c-3957544130965457373,23-24m²,bostadsratt,2026-09-22T13:02:45.036540
146129993195977677,https://www.hemnet.se/salda/lagenhet-1rum-luthagen-uppsala-kommun-luthagsesplanaden-6a-146129993195977677,23-24m²,bostadsratt,2026-09-22T13:02:45.036541
7555317451080745883,https://www.hemnet.se/salda/lagenhet-1rum-hokarangen-stockholms-kommun-russinvagen-3-7555317451080745883,23-24m²,bostadsratt,2026-09-22T13:02:45.036541
283189371070555774,https://www.hemnet.se/salda/lagenhet-1rum-oster-norrkopings-kommun-vikbolandsgatan-3-283189371070555774,23-24m²,bostadsratt,2026-09-22T13:02:45.036542
2807162003894705420,https://www.hemnet.se/salda/lagenhet-1rum-gardet-stockholms-kommun-rindogatan-27-2807162003894705420,23-24m²,bostadsratt,2026-09-22T13:02:45.036543
3214675229603911612,"https://www.hemnet.se/salda/lagenhet-1rum-kungsholmen-stockholms-kommun-pipersgatan-20,-4tr-3214675229603911612",23-24m²,bostadsratt,2026-09-22T13:02:45.036544
4227365279584177279,https://www.hemnet.se/salda/lagenhet-1rum-sodercentrum-kalmar-kommun-kylegatan-13a-4227365279584177279,23-24m²,bostadsratt,2026-09-22T13:02:45.036545
3124130006722107105,"https://www.hemnet.se/salda/lagenhet-1rum-gardet-ostermalm-stockholms-kommun-rindogatan-30,-2tr-3124130006722107105",23-24m²,bostadsratt,2026-09-22T13:02:45.036546
4152308914681944694,https://www.hemnet.se/salda/lagenhet-1rum-sundbyberg-sundbybergs-kommun-granlidsvagen-2-4152308914681944694,23-24m²,bostadsratt,2026-09-22T13:02:45.036546
2811341947171885,"https://www.hemnet.se/salda/lagenhet-1rum-hagerstensasen-stockholms-kommun-bokbindarvagen-55,-5-tr-2811341947171885",23-24m²,bostadsratt,2026-09-22T13:02:45.036547
990469410077540254,https://www.hemnet.se/salda/lagenhet-1rum-gullmarsplan-stockholms-kommun-bildhuggarvagen-4-990469410077540254,23-24m²,bostadsratt,2026-09-22T13:02:45.036548
521399334545147288,https://www.hemnet.se/salda/lagenhet-1rum-sodermalm-maria-hogalid-stockholms-kommun-hogalidsgatan-40d-521399334545147288,23-24m²,bostadsratt,2026-09-22T13:02:45.036551
4889311354487436163,https://www.hemnet.se/salda/lagenhet-1rum-lund-centrum-lunds-kommun-gyllenkroks-alle-3-4889311354487436163,23-24m²,bostadsratt,2026-09-22T13:02:45.036552
1389916,https://www.hemnet.se/salda/lagenhet-1rum-arsta-stockholms-kommun-svardlangsvagen-49-1389916,23-24m²,bostadsratt,2026-09-22T13:02:45.036553
9042721458695187706,https://www.hemnet.se/salda/lagenhet-2rum-midsommarkransen-stockholms-kommun-aprilgatan-12b-9042721458695187706,23-24m²,bostadsratt,2026-09-22T13:02:45.036554
3633394465185408302,"https://www.hemnet.se/salda/lagenhet-1rum-gardet-ostermalm-stockholms-kommun-rindogatan-25,-4tr-3633394465185408302",23-24m²,bostadsratt,2026-09-22T13:02:45.036555
6479489091416315846,https://www.hemnet.se/salda/lagenhet-1rum-danderyd-danderyds-kommun-morbylund-15b-6479489091416315846,23-24m²,bostadsratt,2026-09-22T13:02:45.036556
8078522560938570259,https://www.hemnet.se/salda/lagenhet-1rum-beckomberga-stockholms-kommun-follingbogatan-18-8078522560938570259,23-24m²,bostadsratt,2026-09-22T13:02:45.036557
2082146135363148248,https://www.hemnet.se/salda/lagenhet-2rum-enskede-stureby-stockholms-kommun-backaskiftsvagen-11a-2082146135363148248,23-24m²,bostadsratt,2026-09-22T13:02:45.036557
8537630588565051202,"https://www.hemnet.se/salda/lagenhet-1rum-kungsholmen-stockholms-kommun-john-ericssonsgatan-18,-3-tr-8537630588565051202",23-24m²,bostadsratt,2026-09-22T13:02:45.036558
1892482054935464276,"https://www.hemnet.se/salda/lagenhet-1,5rum-hasselby-norra-villastad-stockholms-kommun-snodroppsgrand-27-1892482054935464276",23-24m²,bostadsratt,2026-09-22T13:02:45.036559
8704960282086053698,https://www.hemnet.se/salda/lagenhet-1rum-kungsholmen-lilla-essingen-stockholms-kommun-stralgatan-19-8704960282086053698,23-24m²,bostadsratt,2026-09-22T13:02:45.036560
6819892053233247851,https://www.hemnet.se/salda/lagenhet-1rum-nedre-kungsholmen-stockholms-kommun-bergsgatan-29-6819892053233247851,23-24m²,bostadsratt,2026-09-22T13:02:45.036561
7260858630853320230,https://www.hemnet.se/salda/lagenhet-1rum-sodermalm-mariaberget-stockholms-kommun-brannkyrkagatan-46-7260858630853320230,23-24m²,bostadsratt,2026-09-22T13:02:45.036562
6736307322964724713,"https://www.hemnet.se/salda/lagenhet-1rum-sodermalm-hornstull-stockholms-kommun-slipgatan-12,-3-tr-6736307322964724713",23-24m²,bostadsratt,2026-09-22T13:02:45.036562
7625208279708806067,"https://www.hemnet.se/salda/lagenhet-1rum-sodermalm-mariatorget-stockholms-kommun-bjorngardsgatan-11,-5-tr-7625208279708806067",23-24m²,bostadsratt,2026-09-22T13:02:45.036563
7061914410863201015,"https://www.hemnet.se/salda/lagenhet-1rum-johanneshov-stockholms-kommun-arkadvagen-1,-van-3-7061914410863201015",23-24m²,bostadsratt,2026-09-22T13:02:45.036564
2195959558953453970,https://www.hemnet.se/salda/lagenhet-1rum-katarina-stockholms-kommun-bjurholmsplan-23-2195959558953453970,23-24m²,bostadsratt,2026-09-22T13:02:45.036565
168969906097033026,https://www.hemnet.se/salda/lagenhet-1rum-sodermalm-mariaberget-stockholms-kommun-tavastgatan-18-168969906097033026,23-24m²,bostadsratt,2026-09-22T13:02:45.036566
968852723052242023,"https://www.hemnet.se/salda/lagenhet-1,5rum-ostermalm-gardet-stockholms-kommun-rindogatan-25-968852723052242023",23-24m²,bostadsratt,2026-09-22T13:02:45.036567
3107513858590250603,https://www.hemnet.se/salda/lagenhet-1rum-sofiaparken-lunds-kommun-sofiavagen-5-d-3107513858590250603,23-24m²,bostadsratt,2026-09-22T13:02:45.036567
339264098880554501,https://www.hemnet.se/salda/lagenhet-1rum-ostermalm-stockholms-kommun-kommendorsgatan-33-a-339264098880554501,23-24m²,bostadsratt,2026-09-22T13:02:45.036568
3407329345338032132,https://www.hemnet.se/salda/lagenhet-1rum-gardet-stockholms-kommun-sandelsgatan-16-3407329345338032132,23-24m²,bostadsratt,2026-09-22T13:02:45.036569
5113444661600620651,https://www.hemnet.se/salda/lagenhet-1rum-ostermalm-stockholms-kommun-oxenstiernsgatan-35-5113444661600620651,23-24m²,bostadsratt,2026-09-22T13:02:45.036570
215005991255042316,https://www.hemnet.se/salda/lagenhet-1rum-vallastaden-linkopings-kommun-nanna-svartz-gata-6-g-215005991255042316,23-24m²,bostadsratt,2026-09-22T13:02:45.036571
2139030824682525297,https://www.hemnet.se/salda/lagenhet-1rum-centralt-linkopings-kommun-sturegatan-3b-2139030824682525297,23-24m²,bostadsratt,2026-09-22T13:02:45.036572
4526464910579074231,https://www.hemnet.se/salda/lagenhet-1rum-centrum-enkopings-kommun-kungsgatan-18a-4526464910579074231,23-24m²,bostadsratt,2026-09-22T13:02:45.036573
1519740840299319537,https://www.hemnet.se/salda/lagenhet-1rum-sodermalm-stockholms-kommun-krukmakargatan-69-1519740840299319537,23-24m²,bostadsratt,2026-09-22T13:02:45.036575
1432039,https://www.hemnet.se/salda/lagenhet-1rum-ranten-falkopings-kommun-jarnvagsgatan-24a-1432039,23-24m²,bostadsratt,2026-09-22T13:02:45.036576
6007014886070290479,https://www.hemnet.se/salda/lagenhet-1rum-grondal-stockholms-kommun-ljusstoparbacken-7b-6007014886070290479,23-24m²,bostadsratt,2026-09-22T13:02:45.036576
6902491347718285753,https://www.hemnet.se/salda/lagenhet-1rum-tagaborg-helsingborgs-kommun-flemminggatan-10-6902491347718285753,23-24m²,bostadsratt,2026-09-22T13:02:45.036577
7385104251828013619,"https://www.hemnet.se/salda/lagenhet-1,5rum-centrala-hisingen-goteborgs-kommun-skiftesgatan-4c-7385104251828013619",23-24m²,bostadsratt,2026-09-22T13:02:45.036578
5600236196831534421,https://www.hemnet.se/salda/lagenhet-1rum-gardet-stockholms-kommun-furusundsgatan-9-nb-5600236196831534421,23-24m²,bostadsratt,2026-09-22T13:02:45.036579
6022393468492274190,https://www.hemnet.se/salda/lagenhet-1rum-hagerstensasen-stockholms-kommun-sparbanksvagen-16-6022393468492274190,23-24m²,bostadsratt,2026-09-22T13:02:45.036584
1586136660750224964,https://www.hemnet.se/salda/lagenhet-1rum-skonsberg-sundsvalls-kommun-medborgargatan-63f-1586136660750224964,23-24m²,bostadsratt,2026-09-22T13:02:45.036585
8383438865310292429,https://www.hemnet.se/salda/lagenhet-1rum-centrala-hisingen-goteborgs-kommun-herkulesgatan-5a-8383438865310292429,23-24m²,bostadsratt,2026-09-22T13:02:45.036586
3165693046435986346,https://www.hemnet.se/salda/lagenhet-1rum-kungsbacka-kungsbacka-kommun-kungsgatan-31-3165693046435986346,23-24m²,bostadsratt,2026-09-22T13:02:45.036586
1456717,https://www.hemnet.se/salda/lagenhet-1rum-laholm-laholms-kommun-margaretagatan-18-1456717,23-24m²,bostadsratt,2026-09-22T13:02:45.036587
387458705751725600,https://www.hemnet.se/salda/lagenhet-1rum-framre-luthagen-uppsala-kommun-odensgatan-4b-387458705751725600,23-24m²,bostadsratt,2026-09-22T13:02:45.036588
2789915522558957945,https://www.hemnet.se/salda/lagenhet-1rum-taby-park-taby-kommun-norra-parkpromenaden-39-lgh-1302-2789915522558957945,23-24m²,bostadsratt,2026-09-22T13:02:45.036589
1459794,"https://www.hemnet.se/salda/lagenhet-1rum-morbylund-danderyds-kommun-morbylund-15b,-9-tr,-1459794",23-24m²,bostadsratt,2026-09-22T13:02:45.036590
6780364760671153561,https://www.hemnet.se/salda/lagenhet-1rum-stora-essingen-stockholms-kommun-essingetorget-37-6780364760671153561,23-24m²,bostadsratt,2026-09-22T13:02:45.036591
6528483283626602556,https://www.hemnet.se/salda/lagenhet-1rum-gardet-stockholms-kommun-furusundsgatan-4-6528483283626602556,23-24m²,bostadsratt,2026-09-22T13:02:45.036592
4189520663631662333,https://www.hemnet.se/salda/lagenhet-1rum-ostermalm-stockholms-kommun-valhallavagen-134-4189520663631662333,23-24m²,bostadsratt,2026-09-22T13:02:45.036592
5713655910213453044,https://www.hemnet.se/salda/lagenhet-1rum-hagerstensasen-stockholms-kommun-arvodesvagen-4-5713655910213453044,23-24m²,bostadsratt,2026-09-22T13:02:45.036593
5619590415333710760,https://www.hemnet.se/salda/lagenhet-1rum-sodermalm-stockholms-kommun-bysistorget-6-5619590415333710760,23-24m²,bostadsratt,2026-09-22T13:02:45.036594
8847907549001814116,https://www.hemnet.se/salda/lagenhet-1rum-ekudden-nacka-kommun-ekuddsvagen-1-8847907549001814116,23-24m²,bostadsratt,2026-09-22T13:02:45.036595
7153407869035452449,"https://www.hemnet.se/salda/lagenhet-1rum-sodermalm-maria-hogalid-stockholms-kommun-hogalidsgatan-29,-3-tr-7153407869035452449",23-24m²,bostadsratt,2026-09-22T13:02:45.036597
6263195050006135473,https://www.hemnet.se/salda/lagenhet-1rum-falhagen-uppsala-kommun-petterslundsgatan-14e-6263195050006135473,23-24m²,bostadsratt,2026-09-22T13:02:45.036598
2331931294025732408,"https://www.hemnet.se/salda/lagenhet-1rum-kungsholmen-stockholms-kommun-kungsholmsgatan-9,-3-tr-2331931294025732408",23-24m²,bostadsratt,2026-09-22T13:02:45.036599
1481367,https://www.hemnet.se/salda/lagenhet-1rum-kungsholmen-stockholms-kommun-igeldammsgatan-38-1481367,23-24m²,bostadsratt,2026-09-22T13:02:45.036600
2569811895374237057,"https://www.hemnet.se/salda/lagenhet-1rum-hagerneholm,-arninge-ullna-taby-kommun-hagerneholmsvagen-7a-2569811895374237057",23-24m²,bostadsratt,2026-09-22T13:02:45.036601
728612013644864404,"https://www.hemnet.se/salda/lagenhet-1rum-vasastan-ostermalm-stockholms-kommun-korsbarsvagen-6,-4-tr,-728612013644864404",23-24m²,bostadsratt,2026-09-22T13:02:45.036601
1421266,https://www.hemnet.se/salda/lagenhet-1rum-kallered-stretered-molndals-kommun-streteredsvagen-61-c-1421266,23-24m²,bostadsratt,2026-09-22T13:02:45.036602
6871117726357066180,https://www.hemnet.se/salda/lagenhet-1rum-centrum-gavle-kommun-norra-kungsgatan-33-6871117726357066180,23-24m²,bostadsratt,2026-09-22T13:02:45.036603
1653227059818926307,https://www.hemnet.se/salda/lagenhet-1rum-bosgarden-molndals-kommun-haradsgatan-26a-1653227059818926307,23-24m²,bostadsratt,2026-09-22T13:02:45.036605
7983457996862298211,https://www.hemnet.se/salda/lagenhet-1rum-morbylund-danderyds-kommun-morbylund-15b-7983457996862298211,23-24m²,bostadsratt,2026-09-22T13:02:45.036606
5280616287027843156,https://www.hemnet.se/salda/lagenhet-1rum-valla-linkopings-kommun-ostsvangen-1c-5280616287027843156,23-24m²,bostadsratt,2026-09-22T13:02:45.036607
3433150717686971317,https://www.hemnet.se/salda/lagenhet-1rum-johanneberg-goteborgs-kommun-gyllenkrooksgatan-15-3433150717686971317,23-24m²,bostadsratt,2026-09-22T13:02:45.036608
5492271257887973341,https://www.hemnet.se/salda/lagenhet-1rum-birkastan-vasastan-stockholms-kommun-atlasgatan-7-5492271257887973341,23-24m²,bostadsratt,2026-09-22T13:02:45.036609
3655208594265268990,https://www.hemnet.se/salda/lagenhet-1rum-sodermalm-hogalid-stockholms-kommun-slipgatan-12-3655208594265268990,23-24m²,bostadsratt,2026-09-22T13:02:45.036610
7408884775171034659,https://www.hemnet.se/salda/lagenhet-1rum-salabacke-uppsala-kommun-grona-gatan-31d-7408884775171034659,23-24m²,bostadsratt,2026-09-22T13:02:45.036610
5328728072874756370,https://www.hemnet.se/salda/lagenhet-1rum-mollevangen-malmo-kommun-sodervarnsgatan-3-a-5328728072874756370,23-24m²,bostadsratt,2026-09-22T13:02:45.036612
3594931646768304695,https://www.hemnet.se/salda/lagenhet-1rum-finntorp-nacka-kommun-finntorpsvagen-3-3594931646768304695,23-24m²,bostadsratt,2026-09-22T13:02:45.036612
8914826896933807740,https://www.hemnet.se/salda/lagenhet-1rum-lilla-alby-sundbybergs-kommun-tradgardsgatan-5-8914826896933807740,23-24m²,bostadsratt,2026-09-22T13:02:45.036613
3538826503331520913,https://www.hemnet.se/salda/lagenhet-1rum-vasastan-stockholms-kommun-sveavagen-83-3538826503331520913,23-24m²,bostadsratt,2026-09-22T13:02:45.036616
7038601191129640036,"https://www.hemnet.se/salda/lagenhet-1rum-gardet-ostermalm-stockholms-kommun-rindogatan-12,-2tr-7038601191129640036",23-24m²,bostadsratt,2026-09-22T13:02:45.036617
2589838407599754547,https://www.hemnet.se/salda/lagenhet-1rum-vasastan-odenplan-stockholms-kommun-odengatan-89-2589838407599754547,23-24m²,bostadsratt,2026-09-22T13:02:45.036618
175584763782610855,https://www.hemnet.se/salda/lagenhet-1rum-ostermalm-stockholms-kommun-valhallavagen-152c-175584763782610855,23-24m²,bostadsratt,2026-09-22T13:02:45.036618
7981749053270492259,https://www.hemnet.se/salda/lagenhet-1rum-sigtuna-wenngarn-sigtuna-kommun-venngarn-304j-7981749053270492259,23-24m²,bostadsratt,2026-09-22T13:02:45.036619
2106254718310793627,https://www.hemnet.se/salda/lagenhet-1rum-kungsholmen-stockholms-kommun-kungsklippan-11-2106254718310793627,23-24m²,bostadsratt,2026-09-22T13:02:45.036620
7189173790842760188,https://www.hemnet.se/salda/lagenhet-1rum-korsta-sundsvall-sundsvalls-kommun-klippgatan-16-7189173790842760188,23-24m²,bostadsratt,2026-09-22T13:02:45.036621
1426239034853599071,"https://www.hemnet.se/salda/lagenhet-1rum-hammarbyhojden,-johanneshov-stockholms-kommun-paternostervagen-28-1426239034853599071",23-24m²,bostadsratt,2026-09-22T13:02:45.036622
663795026698943282,"https://www.hemnet.se/salda/lagenhet-1rum-kungsholmen-stockholms-kommun-kungsklippan-11,-2-tr-663795026698943282",23-24m²,bostadsratt,2026-09-22T13:02:45.036623
1447337,https://www.hemnet.se/salda/lagenhet-1rum-kungsholmen-stockholms-kommun-alstromergatan-49-1447337,23-24m²,bostadsratt,2026-09-22T13:02:45.036623
4378127462180352724,https://www.hemnet.se/salda/lagenhet-1rum-korfaltet-ostersunds-kommun-reveljgrand-25-a-4378127462180352724,23-24m²,bostadsratt,2026-09-22T13:02:45.036624
5660574563404580475,https://www.hemnet.se/salda/lagenhet-1rum-johanneberg-goteborgs-kommun-eklandagatan-9-5660574563404580475,23-24m²,bostadsratt,2026-09-22T13:02:45.036625
9136358601115109755,"https://www.hemnet.se/salda/lagenhet-1rum-sodermalm-stockholms-kommun-hornsgatan-151,-2-tr-9136358601115109755",23-24m²,bostadsratt,2026-09-22T13:02:45.036626
1425331176346103162,https://www.hemnet.se/salda/lagenhet-1rum-falhagen-uppsala-kommun-falhagsleden-2d-1425331176346103162,23-24m²,bostadsratt,2026-09-22T13:02:45.036627
2838379094205682505,"https://www.hemnet.se/salda/lagenhet-1rum-gardet-stockholms-kommun-osthammarsgatan-72-a-,ep-2838379094205682505",23-24m²,bostadsratt,2026-09-22T13:02:45.036628
3134104580777194950,https://www.hemnet.se/salda/lagenhet-1rum-beckomberga-stockholms-kommun-follingbogatan-22-3134104580777194950,23-24m²,bostadsratt,2026-09-22T13:02:45.036628
1508501,https://www.hemnet.se/salda/lagenhet-1rum-stabby-uppsala-kommun-hallbygatan-32e-1508501,23-24m²,bostadsratt,2026-09-22T13:02:45.036629
3765529929815073777,https://www.hemnet.se/salda/lagenhet-1rum-centrum-hjo-kommun-lindgatan-9b-3765529929815073777,23-24m²,bostadsratt,2026-09-22T13:02:45.036631
2392193406197276964,"https://www.hemnet.se/salda/lagenhet-1rum-finntorp-nacka-kommun-finntorpsvagen-3,-3-tr,-2392193406197276964",23-24m²,bostadsratt,2026-09-22T13:02:45.036632
1543790794414282780,https://www.hemnet.se/salda/lagenhet-1rum-valla-linkopings-kommun-ostsvangen-1c-1543790794414282780,23-24m²,bostadsratt,2026-09-22T13:02:45.036633
1457744,https://www.hemnet.se/salda/lagenhet-1rum-vidablick-norrkopings-kommun-rosgangen-37-1457744,23-24m²,bostadsratt,2026-09-22T13:02:45.036634
1925576492273714668,https://www.hemnet.se/salda/lagenhet-1rum-luthagen-uppsala-kommun-geijersgatan-15b-1925576492273714668,23-24m²,bostadsratt,2026-09-22T13:02:45.036635
4553162580014781708,https://www.hemnet.se/salda/lagenhet-1rum-vasastaden-linkopings-kommun-vasavagen-32-4553162580014781708,23-24m²,bostadsratt,2026-09-22T13:02:45.036636
1164763514682594738,https://www.hemnet.se/salda/lagenhet-1rum-falhagen-uppsala-kommun-petterslundsgatan-14e-1164763514682594738,23-24m²,bostadsratt,2026-09-22T13:02:45.036636
3145521809306769551,https://www.hemnet.se/salda/lagenhet-1rum-danderyd-danderyds-kommun-morbylund-11b-3145521809306769551,23-24m²,bostadsratt,2026-09-22T13:02:45.036637
2439810668185966546,https://www.hemnet.se/salda/lagenhet-1rum-sjodalen-huddinge-kommun-radsvagen-5c-2439810668185966546,23-24m²,bostadsratt,2026-09-22T13:02:45.036638
1637482784873188590,https://www.hemnet.se/salda/lagenhet-1rum-djursholm-danderyds-kommun-gudmundvagen-1b-1637482784873188590,23-24m²,bostadsratt,2026-09-22T13:02:45.036639
6568603152262479394,"https://www.hemnet.se/salda/lagenhet-1rum-rasunda-solna-kommun-vasavagen-22,-1-2tr-6568603152262479394",23-24m²,bostadsratt,2026-09-22T13:02:45.036640
8544602543669618551,https://www.hemnet.se/salda/lagenhet-1rum-birkastan-vasastan-stockholms-kommun-rorstrandsgatan-3-8544602543669618551,23-24m²,bostadsratt,2026-09-22T13:02:45.036641
1413037,https://www.hemnet.se/salda/lagenhet-1rum-sodermalm-stockholms-kommun-bergsundsgatan-13-1413037,23-24m²,bostadsratt,2026-09-22T13:02:45.036641
1244303729792562593,https://www.hemnet.se/salda/lagenhet-1rum-vallingby-centrum-stockholms-kommun-vittangigatan-1-1244303729792562593,23-24m²,bostadsratt,2026-09-22T13:02:45.036642
333165063985194435,https://www.hemnet.se/salda/lagenhet-1rum-grondal-stockholms-kommun-jungmansgrand-2-333165063985194435,23-24m²,bostadsratt,2026-09-22T13:02:45.036644
1439476,https://www.hemnet.se/salda/lagenhet-1rum-morbylund-danderyds-kommun-morbylund-11c-1439476,23-24m²,bostadsratt,2026-09-22T13:02:45.036645
1238760248132499040,"https://www.hemnet.se/salda/lagenhet-1rum-lilla-essingen-stockholms-kommun-stralgatan-8,-van-4-1238760248132499040",23-24m²,bostadsratt,2026-09-22T13:02:45.036646
1416924,https://www.hemnet.se/salda/lagenhet-1rum-finntorp-nacka-kommun-finntorpsvagen-3-1416924,23-24m²,bostadsratt,2026-09-22T13:02:45.036647
3266050495433648544,https://www.hemnet.se/salda/lagenhet-1rum-kungsholmen-stockholms-kommun-pontonjargatan-20-3266050495433648544,23-24m²,bostadsratt,2026-09-22T13:02:45.036648
94496174863613812,https://www.hemnet.se/salda/lagenhet-1rum-vallingby-centrum-stockholms-kommun-vittangigatan-10-1-tr-94496174863613812,23-24m²,bostadsratt,2026-09-22T13:02:45.036649
335604168925643006,https://www.hemnet.se/salda/lagenhet-1rum-korsta-sundsvalls-kommun-klippgatan-18-335604168925643006,23-24m²,bostadsratt,2026-09-22T13:02:45.036649
4633211860199397615,https://www.hemnet.se/salda/lagenhet-1rum-edsberg-sollentuna-kommun-flintlasvagen-38-4633211860199397615,23-24m²,bostadsratt,2026-09-22T13:02:45.036650
1450513702251856870,"https://www.hemnet.se/salda/lagenhet-1rum-kungsholmen-radhuset-stockholms-kommun-kungsklippan-11,-2tr-1450513702251856870",23-24m²,bostadsratt,2026-09-22T13:02:45.036652
1439333,"https://www.hemnet.se/salda/lagenhet-1rum-rasunda-solna-kommun-rasundavagen-134,-3tr-1439333",23-24m²,bostadsratt,2026-09-22T13:02:45.036653
1457640,https://www.hemnet.se/salda/lagenhet-1rum-hornstull-stockholms-kommun-maria-skolgata-87-1457640,23-24m²,bostadsratt,2026-09-22T13:02:45.036654
8226022983153877106,https://www.hemnet.se/salda/lagenhet-1rum-katarina-stockholms-kommun-bjurholmsplan-23-8226022983153877106,23-24m²,bostadsratt,2026-09-22T13:02:45.036655
2839260954436102678,https://www.hemnet.se/salda/lagenhet-1rum-vastra-kungsholmen-stockholms-kommun-sankt-goransgatan-157x-2839260954436102678,23-24m²,bostadsratt,2026-09-22T13:02:45.036656
1688813576893615800,https://www.hemnet.se/salda/lagenhet-1rum-kungsholmen-stockholms-kommun-sankt-goransgatan-64b-1688813576893615800,23-24m²,bostadsratt,2026-09-22T13:02:45.036657
1623737104382074663,"https://www.hemnet.se/salda/lagenhet-1rum-sodermalm-stockholms-kommun-heleneborgsgatan-9c,-0,5-tr-o,g-1623737104382074663",23-24m²,bostadsratt,2026-09-22T13:02:45.036659
2151278746639862710,https://www.hemnet.se/salda/lagenhet-1rum-ladugardsgardet-stockholms-kommun-furusundsgatan-15-2151278746639862710,23-24m²,bostadsratt,2026-09-22T13:02:45.036660
6689824905132857204,https://www.hemnet.se/salda/lagenhet-1rum-taby-park-taby-kommun-norra-parkpromenaden-39-6689824905132857204,23-24m²,bostadsratt,2026-09-22T13:02:45.036661
1774596261697496317,https://www.hemnet.se/salda/lagenhet-1rum-valla-linkopings-kommun-ostsvangen-1a-1774596261697496317,23-24m²,bostadsratt,2026-09-22T13:02:45.036661
167851233653473637,"https://www.hemnet.se/salda/lagenhet-1rum-nedre-gardet-ostermalm-stockholms-kommun-askrikegatan-19,-1tr-167851233653473637",23-24m²,bostadsratt,2026-09-22T13:02:45.036662
3517824706834530739,https://www.hemnet.se/salda/lagenhet-1rum-gallstad-ulricehamns-kommun-skolgatan-1a-3517824706834530739,23-24m²,bostadsratt,2026-09-22T13:02:45.036663
3586899069645951728,"https://www.hemnet.se/salda/lagenhet-1rum-nacka-nacka-kommun-finntorpsvagen-3,-2-tr-3586899069645951728",23-24m²,bostadsratt,2026-09-22T13:02:45.036664
8022686472536615227,https://www.hemnet.se/salda/lagenhet-1rum-brunnshog-lunds-kommun-brunnshogsgatan-45b-8022686472536615227,23-24m²,bostadsratt,2026-09-22T13:02:45.036665
9205054329783750957,https://www.hemnet.se/salda/lagenhet-1rum-luthagen-uppsala-kommun-tegnergatan-25b-9205054329783750957,23-24m²,bostadsratt,2026-09-22T13:02:45.036666
5270559225015188404,https://www.hemnet.se/salda/lagenhet-1rum-ostermalm-stockholms-kommun-sibyllegatan-26-5270559225015188404,23-24m²,bostadsratt,2026-09-22T13:02:45.036666
6583105832056434312,"https://www.hemnet.se/salda/lagenhet-1rum-mosebacke-sodermalm-stockholms-kommun-hogbergsgatan-24,-3-tr-6583105832056434312",23-24m²,bostadsratt,2026-09-22T13:02:45.036667
1447442,"https://www.hemnet.se/salda/lagenhet-1rum-vasastan-stockholms-kommun-torsgatan-74,-1-tr-1447442",23-24m²,bostadsratt,2026-09-22T13:02:45.036668
1373995,"https://www.hemnet.se/salda/lagenhet-1rum-sodermalm-sofo-stockholms-kommun-kocksgatan-40,-4tr-1373995",23-24m²,bostadsratt,2026-09-22T13:02:45.036669
1504590,https://www.hemnet.se/salda/lagenhet-1rum-kungsholmen-kungsklippan-stockholms-kommun-kungsklippan-11-1504590,23-24m²,bostadsratt,2026-09-22T13:02:45.036670
5386091439904045477,https://www.hemnet.se/salda/lagenhet-1rum-slottsstaden-malmo-kommun-mariedalsvagen-49a-5386091439904045477,23-24m²,bostadsratt,2026-09-22T13:02:45.036671
7969689804552579679,https://www.hemnet.se/salda/lagenhet-1rum-forsen-tidaholms-kommun-hjalmgatan-2-7969689804552579679,23-24m²,bostadsratt,2026-09-22T13:02:45.036672
1076972090875534056,"https://www.hemnet.se/salda/lagenhet-1rum-ostermalm-nedre-gardet-stockholms-kommun-strindbergsgatan-50,-4-tr-1076972090875534056",23-24m²,bostadsratt,2026-09-22T13:02:45.036673
2089853889057351354,https://www.hemnet.se/salda/lagenhet-1rum-hagerstensasen-stockholms-kommun-valutavagen-29-2089853889057351354,23-24m²,bostadsratt,2026-09-22T13:02:45.036674
3730700522550649143,https://www.hemnet.se/salda/lagenhet-1rum-gottfridsberg-linkopings-kommun-ostsvangen-1a-3730700522550649143,23-24m²,bostadsratt,2026-09-22T13:02:45.036675
660631026469647843,https://www.hemnet.se/salda/lagenhet-1rum-gardet-stockholms-kommun-osthammarsgatan-72a-660631026469647843,23-24m²,bostadsratt,2026-09-22T13:02:45.036676
1632788785628837990,https://www.hemnet.se/salda/lagenhet-1rum-sodermalm-hornstull-stockholms-kommun-slipgatan-11-1632788785628837990,23-24m²,bostadsratt,2026-09-22T13:02:45.036677
3478640509192070930,"https://www.hemnet.se/salda/lagenhet-1rum-sodermalm-stockholms-kommun-hornstulls-strand-1,-2tr-3478640509192070930",23-24m²,bostadsratt,2026-09-22T13:02:45.036678
7017677092960480917,"https://www.hemnet.se/salda/lagenhet-1rum-ostermalm-stockholms-kommun-grevgatan-19,-4-tr-7017677092960480917",23-24m²,bostadsratt,2026-09-22T13:02:45.036679
504504340952264675,"https://www.hemnet.se/salda/lagenhet-1rum-kungsholmen-stockholms-kommun-john-ericssonsgatan-11,-6tr-504504340952264675",23-24m²,bostadsratt,2026-09-22T13:02:45.036680
1435274,"https://www.hemnet.se/salda/lagenhet-1rum-gardet-ostermalm-stockholms-kommun-rindogatan-12,-4tr-1435274",23-24m²,bostadsratt,2026-09-22T13:02:45.036681
4905511145944141233,https://www.hemnet.se/salda/lagenhet-1rum-johanneshov-stockholms-kommun-pastellvagen-15-4905511145944141233,23-24m²,bostadsratt,2026-09-22T13:02:45.036682
1468143,https://www.hemnet.se/salda/lagenhet-1rum-luthagen-uppsala-kommun-ringgatan-22-a-1468143,23-24m²,bostadsratt,2026-09-22T13:02:45.036683
1379989,https://www.hemnet.se/salda/lagenhet-1rum-blekingsborg-malmo-kommun-per-albin-hanssons-vag-50a-1379989,23-24m²,bostadsratt,2026-09-22T13:02:45.036683
3810039183638153134,"https://www.hemnet.se/salda/lagenhet-1rum-grondal-stockholms-kommun-grondalsvagen-120,-van-5-3810039183638153134",23-24m²,bostadsratt,2026-09-22T13:02:45.036684
1417794,https://www.hemnet.se/salda/lagenhet-1rum-centralt-trelleborgs-kommun-hantverkaregatan-14-1417794,23-24m²,bostadsratt,2026-09-22T13:02:45.036686
1381121,https://www.hemnet.se/salda/lagenhet-1rum-blekingsborg-malmo-kommun-per-albin-hanssons-vag-54-a-1381121,23-24m²,bostadsratt,2026-09-22T13:02:45.036687
8929089410774811448,"https://www.hemnet.se/salda/lagenhet-1rum-ostermalm-stockholms-kommun-brahegatan-48,-5-5-tr-8929089410774811448",23-24m²,bostadsratt,2026-09-22T13:02:45.036688
6061292286674625503,https://www.hemnet.se/salda/lagenhet-1rum-herrhagen-karlstads-kommun-bergslagsgatan-10b-6061292286674625503,23-24m²,bostadsratt,2026-09-22T13:02:45.036689
4777189590698808292,https://www.hemnet.se/salda/lagenhet-1rum-vasastan-stockholms-kommun-roslagsgatan-54-4777189590698808292,23-24m²,bostadsratt,2026-09-22T13:02:45.036690
5630189467971569500,"https://www.hemnet.se/salda/lagenhet-1rum-gardet-ostermalm-stockholms-kommun-erik-dahlbergsgatan-52,-4tr-5630189467971569500",23-24m²,bostadsratt,2026-09-22T13:02:45.036691
7927635288363116944,https://www.hemnet.se/salda/lagenhet-1rum-vasastan-stockholms-kommun-upplandsgatan-25a-7927635288363116944,23-24m²,bostadsratt,2026-09-22T13:02:45.036692
3433729591660999345,https://www.hemnet.se/salda/lagenhet-1rum-eriksberg-goteborgs-kommun-bratterasgatan-72-3433729591660999345,23-24m²,bostadsratt,2026-09-22T13:02:45.036692
2161044721977303134,https://www.hemnet.se/salda/lagenhet-1rum-aspudden-stockholms-kommun-schlytersvagen-43-2161044721977303134,23-24m²,bostadsratt,2026-09-22T13:02:45.036693
6842450526840220860,https://www.hemnet.se/salda/lagenhet-1rum-sodermalm-stockholms-kommun-slipgatan-12-6842450526840220860,23-24m²,bostadsratt,2026-09-22T13:02:45.036694
3043905749893258632,https://www.hemnet.se/salda/lagenhet-1rum-katarina-sofia-stockholms-kommun-asogatan-190-3043905749893258632,23-24m²,bostadsratt,2026-09-22T13:02:45.036695
1438325,https://www.hemnet.se/salda/lagenhet-1rum-aspudden-stockholms-kommun-schlytersvagen-43-1438325,23-24m²,bostadsratt,2026-09-22T13:02:45.036696
125831627992174432,https://www.hemnet.se/salda/lagenhet-1rum-solberga-stockholms-kommun-kristallvagen-9-125831627992174432,23-24m²,bostadsratt,2026-09-22T13:02:45.036696
5808811179135218246,https://www.hemnet.se/salda/lagenhet-1rum-flemingsberg-huddinge-kommun-terapivagen-12c-5808811179135218246,23-24m²,bostadsratt,2026-09-22T13:02:45.036697
6388268423368654846,"https://www.hemnet.se/salda/lagenhet-1rum-ostermalm-stockholms-kommun-storgatan-32,-bv-6388268423368654846",23-24m²,bostadsratt,2026-09-22T13:02:45.036698
8562662751324215253,https://www.hemnet.se/salda/lagenhet-1rum-stureby-stockholms-kommun-skonviksvagen-301-8562662751324215253,23-24m²,bostadsratt,2026-09-22T13:02:45.036699
1391810,https://www.hemnet.se/salda/lagenhet-1rum-centralt-norr-orebro-kommun-schantzgatan-10-a-1391810,23-24m²,bostadsratt,2026-09-22T13:02:45.036700
1496424,"https://www.hemnet.se/salda/lagenhet-1rum-hagerneholm,-arninge-ullna-taby-kommun-hagerneholmsvagen-7a-van-4-1496424",23-24m²,bostadsratt,2026-09-22T13:02:45.036702
5498468175378741212,https://www.hemnet.se/salda/lagenhet-1rum-sundbyberg-sundbybergs-kommun-kyrkogatan-2-5498468175378741212,23-24m²,bostadsratt,2026-09-22T13:02:45.036703
1306613690810776678,https://www.hemnet.se/salda/lagenhet-1rum-vallastaden-linkopings-kommun-nanna-svartz-gata-6b-1306613690810776678,23-24m²,bostadsratt,2026-09-22T13:02:45.036704
2588992065812846268,https://www.hemnet.se/salda/lagenhet-1rum-gardet-ostermalm-stockholms-kommun-valhallavagen-147-2588992065812846268,23-24m²,bostadsratt,2026-09-22T13:02:45.036704
7716969960998254471,https://www.hemnet.se/salda/lagenhet-1rum-ekhagen-stockholms-kommun-aminnevagen-17-7716969960998254471,23-24m²,bostadsratt,2026-09-22T13:02:45.036707
9179818612392534058,https://www.hemnet.se/salda/lagenhet-1rum-vasastan-stockholms-kommun-vanadisvagen-32-9179818612392534058,23-24m²,bostadsratt,2026-09-22T13:02:45.036707
2338173623731912331,https://www.hemnet.se/salda/lagenhet-1rum-blackeberg-stockholms-kommun-arvid-mornes-vag-46-2338173623731912331,23-24m²,bostadsratt,2026-09-22T13:02:45.036708
1447364,https://www.hemnet.se/salda/lagenhet-1rum-hjo-hjo-kommun-lindgatan-9a-1447364,23-24m²,bostadsratt,2026-09-22T13:02:45.036709
2194174496771776413,https://www.hemnet.se/salda/lagenhet-1rum-hagerstensasen-stockholms-kommun-backvagen-149-2194174496771776413,23-24m²,bostadsratt,2026-09-22T13:02:45.036710
3011537645322067066,https://www.hemnet.se/salda/lagenhet-1rum-kungsangen-sala-kommun-ringgatan-38c-3011537645322067066,23-24m²,bostadsratt,2026-09-22T13:02:45.036711
2383894068073641677,"https://www.hemnet.se/salda/lagenhet-1rum-vasastan-vasaparken-stockholms-kommun-sigtunagatan-16,-bv,-2383894068073641677",23-24m²,bostadsratt,2026-09-22T13:02:45.036712
5021508604818819783,"https://www.hemnet.se/salda/lagenhet-1rum-hagerneholm,-arninge-ullna-taby-kommun-hagerneholmsvagen-7b-1tr-5021508604818819783",23-24m²,bostadsratt,2026-09-22T13:02:45.036714
3086450222333824079,https://www.hemnet.se/salda/lagenhet-1rum-kallered-stretered-molndals-kommun-streteredsvagen-61b-3086450222333824079,23-24m²,bostadsratt,2026-09-22T13:02:45.036715
3283439654885718446,https://www.hemnet.se/salda/lagenhet-1rum-avesta-centralt-avesta-kommun-prastgatan-2a-3283439654885718446,23-24m²,bostadsratt,2026-09-22T13:02:45.036716
8359731300966123532,https://www.hemnet.se/salda/lagenhet-1rum-kungsholmen-fredhall-stockholms-kommun-ralambsvagen-54-8359731300966123532,23-24m²,bostadsratt,2026-09-22T13:02:45.036717
1370386,"https://www.hemnet.se/salda/lagenhet-1rum-kungsholmen-stockholms-kommun-fleminggatan-58,-3-tr-1370386",23-24m²,bostadsratt,2026-09-22T13:02:45.036717
5544636651553582259,https://www.hemnet.se/salda/lagenhet-1rum-gamla-vaster-malmo-kommun-ostindiefararegatan-5-5544636651553582259,23-24m²,bostadsratt,2026-09-22T13:02:45.036718
2128458822384654966,https://www.hemnet.se/salda/lagenhet-1rum-sodermalm-stockholms-kommun-tjustgatan-2-2128458822384654966,23-24m²,bostadsratt,2026-09-22T13:02:45.036719
4057138367293308058,https://www.hemnet.se/salda/lagenhet-1rum-gardet-stockholms-kommun-vartavagen-59-4057138367293308058,23-24m²,bostadsratt,2026-09-22T13:02:45.036720
8168238586879075106,https://www.hemnet.se/salda/lagenhet-1rum-morbylund-danderyds-kommun-morbylund-13b-8168238586879075106,23-24m²,bostadsratt,2026-09-22T13:02:45.036721
1015548628605905745,https://www.hemnet.se/salda/lagenhet-2rum-aspudden-stockholms-kommun-blommensbergsvagen-192-1015548628605905745,23-24m²,bostadsratt,2026-09-22T13:02:45.036721
1475235,https://www.hemnet.se/salda/lagenhet-1rum-centrum-sodertalje-kommun-vastra-kanalgatan-9-1475235,23-24m²,bostadsratt,2026-09-22T13:02:45.036722
4084135914193028458,"https://www.hemnet.se/salda/lagenhet-1rum-stadshagen-stockholms-kommun-sankt-goransgatan-163,-2-tr-4084135914193028458",23-24m²,bostadsratt,2026-09-22T13:02:45.036723
1463226,https://www.hemnet.se/salda/lagenhet-1rum-kungsbacka-vastra-villastaden-kungsbacka-kommun-kungsgatan-31-1463226,23-24m²,bostadsratt,2026-09-22T13:02:45.036724
2274484651933265402,https://www.hemnet.se/salda/lagenhet-1rum-vallingby-centrum-stockholms-kommun-jamtlandsgatan-108-2274484651933265402,23-24m²,bostadsratt,2026-09-22T13:02:45.036725
9116446736192476141,https://www.hemnet.se/salda/lagenhet-1rum-rasunda-solna-kommun-sankt-ansgars-vag-10b-9116446736192476141,23-24m²,bostadsratt,2026-09-22T13:02:45.036726
7762838524334490937,https://www.hemnet.se/salda/lagenhet-1rum-gardet-stockholms-kommun-brantingsgatan-41-7762838524334490937,23-24m²,bostadsratt,2026-09-22T13:02:45.036727
8574432459452556268,https://www.hemnet.se/salda/lagenhet-1rum-trollbacken-tyreso-kommun-kumla-alle-18-8574432459452556268,23-24m²,bostadsratt,2026-09-22T13:02:45.036727
7788742878821533084,https://www.hemnet.se/salda/lagenhet-1rum-falhagen-uppsala-kommun-petterslundsgatan-14e-7788742878821533084,23-24m²,bostadsratt,2026-09-22T13:02:45.036728
2869847931077213119,https://www.hemnet.se/salda/lagenhet-1rum-kungsholmen-stockholms-kommun-pontonjargatan-33-2869847931077213119,23-24m²,bostadsratt,2026-09-22T13:02:45.036729
7169117716706400246,https://www.hemnet.se/salda/lagenhet-1rum-blekingsborg-malmo-kommun-per-albin-hanssons-vag-56b-7169117716706400246,23-24m²,bostadsratt,2026-09-22T13:02:45.036730
5279698866106579319,https://www.hemnet.se/salda/lagenhet-1rum-vasastan-stockholms-kommun-vastmannagatan-13-5279698866106579319,23-24m²,bostadsratt,2026-09-22T13:02:45.036731
6431844971358428993,https://www.hemnet.se/salda/lagenhet-1rum-vasastan-atlas-stockholms-kommun-torsgatan-29-6431844971358428993,23-24m²,bostadsratt,2026-09-22T13:02:45.036732
7776685942221534486,"https://www.hemnet.se/salda/lagenhet-1rum-vireberg-solna-kommun-virebergsvagen-3,-5-tr-7776685942221534486",23-24m²,bostadsratt,2026-09-22T13:02:45.036732
5646469333236518840,"https://www.hemnet.se/salda/lagenhet-1rum-ovre-slotts-uppsala-kommun-kyrkogardsgatan-23,-van-3-5646469333236518840",23-24m²,bostadsratt,2026-09-22T13:02:45.036733
4009868776172466917,https://www.hemnet.se/salda/lagenhet-1rum-hornstull-stockholms-kommun-heleneborgsgatan-9c-4009868776172466917,23-24m²,bostadsratt,2026-09-22T13:02:45.036734
1633753466998807322,https://www.hemnet.se/salda/lagenhet-1rum-vasastan-birkastan-stockholms-kommun-norrbackagatan-14-1633753466998807322,23-24m²,bostadsratt,2026-09-22T13:02:45.036736
7090266114220612133,https://www.hemnet.se/salda/lagenhet-1rum-danderyd-danderyds-kommun-morbylund-13c-7090266114220612133,23-24m²,bostadsratt,2026-09-22T13:02:45.036737
1435911,https://www.hemnet.se/salda/lagenhet-1rum-nobeltorget-malmo-kommun-vitemollegatan-1-c-1435911,23-24m²,bostadsratt,2026-09-22T13:02:45.036738
5850206033445616238,"https://www.hemnet.se/salda/lagenhet-1rum-sibirien-vasastan-stockholms-kommun-roslagsgatan-54,-3-tr-5850206033445616238",23-24m²,bostadsratt,2026-09-22T13:02:45.036740
3660393802952844572,https://www.hemnet.se/salda/lagenhet-1rum-hagerstensasen-stockholms-kommun-bokbindarvagen-78-3660393802952844572,23-24m²,bostadsratt,2026-09-22T13:02:45.036741
6464976866108835926,"https://www.hemnet.se/salda/lagenhet-1rum-sodermalm-katarina-stockholms-kommun-tjustgatan-3,-6-tr-6464976866108835926",23-24m²,bostadsratt,2026-09-22T13:02:45.036742
7980062617681934797,"https://www.hemnet.se/salda/lagenhet-1rum-kungsholmen-stockholms-kommun-gjutargatan-12,-van-3-7980062617681934797",23-24m²,bostadsratt,2026-09-22T13:02:45.036743
6552267184960814443,https://www.hemnet.se/salda/lagenhet-1rum-haga-umea-kommun-solvandan-4-b-6552267184960814443,23-24m²,bostadsratt,2026-09-22T13:02:45.036744
1364274,https://www.hemnet.se/salda/lagenhet-1rum-centralt-norr-gavle-kommun-staketgatan-29-1364274,23-24m²,bostadsratt,2026-09-22T13:02:45.036745
7955074500155043132,https://www.hemnet.se/salda/lagenhet-1rum-centrala-sundbyberg-sundbybergs-kommun-bergsgatan-6-7955074500155043132,23-24m²,bostadsratt,2026-09-22T13:02:45.036746
8565901201638477014,https://www.hemnet.se/salda/lagenhet-1rum-lund-centrum-lunds-kommun-gyllenkroks-alle-3-8565901201638477014,23-24m²,bostadsratt,2026-09-22T13:02:45.036747
1492554,https://www.hemnet.se/salda/lagenhet-1rum-hornstull-sodermalm-stockholms-kommun-hornsgatan-151-1492554,23-24m²,bostadsratt,2026-09-22T13:02:45.036747
2964722873591839636,https://www.hemnet.se/salda/lagenhet-1rum-bremerlyckan-kalmar-kommun-frejagatan-3d-2964722873591839636,23-24m²,bostadsratt,2026-09-22T13:02:45.036748
1709983187205218459,https://www.hemnet.se/salda/lagenhet-1rum-mollevangen-malmo-kommun-sofielundsvagen-23e-1709983187205218459,23-24m²,bostadsratt,2026-09-22T13:02:45.036749
8399772891482976907,https://www.hemnet.se/salda/lagenhet-1rum-korsta-sundsvalls-kommun-klippgatan-16-8399772891482976907,23-24m²,bostadsratt,2026-09-22T13:02:45.036750
1370951,https://www.hemnet.se/salda/lagenhet-1rum-slottsstaden-malmo-kommun-beridaregatan-20b-1370951,23-24m²,bostadsratt,2026-09-22T13:02:45.036751
6691991051355397333,https://www.hemnet.se/salda/lagenhet-1rum-vasastan-ostermalm-stockholms-kommun-korsbarsvagen-12-6691991051355397333,23-24m²,bostadsratt,2026-09-22T13:02:45.036751
5172852848831402911,"https://www.hemnet.se/salda/lagenhet-1rum-kungsholmen-stockholms-kommun-fleminggatan-58,-3tr-5172852848831402911",23-24m²,bostadsratt,2026-09-22T13:02:45.036752
9017793241605265279,https://www.hemnet.se/salda/lagenhet-1rum-flemingsberg-huddinge-kommun-terapivagen-14a-9017793241605265279,23-24m²,bostadsratt,2026-09-22T13:02:45.036753
5548234086677042074,"https://www.hemnet.se/salda/lagenhet-1rum-kungsholmen-stockholms-kommun-bergsgatan-31,-van-2-5548234086677042074",23-24m²,bostadsratt,2026-09-22T13:02:45.036755
1422752375238461731,https://www.hemnet.se/salda/lagenhet-1rum-ostermalm-stockholms-kommun-linnegatan-16-1422752375238461731,23-24m²,bostadsratt,2026-09-22T13:02:45.036756
1022799779984882966,https://www.hemnet.se/salda/lagenhet-1rum-sodermalm-stockholms-kommun-krukmakargatan-38-1022799779984882966,23-24m²,bostadsratt,2026-09-22T13:02:45.036757
936418455007236131,https://www.hemnet.se/salda/lagenhet-1rum-gullmarsplan-stockholms-kommun-gullmarsvagen-8-936418455007236131,23-24m²,bostadsratt,2026-09-22T13:02:45.036758
5193120537843338493,https://www.hemnet.se/salda/lagenhet-1rum-ostermalm-gardet-stockholms-kommun-smedsbacksgatan-8-5193120537843338493,23-24m²,bostadsratt,2026-09-22T13:02:45.036759
78962943800742340,https://www.hemnet.se/salda/lagenhet-1rum-linnestaden-goteborgs-kommun-vegagatan-56-78962943800742340,23-24m²,bostadsratt,2026-09-22T13:02:45.036760
137830332707795503,https://www.hemnet.se/salda/lagenhet-1rum-blekingsborg-malmo-kommun-per-albin-hanssons-vag-52b-137830332707795503,23-24m²,bostadsratt,2026-09-22T13:02:45.036761
8385504569215109145,https://www.hemnet.se/salda/lagenhet-1rum-flemingsberg-huddinge-kommun-terapivagen-12d-8385504569215109145,23-24m²,bostadsratt,2026-09-22T13:02:45.036761
6932299229679386822,"https://www.hemnet.se/salda/lagenhet-1rum-vasastan-stockholms-kommun-roslagsgatan-29a,-3-tr-og,-6932299229679386822",23-24m²,bostadsratt,2026-09-22T13:02:45.036762
764030580848634181,https://www.hemnet.se/salda/lagenhet-1rum-sodermalm-stockholms-kommun-hogalidsgatan-29-764030580848634181,23-24m²,bostadsratt,2026-09-22T13:02:45.036763
8477286817877017359,https://www.hemnet.se/salda/lagenhet-1rum-bromma-blackeberg-stockholms-kommun-arvid-mornes-vag-58-8477286817877017359,23-24m²,bostadsratt,2026-09-22T13:02:45.036764
3006015485043867901,https://www.hemnet.se/salda/lagenhet-1rum-kungsholmen-stockholms-kommun-alstromergatan-49-3006015485043867901,23-24m²,bostadsratt,2026-09-22T13:02:45.036766
8397149761894326281,https://www.hemnet.se/salda/lagenhet-2rum-nockeby-stockholms-kommun-nockeby-kyrkvag-2-bv-8397149761894326281,23-24m²,bostadsratt,2026-09-22T13:02:45.036768
2140976481182547839,https://www.hemnet.se/salda/lagenhet-1rum-vastertorp-hagerstensasen-stockholms-kommun-isgrand-9-2140976481182547839,23-24m²,bostadsratt,2026-09-22T13:02:45.036769
6810260960954449320,https://www.hemnet.se/salda/lagenhet-1rum-kungsholmen-nedre-kungsholmen-stockholms-kommun-kungsholmsgatan-13-6810260960954449320,23-24m²,bostadsratt,2026-09-22T13:02:45.036770
5696040953482336312,https://www.hemnet.se/salda/lagenhet-1rum-hokarangen-stockholms-kommun-russinvagen-5-5696040953482336312,23-24m²,bostadsratt,2026-09-22T13:02:45.036770
7365745082083476909,"https://www.hemnet.se/salda/lagenhet-1rum-ostermalm-stockholms-kommun-grevgatan-70,-5tr-7365745082083476909",23-24m²,bostadsratt,2026-09-22T13:02:45.036771
7474557159231828613,https://www.hemnet.se/salda/lagenhet-1rum-mariehall-stockholms-kommun-kratsbodavagen-36-7474557159231828613,23-24m²,bostadsratt,2026-09-22T13:02:45.036772
7730356580248767257,https://www.hemnet.se/salda/lagenhet-1rum-gustavsberg-osby-sjopark-varmdo-kommun-skogsbovagen-22-7730356580248767257,23-24m²,bostadsratt,2026-09-22T13:02:45.036773
6595322991669608647,https://www.hemnet.se/salda/lagenhet-1rum-gamlestaden-goteborgs-kommun-vanersborgsgatan-1-a-6595322991669608647,23-24m²,bostadsratt,2026-09-22T13:02:45.036774
5832824994611761471,https://www.hemnet.se/salda/lagenhet-1rum-farsta-strand-stockholms-kommun-filipstadsbacken-48-5832824994611761471,23-24m²,bostadsratt,2026-09-22T13:02:45.036774
8128133049858380482,https://www.hemnet.se/salda/lagenhet-1rum-ostermalm-stockholms-kommun-banergatan-31a-8128133049858380482,23-24m²,bostadsratt,2026-09-22T13:02:45.036775
174967686477749054,https://www.hemnet.se/salda/lagenhet-1rum-oregrund-osthammars-kommun-skolgatan-12b-174967686477749054,23-24m²,bostadsratt,2026-09-22T13:02:45.036776
1509118,https://www.hemnet.se/salda/lagenhet-1rum-runby-upplands-vasby-kommun-allevagen-13a-1509118,23-24m²,bostadsratt,2026-09-22T13:02:45.036777
2041093064601901032,https://www.hemnet.se/salda/lagenhet-1rum-vasastan-stockholms-kommun-vanadisvagen-39-2041093064601901032,23-24m²,bostadsratt,2026-09-22T13:02:45.036778
5609533645802854473,https://www.hemnet.se/salda/lagenhet-1rum-sodermalm-stockholms-kommun-gotgatan-79-gardslage-5609533645802854473,23-24m²,bostadsratt,2026-09-22T13:02:45.036778
2245002616714531827,"https://www.hemnet.se/salda/lagenhet-1rum-gardet-stockholms-kommun-smedsbacksgatan-11,-3-tr-2245002616714531827",23-24m²,bostadsratt,2026-09-22T13:02:45.036779
6253397625401772359,"https://www.hemnet.se/salda/lagenhet-1rum-norrmalm-stockholms-kommun-wallingatan-26b,-2tr-6253397625401772359",23-24m²,bostadsratt,2026-09-22T13:02:45.036780
6438419376216919045,https://www.hemnet.se/salda/lagenhet-1rum-vasastaden-centralt-linkopings-kommun-s-t-larsgatan-6b-6438419376216919045,23-24m²,bostadsratt,2026-09-22T13:02:45.036781
4631740071238998769,https://www.hemnet.se/salda/lagenhet-1rum-kungsholmen-lilla-essingen-stockholms-kommun-essinge-brogata-22-4631740071238998769,23-24m²,bostadsratt,2026-09-22T13:02:45.036782
2586235173840351139,https://www.hemnet.se/salda/lagenhet-1rum-dammfri-malmo-kommun-angdalavagen-29-2586235173840351139,23-24m²,bostadsratt,2026-09-22T13:02:45.036783
1460259524253911596,https://www.hemnet.se/salda/lagenhet-1rum-kvarnbergsplan-huddinge-kommun-radsvagen-5b-1460259524253911596,23-24m²,bostadsratt,2026-09-22T13:02:45.036784
1502207,"https://www.hemnet.se/salda/lagenhet-1,5rum-stockholm-stockholms-kommun-sankt-goransgatan-64a-2tr-1502207",23-24m²,bostadsratt,2026-09-22T13:02:45.036784
6082329895432573674,https://www.hemnet.se/salda/lagenhet-1rum-hjorthagen-stockholms-kommun-ahlsellvagen-6-6082329895432573674,23-24m²,bostadsratt,2026-09-22T13:02:45.036785
8827537043354388956,https://www.hemnet.se/salda/lagenhet-1rum-kallered-stretered-molndals-kommun-streteredsvagen-61b-8827537043354388956,23-24m²,bostadsratt,2026-09-22T13:02:45.036786
1115907489013543009,https://www.hemnet.se/salda/lagenhet-1rum-vasastan-stockholms-kommun-birger-jarlsgatan-104f-1115907489013543009,23-24m²,bostadsratt,2026-09-22T13:02:45.036787
6005431179231193664,https://www.hemnet.se/salda/lagenhet-1rum-laholm-laholms-kommun-margaretagatan-18-6005431179231193664,23-24m²,bostadsratt,2026-09-22T13:02:45.036788
3118203412154900685,https://www.hemnet.se/salda/lagenhet-1rum-hagerneholm-taby-kommun-hagerneholmsvagen-7b-3118203412154900685,23-24m²,bostadsratt,2026-09-22T13:02:45.036790
5373121624391539507,https://www.hemnet.se/salda/lagenhet-1rum-valla-linkopings-kommun-ostsvangen-1a-5373121624391539507,23-24m²,bostadsratt,2026-09-22T13:02:45.036791
1751893632533089015,https://www.hemnet.se/salda/lagenhet-1rum-arsta-stockholms-kommun-arstavagen-81-1751893632533089015,23-24m²,bostadsratt,2026-09-22T13:02:45.036792
8375959632938783035,https://www.hemnet.se/salda/lagenhet-1rum-runby-upplands-vasby-kommun-tradgardsvagen-19-8375959632938783035,23-24m²,bostadsratt,2026-09-22T13:02:45.036793
4178876744844313216,https://www.hemnet.se/salda/lagenhet-1rum-falhagen-uppsala-kommun-petterslundsgatan-14e-4178876744844313216,23-24m²,bostadsratt,2026-09-22T13:02:45.036793
1126753301043417782,https://www.hemnet.se/salda/lagenhet-1rum-rasunda-solna-kommun-sodra-langgatan-41-1126753301043417782,23-24m²,bostadsratt,2026-09-22T13:02:45.036794
1465928,"https://www.hemnet.se/salda/lagenhet-1rum-lilla-essingen-kungsholmen-stockholms-kommun-essinge-brogata-39,-1-tr-1465928",23-24m²,bostadsratt,2026-09-22T13:02:45.036795
5997761871809346691,https://www.hemnet.se/salda/lagenhet-1rum-johanneshov-stockholms-kommun-pelargatan-7-5997761871809346691,23-24m²,bostadsratt,2026-09-22T13:02:45.036797
1054332392910956077,https://www.hemnet.se/salda/lagenhet-1rum-bromma-beckomberga-stockholms-kommun-follingbogatan-18-1054332392910956077,23-24m²,bostadsratt,2026-09-22T13:02:45.036798
1833536655034899789,"https://www.hemnet.se/salda/lagenhet-1rum-kungsholmen-stockholms-kommun-kungsholmsgatan-9,-7tr-1833536655034899789",23-24m²,bostadsratt,2026-09-22T13:02:45.036799
6210117599249789543,https://www.hemnet.se/salda/lagenhet-1rum-grondal-stockholms-kommun-grondalsvagen-120-6210117599249789543,23-24m²,bostadsratt,2026-09-22T13:02:45.036799
9187989252929051206,"https://www.hemnet.se/salda/lagenhet-1rum-hagerstensasen-stockholms-kommun-bokbindarvagen-55,-6-tr-9187989252929051206",23-24m²,bostadsratt,2026-09-22T13:02:45.036800
4807598493052830642,https://www.hemnet.se/salda/lagenhet-1rum-haga-norra-solna-kommun-sylvangatan-9-4807598493052830642,23-24m²,bostadsratt,2026-09-22T13:02:45.036801
3113095206517250064,https://www.hemnet.se/salda/lagenhet-1rum-centralt-vasastaden-linkopings-kommun-vasavagen-32-3113095206517250064,23-24m²,bostadsratt,2026-09-22T13:02:45.036802
2820251202408922534,https://www.hemnet.se/salda/lagenhet-1rum-vast-pa-stan-umea-kommun-vastra-brinkvagen-21-2820251202408922534,23-24m²,bostadsratt,2026-09-22T13:02:45.036803
3194669250946336626,https://www.hemnet.se/salda/lagenhet-1rum-oster-varbergs-kommun-ostra-vagen-67c-3194669250946336626,23-24m²,bostadsratt,2026-09-22T13:02:45.036804
8303942957849235325,https://www.hemnet.se/salda/lagenhet-1rum-centrala-sundbyberg-sundbybergs-kommun-tulegatan-29b-8303942957849235325,23-24m²,bostadsratt,2026-09-22T13:02:45.036805
6747816511270117425,https://www.hemnet.se/salda/lagenhet-1rum-kungsholmen-stockholms-kommun-kungsklippan-11-6747816511270117425,23-24m²,bostadsratt,2026-09-22T13:02:45.036806
1634361745942215976,https://www.hemnet.se/salda/lagenhet-1rum-kungsholmen-stockholms-kommun-sysslomansgatan-24-1634361745942215976,23-24m²,bostadsratt,2026-09-22T13:02:45.036806
3223844101078638081,"https://www.hemnet.se/salda/lagenhet-1rum-hornstull-stockholms-kommun-heleneborgsgatan-9c,-1-tr-o,g,-3223844101078638081",23-24m²,bostadsratt,2026-09-22T13:02:45.036807
8679226308807760893,https://www.hemnet.se/salda/lagenhet-1rum-prastbordet-skelleftea-kommun-faltjagarvagen-30-8679226308807760893,23-24m²,bostadsratt,2026-09-22T13:02:45.036808
1476449,"https://www.hemnet.se/salda/lagenhet-1rum-bromma-alvik-appelviken-stockholms-kommun-alviksvagen-23-0,5-tr-1476449",23-24m²,bostadsratt,2026-09-22T13:02:45.036810
1927208796507070259,https://www.hemnet.se/salda/lagenhet-1rum-bromma-akeslund-stockholms-kommun-tunnlandsvagen-58c-1927208796507070259,23-24m²,bostadsratt,2026-09-22T13:02:45.036811
1401785,"https://www.hemnet.se/salda/lagenhet-1,5rum-bromma-stora-mossen-stockholms-kommun-drottningholmsvagen-284-1401785",23-24m²,bostadsratt,2026-09-22T13:02:45.036812
5700896874185326565,https://www.hemnet.se/salda/lagenhet-1rum-vasastan-ostermalm-stockholms-kommun-valhallavagen-47-5700896874185326565,23-24m²,bostadsratt,2026-09-22T13:02:45.036813
1364927,https://www.hemnet.se/salda/lagenhet-1rum-sodermalm-stockholms-kommun-ringvagen-129b-1364927,23-24m²,bostadsratt,2026-09-22T13:02:45.036814
6793133317293564584,https://www.hemnet.se/salda/lagenhet-1rum-slottsstaden-malmo-kommun-kramersvagen-2a-6793133317293564584,23-24m²,bostadsratt,2026-09-22T13:02:45.036815
7580975530863471157,https://www.hemnet.se/salda/lagenhet-1rum-rinkeby-stockholms-kommun-hjulstavagen-92-7580975530863471157,23-24m²,bostadsratt,2026-09-22T13:02:45.036815
7402946803195198477,https://www.hemnet.se/salda/lagenhet-1rum-kungsholmen-stockholms-kommun-kungsklippan-11-7402946803195198477,23-24m²,bostadsratt,2026-09-22T13:02:45.036818
5688536431667393734,"https://www.hemnet.se/salda/lagenhet-1rum-vasastan-stockholms-kommun-rodabergsgatan-2,-1-tr-5688536431667393734",23-24m²,bostadsratt,2026-09-22T13:02:45.036818
1432627,"https://www.hemnet.se/salda/lagenhet-1rum-kungsholmen-norr-malarstrand-stockholms-kommun-pontonjargatan-49,-5-tr-1432627",23-24m²,bostadsratt,2026-09-22T13:02:45.036819
1410090,https://www.hemnet.se/salda/lagenhet-1rum-sommarro-uppsala-kommun-karlsrogatan-93a-1410090,23-24m²,bostadsratt,2026-09-22T13:02:45.036820
199610521320591047,https://www.hemnet.se/salda/lagenhet-1rum-centrala-huddinge-huddinge-kommun-horningsnasvagen-32-199610521320591047,23-24m²,bostadsratt,2026-09-22T13:02:45.036821
7386723535285218225,https://www.hemnet.se/salda/lagenhet-1rum-gullmarsplan-globen-stockholms-kommun-gullmarsvagen-8-accepterat-pris-7386723535285218225,23-24m²,bostadsratt,2026-09-22T13:02:45.036822
2238192000978816857,"https://www.hemnet.se/salda/lagenhet-2rum-glado-kvarn,-sjonara-till-kvarnsjon-huddinge-kommun-osterangsvagen-2238192000978816857",23-24m²,bostadsratt,2026-09-22T13:02:45.036823
9043961463585415410,https://www.hemnet.se/salda/lagenhet-1rum-centralt-vasteras-kommun-engelbrektsgatan-13-9043961463585415410,23-24m²,bostadsratt,2026-09-22T13:02:45.036824
7585571736813445365,https://www.hemnet.se/salda/lagenhet-1rum-bromma-beckomberga-stockholms-kommun-follingbogatan-22-7585571736813445365,23-24m²,bostadsratt,2026-09-22T13:02:45.036825
1381306,"https://www.hemnet.se/salda/lagenhet-1rum-lilla-essingen-kungsholmen-stockholms-kommun-essinge-brogata-22,-5-5-1381306",23-24m²,bostadsratt,2026-09-22T13:02:45.036825
4715888527755876664,https://www.hemnet.se/salda/lagenhet-1rum-falhagen-uppsala-kommun-hjalmar-brantingsgatan-21-4715888527755876664,23-24m²,bostadsratt,2026-09-22T13:02:45.036826
6272391893436298887,"https://www.hemnet.se/salda/lagenhet-1rum-vasastan-stockholms-kommun-sveavagen-140,-4tr-6272391893436298887",23-24m²,bostadsratt,2026-09-22T13:02:45.036828
320019069103385663,https://www.hemnet.se/salda/lagenhet-1rum-vastra-skogen-solna-kommun-wiboms-vag-4-320019069103385663,23-24m²,bostadsratt,2026-09-22T13:02:45.036829
1207785091612262187,"https://www.hemnet.se/salda/lagenhet-1rum-midsommarkransen-stockholms-kommun-svandammsplan-8,-van-3-av-3-1207785091612262187",23-24m²,bostadsratt,2026-09-22T13:02:45.036830
3924597986491683028,https://www.hemnet.se/salda/lagenhet-1rum-skoghall-hammaro-kommun-lunserudsvagen-12c-3924597986491683028,23-24m²,bostadsratt,2026-09-22T13:02:45.036831
7311152693652625656,https://www.hemnet.se/salda/lagenhet-1rum-johanneshov-stockholms-kommun-pastellvagen-15-7311152693652625656,23-24m²,bostadsratt,2026-09-22T13:02:45.036832
3766546379055886533,https://www.hemnet.se/salda/lagenhet-1rum-vasastaden-linkopings-kommun-gustav-adolfsgatan-17a-3766546379055886533,23-24m²,bostadsratt,2026-09-22T13:02:45.036832
1313769484072156174,https://www.hemnet.se/salda/lagenhet-1rum-ostermalm-stockholms-kommun-valhallavagen-131-1313769484072156174,23-24m²,bostadsratt,2026-09-22T13:02:45.036834
8717641517379242342,https://www.hemnet.se/salda/lagenhet-1rum-ostermalm-stockholms-kommun-valhallavagen-67-8717641517379242342,23-24m²,bostadsratt,2026-09-22T13:02:45.036834
1429463,https://www.hemnet.se/salda/lagenhet-1rum-akersberga-osterakers-kommun-storangsvagen-11-m-1429463,23-24m²,bostadsratt,2026-09-22T13:02:45.036835
1447303,"https://www.hemnet.se/salda/lagenhet-1rum-vasastan-stockholms-kommun-vastmannagatan-97,-3tr-1447303",23-24m²,bostadsratt,2026-09-22T13:02:45.036836
1431037,"https://www.hemnet.se/salda/lagenhet-1rum-vasastan-odenplan-stockholms-kommun-karlbergsvagen-14,-3tr-1431037",23-24m²,bostadsratt,2026-09-22T13:02:45.036837
9095994772126862459,https://www.hemnet.se/salda/lagenhet-1rum-centrala-sundbyberg-sundbybergs-kommun-mariagatan-8b-9095994772126862459,23-24m²,bostadsratt,2026-09-22T13:02:45.036838
6970917520614753930,https://www.hemnet.se/salda/lagenhet-1rum-vasastan-stockholms-kommun-vastmannagatan-17a-6970917520614753930,23-24m²,bostadsratt,2026-09-22T13:02:45.036839
1410534,"https://www.hemnet.se/salda/lagenhet-1rum-kungsholmen-stockholms-kommun-karlsviksgatan-1,-1-tr-1410534",23-24m²,bostadsratt,2026-09-22T13:02:45.036840
2057769714973119856,https://www.hemnet.se/salda/lagenhet-1rum-centrala-huddinge-kvarnbergsplan-huddinge-kommun-radsvagen-5a-2057769714973119856,23-24m²,bostadsratt,2026-09-22T13:02:45.036841
1857632007797761415,https://www.hemnet.se/salda/lagenhet-1rum-haga-norra-solna-kommun-sylvangatan-9-1857632007797761415,23-24m²,bostadsratt,2026-09-22T13:02:45.036841
1400724,https://www.hemnet.se/salda/lagenhet-1rum-laholm-laholms-kommun-margaretagatan-26-1400724,23-24m²,bostadsratt,2026-09-22T13:02:45.036842
5611094632361198047,https://www.hemnet.se/salda/lagenhet-1rum-oster-varbergs-kommun-ostra-vagen-67c-5611094632361198047,23-24m²,bostadsratt,2026-09-22T13:02:45.036843
2863825833726740638,https://www.hemnet.se/salda/lagenhet-1rum-luthagen-uppsala-kommun-tegnergatan-25b-2863825833726740638,23-24m²,bostadsratt,2026-09-22T13:02:45.036844
7604788175852326420,https://www.hemnet.se/salda/lagenhet-1rum-falhagen-uppsala-kommun-falhagsleden-3b-7604788175852326420,23-24m²,bostadsratt,2026-09-22T13:02:45.036846
2994547937357640420,https://www.hemnet.se/salda/lagenhet-1rum-nobeltorget-malmo-kommun-vitemollegatan-10c-2994547937357640420,23-24m²,bostadsratt,2026-09-22T13:02:45.036847
1448512,https://www.hemnet.se/salda/lagenhet-1rum-rosenkalla-nykopings-kommun-erikslundsvagen-3-1448512,23-24m²,bostadsratt,2026-09-22T13:02:45.036848
6085525029710314456,https://www.hemnet.se/salda/lagenhet-1rum-skoghall-hammaro-kommun-prastgardsvagen-13e-6085525029710314456,23-24m²,bostadsratt,2026-09-22T13:02:45.036849
5753746088928254771,https://www.hemnet.se/salda/lagenhet-1rum-vasastan-stockholms-kommun-vulcanusgatan-9-5753746088928254771,23-24m²,bostadsratt,2026-09-22T13:02:45.036850
2875602511644647716,https://www.hemnet.se/salda/lagenhet-1rum-flemingsberg-huddinge-kommun-terapivagen-14c-2875602511644647716,23-24m²,bostadsratt,2026-09-22T13:02:45.036850
6687179095828191583,https://www.hemnet.se/salda/lagenhet-1rum-haga-umea-kommun-ostra-kyrkogatan-59b-6687179095828191583,23-24m²,bostadsratt,2026-09-22T13:02:45.036851
7795454000977636385,https://www.hemnet.se/salda/lagenhet-1rum-finntorp-nacka-kommun-finntorpsvagen-3-7795454000977636385,23-24m²,bostadsratt,2026-09-22T13:02:45.036852
1454252,https://www.hemnet.se/salda/lagenhet-1rum-vasastan-stockholms-kommun-atlasgatan-13-1454252,23-24m²,bostadsratt,2026-09-22T13:02:45.036853
1399526,https://www.hemnet.se/salda/lagenhet-1rum-katarina-stockholms-kommun-ringvagen-54-1399526,23-24m²,bostadsratt,2026-09-22T13:02:45.036854
9214367774644159531,https://www.hemnet.se/salda/lagenhet-1rum-heden-goteborgs-kommun-parkgatan-8b-9214367774644159531,23-24m²,bostadsratt,2026-09-22T13:02:45.036855
7657124085022657682,"https://www.hemnet.se/salda/lagenhet-1rum-luossavaara-kiruna-kommun-dubengatan-33-b-van,3-7657124085022657682",23-24m²,bostadsratt,2026-09-22T13:02:45.036855
3173685518360102294,"https://www.hemnet.se/salda/lagenhet-1rum-stockholm-stockholms-kommun-rindogatan-32,-3-tr-3173685518360102294",23-24m²,bostadsratt,2026-09-22T13:02:45.036856
2689844171495521664,https://www.hemnet.se/salda/lagenhet-1rum-gardet-ostermalm-stockholms-kommun-olaus-petrigatan-10-2689844171495521664,23-24m²,bostadsratt,2026-09-22T13:02:45.036858
998429130713633557,"https://www.hemnet.se/salda/lagenhet-1rum-vasastan-atlas-stockholms-kommun-vulcanusgatan-9,-5-tr-998429130713633557",23-24m²,bostadsratt,2026-09-22T13:02:45.036860
7735547511362072219,https://www.hemnet.se/salda/lagenhet-1rum-luthagen-uppsala-kommun-borjegatan-54d-7735547511362072219,23-24m²,bostadsratt,2026-09-22T13:02:45.036860
4268465916762120595,https://www.hemnet.se/salda/lagenhet-1rum-sodra-omradet-kalmar-kommun-stathallaregatan-56a-4268465916762120595,23-24m²,bostadsratt,2026-09-22T13:02:45.036861
2086998343961376346,https://www.hemnet.se/salda/lagenhet-1rum-dalaplan-malmo-kommun-bragegatan-9-2086998343961376346,23-24m²,bostadsratt,2026-09-22T13:02:45.036862
6321673135938705581,https://www.hemnet.se/salda/lagenhet-1rum-midsommarkransen-stockholms-kommun-diavoxvagen-32-6321673135938705581,23-24m²,bostadsratt,2026-09-22T13:02:45.036864
1688341937927775347,"https://www.hemnet.se/salda/lagenhet-1rum-kungsholmen-stockholms-kommun-alstromergatan-32d,-2-tr,-1688341937927775347",23-24m²,bostadsratt,2026-09-22T13:02:45.036865
8906217705954395077,https://www.hemnet.se/salda/lagenhet-1rum-sodermalm-stockholms-kommun-krukmakargatan-38-8906217705954395077,23-24m²,bostadsratt,2026-09-22T13:02:45.036866
8968948284708089080,https://www.hemnet.se/salda/lagenhet-1rum-korsta-sundsvalls-kommun-klippgatan-14-8968948284708089080,23-24m²,bostadsratt,2026-09-22T13:02:45.036867
6763532327977859798,https://www.hemnet.se/salda/lagenhet-1rum-visby-innerstad-gotlands-kommun-klosterbrunnsgatan-5-6763532327977859798,23-24m²,bostadsratt,2026-09-22T13:02:45.036868
8831092848457533550,"https://www.hemnet.se/salda/lagenhet-1rum-vasastan-stockholms-kommun-upplandsgatan-25a,-4tr-8831092848457533550",23-24m²,bostadsratt,2026-09-22T13:02:45.036869
1462540,"https://www.hemnet.se/salda/lagenhet-1rum-sodermalm-stockholms-kommun-bysistorget-6,-5-tr-1462540",23-24m²,bostadsratt,2026-09-22T13:02:45.036870
1306605486732951861,https://www.hemnet.se/salda/lagenhet-1rum-fisksatra-nacka-kommun-fisksatravagen-28a-1306605486732951861,23-24m²,bostadsratt,2026-09-22T13:02:45.036871
1361852,"https://www.hemnet.se/salda/lagenhet-1rum-vasastan-s-t-eriksplan-stockholms-kommun-torsgatan-29,-2tr-1361852",23-24m²,bostadsratt,2026-09-22T13:02:45.036871
7057338962565094804,https://www.hemnet.se/salda/lagenhet-1rum-aspudden-stockholms-kommun-schlytersvagen-43-7057338962565094804,23-24m²,bostadsratt,2026-09-22T13:02:45.036873
1447904,https://www.hemnet.se/salda/lagenhet-1rum-dalaplan-malmo-kommun-bragegatan-9-1447904,23-24m²,bostadsratt,2026-09-22T13:02:45.036874
2623533175122865379,https://www.hemnet.se/salda/lagenhet-1rum-gardet-ostermalm-stockholms-kommun-rindogatan-6-2623533175122865379,23-24m²,bostadsratt,2026-09-22T13:02:45.036875
9166916276522631522,https://www.hemnet.se/salda/lagenhet-1rum-gardet-stockholms-kommun-furusundsgatan-3-9166916276522631522,23-24m²,bostadsratt,2026-09-22T13:02:45.036876
978706134589355832,https://www.hemnet.se/salda/lagenhet-1rum-sickla-nacka-kommun-sickla-strand-84-978706134589355832,23-24m²,bostadsratt,2026-09-22T13:02:45.036877
1878583636463475986,https://www.hemnet.se/salda/lagenhet-1rum-finntorp-nacka-kommun-tallidsvagen-7-1878583636463475986,23-24m²,bostadsratt,2026-09-22T13:02:45.036878
1392896,https://www.hemnet.se/salda/lagenhet-1rum-luthagen-rickomberga-uppsala-kommun-hallbygatan-32c-1392896,23-24m²,bostadsratt,2026-09-22T13:02:45.036879
2066755800268434621,https://www.hemnet.se/salda/lagenhet-1rum-huvudsta-solna-kommun-jungfrudansen-9-2066755800268434621,23-24m²,bostadsratt,2026-09-22T13:02:45.036879
2539618485463498977,https://www.hemnet.se/salda/lagenhet-1rum-luthagen-uppsala-kommun-tegnergatan-33c-2539618485463498977,23-24m²,bostadsratt,2026-09-22T13:02:45.036880
5028709158448310741,"https://www.hemnet.se/salda/lagenhet-1rum-midsommarkransen-stockholms-kommun-nioortsvagen-26,-van-2-av-4-5028709158448310741",23-24m²,bostadsratt,2026-09-22T13:02:45.036881
5389917588910670215,https://www.hemnet.se/salda/lagenhet-1rum-finntorp-nacka-kommun-finntorpsvagen-3-5389917588910670215,23-24m²,bostadsratt,2026-09-22T13:02:45.036882
4396329080880088781,https://www.hemnet.se/salda/lagenhet-1rum-rasunda-solna-kommun-klovervagen-3-4396329080880088781,23-24m²,bostadsratt,2026-09-22T13:02:45.036883
1495774,https://www.hemnet.se/salda/lagenhet-1rum-valla-linkopings-kommun-ostsvangen-1a-1495774,23-24m²,bostadsratt,2026-09-22T13:02:45.036883
9062123685319043809,https://www.hemnet.se/salda/lagenhet-1rum-solna-solna-kommun-kolonnvagen-10-9062123685319043809,23-24m²,bostadsratt,2026-09-22T13:02:45.036884
7766972545004731533,https://www.hemnet.se/salda/lagenhet-1rum-skarmarbrink-stockholms-kommun-arkadvagen-1-7766972545004731533,23-24m²,bostadsratt,2026-09-22T13:02:45.036885
1406423,"https://www.hemnet.se/salda/lagenhet-1rum-hjorthagen-stockholms-kommun-artemisgatan-15,-2tr-1406423",23-24m²,bostadsratt,2026-09-22T13:02:45.036886
5965039151056178782,https://www.hemnet.se/salda/lagenhet-1rum-sodermalm-stockholms-kommun-ringvagen-151b-5965039151056178782,23-24m²,bostadsratt,2026-09-22T13:02:45.036887
6477163362917074594,https://www.hemnet.se/salda/lagenhet-1rum-linnestaden-goteborgs-kommun-nordenskioldsgatan-30-a-6477163362917074594,23-24m²,bostadsratt,2026-09-22T13:02:45.036888
5719736881596955785,https://www.hemnet.se/salda/lagenhet-1rum-centralt-sodertalje-kommun-vastra-malarehamnen-3b-5719736881596955785,23-24m²,bostadsratt,2026-09-22T13:02:45.036889
2077313880403886467,https://www.hemnet.se/salda/lagenhet-1rum-davidshall-malmo-kommun-erik-dahlbergsgatan-12-2077313880403886467,23-24m²,bostadsratt,2026-09-22T13:02:45.036890
1426347,https://www.hemnet.se/salda/lagenhet-1rum-kungsholmen-stockholms-kommun-alstromergatan-32d-1426347,23-24m²,bostadsratt,2026-09-22T13:02:45.036905
1383134,"https://www.hemnet.se/salda/lagenhet-1rum-gardet-ostermalm-stockholms-kommun-rindogatan-28,-3tr-1383134",23-24m²,bostadsratt,2026-09-22T13:02:45.036906
1313278098096996207,"https://www.hemnet.se/salda/lagenhet-1rum-sodermalm-sofo-stockholms-kommun-renstiernas-gata-30,-1tr-1313278098096996207",23-24m²,bostadsratt,2026-09-22T13:02:45.036906
6236548603297855345,"https://www.hemnet.se/salda/lagenhet-1rum-sodermalm-stockholms-kommun-bergsundsgatan-15,-van-5-5-6236548603297855345",23-24m²,bostadsratt,2026-09-22T13:02:45.036907
5039984012718409643,"https://www.hemnet.se/salda/lagenhet-1rum-globen-stockholms-kommun-bildhuggarvagen-4,-5,5tr-5039984012718409643",23-24m²,bostadsratt,2026-09-22T13:02:45.036908
2906208114048793165,https://www.hemnet.se/salda/lagenhet-1rum-vallingby-centrum-stockholms-kommun-vittangigatan-20-2906208114048793165,23-24m²,bostadsratt,2026-09-22T13:02:45.036909
6768659082829406063,https://www.hemnet.se/salda/lagenhet-1rum-sodermalm-stockholms-kommun-nytorgsgatan-15-6768659082829406063,23-24m²,bostadsratt,2026-09-22T13:02:45.036910
1426506,https://www.hemnet.se/salda/lagenhet-1rum-beckomberga-stockholms-kommun-follingbogatan-22-1426506,23-24m²,bostadsratt,2026-09-22T13:02:45.036910
8582051952145110240,"https://www.hemnet.se/salda/lagenhet-1rum-lilla-essingen-kungsholmen-stockholms-kommun-luxgatan-5,-2tr-8582051952145110240",23-24m²,bostadsratt,2026-09-22T13:02:45.036911
4166454000791739246,"https://www.hemnet.se/salda/lagenhet-1rum-vasastan-norrmalm-tegnerlunden-stockholms-kommun-kammakargatan-21,-3tr-4166454000791739246",23-24m²,bostadsratt,2026-09-22T13:02:45.036914
6132107170005711391,https://www.hemnet.se/salda/lagenhet-1rum-morbylund-danderyds-kommun-morbylund-11b-6132107170005711391,23-24m²,bostadsratt,2026-09-22T13:02:45.036915
1183661335266472920,https://www.hemnet.se/salda/lagenhet-1rum-ostermalm-gardet-stockholms-kommun-vartavagen-59-1183661335266472920,23-24m²,bostadsratt,2026-09-22T13:02:45.036916
1170585712391080900,https://www.hemnet.se/salda/lagenhet-1rum-jarnbrott-goteborgs-kommun-bildradiogatan-6-1170585712391080900,23-24m²,bostadsratt,2026-09-22T13:02:45.036916
1991215271413091438,https://www.hemnet.se/salda/lagenhet-1rum-korfaltet-ostersunds-kommun-reveljgrand-23-b-1991215271413091438,23-24m²,bostadsratt,2026-09-22T13:02:45.036917
8222763956538608333,https://www.hemnet.se/salda/lagenhet-1rum-kungsholmen-stockholms-kommun-wennerbergsgatan-6b-8222763956538608333,23-24m²,bostadsratt,2026-09-22T13:02:45.036918
3090009313203048476,https://www.hemnet.se/salda/lagenhet-1rum-rasunda-solna-kommun-charlottenburgsvagen-32c-3090009313203048476,23-24m²,bostadsratt,2026-09-22T13:02:45.036919
6220209735548048224,"https://www.hemnet.se/salda/lagenhet-1rum-kungsholmen-nedre-kungsholmen-stockholms-kommun-kungsklippan-11,-3-tr-6220209735548048224",23-24m²,bostadsratt,2026-09-22T13:02:45.036920
1489138,"https://www.hemnet.se/salda/lagenhet-1rum-beckomberga-stockholms-kommun-follingbogatan-22,-3tr-1489138",23-24m²,bostadsratt,2026-09-22T13:02:45.036920
1391776,"https://www.hemnet.se/salda/lagenhet-1rum-vasastan-stockholms-kommun-roslagsgatan-54,-4-tr-1391776",23-24m²,bostadsratt,2026-09-22T13:02:45.036921
1569640692395804422,https://www.hemnet.se/salda/lagenhet-1rum-gardet-stockholms-kommun-vartavagen-59-1569640692395804422,23-24m²,bostadsratt,2026-09-22T13:02:45.036922
5954707181269081969,https://www.hemnet.se/salda/lagenhet-1rum-vasastan-stockholms-kommun-vastmannagatan-97-5954707181269081969,23-24m²,bostadsratt,2026-09-22T13:02:45.036923
1436637,https://www.hemnet.se/salda/lagenhet-1rum-salabacke-uppsala-kommun-arstagatan-18d-1436637,23-24m²,bostadsratt,2026-09-22T13:02:45.036925
3167049073312678505,https://www.hemnet.se/salda/lagenhet-1rum-nobeltorget-malmo-kommun-lantmannagatan-4a-3167049073312678505,23-24m²,bostadsratt,2026-09-22T13:02:45.036926
3134566555567822550,https://www.hemnet.se/salda/lagenhet-1rum-ranten-falkopings-kommun-jarnvagsgatan-22a-3134566555567822550,23-24m²,bostadsratt,2026-09-22T13:02:45.036927
1385008552155510010,https://www.hemnet.se/salda/lagenhet-1rum-valla-linkopings-kommun-ostsvangen-1c-1385008552155510010,23-24m²,bostadsratt,2026-09-22T13:02:45.036928
7028842703547146347,https://www.hemnet.se/salda/lagenhet-1rum-katarina-sofia-stockholms-kommun-ringvagen-161-7028842703547146347,23-24m²,bostadsratt,2026-09-22T13:02:45.036928
1065008068842883509,https://www.hemnet.se/salda/lagenhet-1rum-fridhemsplan-stockholms-kommun-alstromergatan-51-1065008068842883509,23-24m²,bostadsratt,2026-09-22T13:02:45.036929
533252128662433586,https://www.hemnet.se/salda/lagenhet-1rum-ostersund-centrum-ostersunds-kommun-strandgatan-22b-533252128662433586,23-24m²,bostadsratt,2026-09-22T13:02:45.036930
3165931511123499961,"https://www.hemnet.se/salda/lagenhet-1rum-sodermalm-hornstull-stockholms-kommun-bergsundsgatan-7,-van-6-6-3165931511123499961",23-24m²,bostadsratt,2026-09-22T13:02:45.036931
292512096849518329,https://www.hemnet.se/salda/lagenhet-1rum-vasastan-stockholms-kommun-atlasgatan-7-292512096849518329,23-24m²,bostadsratt,2026-09-22T13:02:45.036933
51225632938964046,https://www.hemnet.se/salda/lagenhet-1rum-gardet-ostermalm-stockholms-kommun-furusundsgatan-6-51225632938964046,23-24m²,bostadsratt,2026-09-22T13:02:45.036934
3658091958497355215,https://www.hemnet.se/salda/lagenhet-1rum-sodertorp-malmo-kommun-ingenjorsgatan-14-3658091958497355215,23-24m²,bostadsratt,2026-09-22T13:02:45.036935
1419334,https://www.hemnet.se/salda/lagenhet-1rum-rosenkalla-nykopings-kommun-erikslundsvagen-3-1419334,23-24m²,bostadsratt,2026-09-22T13:02:45.036935
7164156739141616367,https://www.hemnet.se/salda/lagenhet-1rum-solhem-stockholms-kommun-sorgardsvagen-32d-7164156739141616367,23-24m²,bostadsratt,2026-09-22T13:02:45.036936
8201155199219391224,"https://www.hemnet.se/salda/lagenhet-1rum-rasunda-solna-kommun-klovervagen-3,-van-3-8201155199219391224",23-24m²,bostadsratt,2026-09-22T13:02:45.036937
4172373112186420578,"https://www.hemnet.se/salda/lagenhet-1rum-gamla-rasunda-solna-kommun-postgrand-2,-2-tr-4172373112186420578",23-24m²,bostadsratt,2026-09-22T13:02:45.036938
3187222429958237120,https://www.hemnet.se/salda/lagenhet-1rum-vallingby-centrum-stockholms-kommun-jamtlandsgatan-90-van-2-3187222429958237120,23-24m²,bostadsratt,2026-09-22T13:02:45.036939
2136839004407878157,https://www.hemnet.se/salda/lagenhet-1rum-sodra-guldheden-goteborgs-kommun-doktor-hjorts-gata-1c-2136839004407878157,23-24m²,bostadsratt,2026-09-22T13:02:45.036956
5675772059193991860,"https://www.hemnet.se/salda/lagenhet-1rum-gullmarsplan-johanneshov-stockholms-kommun-skulptorvagen-15,-2-tr-5675772059193991860",23-24m²,bostadsratt,2026-09-22T13:02:45.036958
8480800063799521713,https://www.hemnet.se/salda/lagenhet-1rum-lindholmen-goteborgs-kommun-lodjursstraket-1-8480800063799521713,23-24m²,bostadsratt,2026-09-22T13:02:45.036959
518575972135357284,https://www.hemnet.se/salda/lagenhet-1rum-luthagen-uppsala-kommun-tegnergatan-33a-518575972135357284,23-24m²,bostadsratt,2026-09-22T13:02:45.036959
3863324297309228271,https://www.hemnet.se/salda/lagenhet-1rum-nedre-gardet-ostermalm-stockholms-kommun-erik-dahlbergsgatan-36-3863324297309228271,23-24m²,bostadsratt,2026-09-22T13:02:45.036960
8055827609993256272,https://www.hemnet.se/salda/lagenhet-1rum-flemingsberg-huddinge-kommun-terapivagen-14d-8055827609993256272,23-24m²,bostadsratt,2026-09-22T13:02:45.036961
2485669170731163783,https://www.hemnet.se/salda/lagenhet-1rum-vallingby-centrum-stockholms-kommun-vittangigatan-1-2485669170731163783,23-24m²,bostadsratt,2026-09-22T13:02:45.036962
4776316170030785390,https://www.hemnet.se/salda/lagenhet-1rum-centralt-amals-kommun-lunnegatan-4a-4776316170030785390,23-24m²,bostadsratt,2026-09-22T13:02:45.036963
3719838872590657693,https://www.hemnet.se/salda/lagenhet-1rum-sodermalm-katarina-stockholms-kommun-kocksgatan-40-3719838872590657693,23-24m²,bostadsratt,2026-09-22T13:02:45.036964
1496230,https://www.hemnet.se/salda/lagenhet-1rum-kungsholmen-kungsklippan-stockholms-kommun-kungsklippan-11-1496230,23-24m²,bostadsratt,2026-09-22T13:02:45.036964
1807559858742645562,https://www.hemnet.se/salda/lagenhet-1rum-vasastaden-goteborgs-kommun-sodra-viktoriagatan-31-1807559858742645562,23-24m²,bostadsratt,2026-09-22T13:02:45.036965
5342516846340325754,https://www.hemnet.se/salda/lagenhet-1rum-gottfridsberg-linkopings-kommun-ostsvangen-1a-5342516846340325754,23-24m²,bostadsratt,2026-09-22T13:02:45.036966
1509319,https://www.hemnet.se/salda/lagenhet-1rum-bandhagen-stockholms-kommun-kallforsvagen-24-1509319,23-24m²,bostadsratt,2026-09-22T13:02:45.036967
8505834480889872059,https://www.hemnet.se/salda/lagenhet-1rum-vasastan-birkastan-stockholms-kommun-norrbackagatan-14-8505834480889872059,23-24m²,bostadsratt,2026-09-22T13:02:45.036968
1402936937851259547,https://www.hemnet.se/salda/lagenhet-1rum-falhagen-uppsala-kommun-petterslundsgatan-14e-1402936937851259547,23-24m²,bostadsratt,2026-09-22T13:02:45.036968
8068622001528437589,"https://www.hemnet.se/salda/lagenhet-1rum-sodermalm-stockholms-kommun-tjustgatan-2,-1,5-tr-8068622001528437589",23-24m²,bostadsratt,2026-09-22T13:02:45.036969
7171553038207809039,https://www.hemnet.se/salda/lagenhet-1rum-rasunda-solna-kommun-rasundavagen-134-7171553038207809039,23-24m²,bostadsratt,2026-09-22T13:02:45.036970
3740036074350519390,https://www.hemnet.se/salda/lagenhet-1rum-mariehall-stockholms-kommun-kratsbodavagen-36-3740036074350519390,23-24m²,bostadsratt,2026-09-22T13:02:45.036971
1444974,"https://www.hemnet.se/salda/lagenhet-1rum-haga-norra-solna-kommun-sylvangatan-5,-2tr,-1444974",23-24m²,bostadsratt,2026-09-22T13:02:45.036972
5806865304065415955,https://www.hemnet.se/salda/lagenhet-1rum-morbylund-danderyds-kommun-morbylund-15c-5806865304065415955,23-24m²,bostadsratt,2026-09-22T13:02:45.036972
3967605094825480002,https://www.hemnet.se/salda/lagenhet-1rum-falhagen-uppsala-kommun-petterslundsgatan-14e-3967605094825480002,23-24m²,bostadsratt,2026-09-22T13:02:45.036973
4635120419024439303,"https://www.hemnet.se/salda/lagenhet-1rum-kungsholmen-norr-malarstrand-stockholms-kommun-pontonjargatan-33,-5tr-4635120419024439303",23-24m²,bostadsratt,2026-09-22T13:02:45.036974
1426554,https://www.hemnet.se/salda/lagenhet-1rum-finntorp-nacka-kommun-finntorpsvagen-3-1426554,23-24m²,bostadsratt,2026-09-22T13:02:45.036975
1400419,https://www.hemnet.se/salda/lagenhet-1rum-uttran-botkyrka-kommun-kyrkvardsplan-7-1400419,23-24m²,bostadsratt,2026-09-22T13:02:45.036976
1429595,https://www.hemnet.se/salda/lagenhet-1rum-karlsdal-vasteras-kommun-krutkallarvagen-1-1429595,23-24m²,bostadsratt,2026-09-22T13:02:45.036978
2225671129066636590,https://www.hemnet.se/salda/lagenhet-1rum-prastbordet-skelleftea-kommun-faltjagarvagen-41b-2225671129066636590,23-24m²,bostadsratt,2026-09-22T13:02:45.036979
1649778952503006412,"https://www.hemnet.se/salda/lagenhet-1rum-sodermalm-hornstull-stockholms-kommun-hogalidsgatan-29,-van-3-av-3-1649778952503006412",23-24m²,bostadsratt,2026-09-22T13:02:45.036980
3236552226686176233,https://www.hemnet.se/salda/lagenhet-1rum-centrum-sala-kommun-drottninggatan-13c-3236552226686176233,23-24m²,bostadsratt,2026-09-22T13:02:45.036981
1502170,https://www.hemnet.se/salda/lagenhet-1rum-lindholmen-goteborgs-kommun-lodjursstraket-1-1502170,23-24m²,bostadsratt,2026-09-22T13:02:45.036982
5137026977223983937,https://www.hemnet.se/salda/lagenhet-1rum-kallered-centralt-molndals-kommun-streteredsvagen-1b-5137026977223983937,23-24m²,bostadsratt,2026-09-22T13:02:45.036984
3430244677128753688,https://www.hemnet.se/salda/lagenhet-1rum-spanga-stockholms-kommun-hjulstavagen-92-3430244677128753688,23-24m²,bostadsratt,2026-09-22T13:02:45.036985
3078882033685613494,"https://www.hemnet.se/salda/lagenhet-2rum-sodermalm-mariatorget-stockholms-kommun-maria-prastgardsgata-27,-3-tr-3078882033685613494",23-24m²,bostadsratt,2026-09-22T13:02:45.036985
1436032,https://www.hemnet.se/salda/lagenhet-1rum-flemingsberg-huddinge-kommun-terapivagen-18d-1436032,23-24m²,bostadsratt,2026-09-22T13:02:45.036986
1501075,https://www.hemnet.se/salda/lagenhet-1rum-centrum-ostersunds-kommun-biblioteksgatan-22-1501075,23-24m²,bostadsratt,2026-09-22T13:02:45.036987
6313574216071279291,https://www.hemnet.se/salda/lagenhet-1rum-arsta-uppsala-kommun-fyrislundsgatan-60-6313574216071279291,23-24m²,bostadsratt,2026-09-22T13:02:45.036988
7083659773397463533,https://www.hemnet.se/salda/lagenhet-1rum-sala-backe-uppsala-kommun-verkmastargatan-1b-7083659773397463533,23-24m²,bostadsratt,2026-09-22T13:02:45.036989
461115429771848448,https://www.hemnet.se/salda/lagenhet-1rum-centrum-uddevalla-kommun-brattgatan-6b-461115429771848448,23-24m²,bostadsratt,2026-09-22T13:02:45.036990
5763743002648885229,https://www.hemnet.se/salda/lagenhet-1rum-gottfridsberg-valla-linkopings-kommun-ostsvangen-1-c-5763743002648885229,23-24m²,bostadsratt,2026-09-22T13:02:45.036991
3889291649690360045,"https://www.hemnet.se/salda/lagenhet-1rum-kungsholmen-kungsklippan-stockholms-kommun-kungsklippan-11,-4-tr-3889291649690360045",23-24m²,bostadsratt,2026-09-22T13:02:45.036993
7379745024296459150,"https://www.hemnet.se/salda/lagenhet-1rum-norrmalm-stockholms-kommun-tegnergatan-55c,-4tr-7379745024296459150",23-24m²,bostadsratt,2026-09-22T13:02:45.036994
1160068734509170978,https://www.hemnet.se/salda/lagenhet-1rum-lindholmen-goteborgs-kommun-lodjursstraket-1-1160068734509170978,23-24m²,bostadsratt,2026-09-22T13:02:45.036995
5319831897649590109,"https://www.hemnet.se/salda/lagenhet-1rum-ostermalm-nedre-gardet-stockholms-kommun-erik-dahlbergsgatan-20,-1tr-5319831897649590109",23-24m²,bostadsratt,2026-09-22T13:02:45.036996
3271491494261341570,https://www.hemnet.se/salda/lagenhet-2rum-ostermalm-stockholms-kommun-grevgatan-47b-3271491494261341570,23-24m²,bostadsratt,2026-09-22T13:02:45.036997
3462725283093094244,"https://www.hemnet.se/salda/lagenhet-1rum-finntorp-nacka-kommun-finntorpsvagen-3,-3-tr,-3462725283093094244",23-24m²,bostadsratt,2026-09-22T13:02:45.036997
5916132669152253686,https://www.hemnet.se/salda/lagenhet-1rum-framre-luthagen-uppsala-kommun-fredsgatan-4a-5916132669152253686,23-24m²,bostadsratt,2026-09-22T13:02:45.036998
1260755388281267720,https://www.hemnet.se/salda/lagenhet-1rum-nobeltorget-malmo-kommun-lantmannagatan-6a-1260755388281267720,23-24m²,bostadsratt,2026-09-22T13:02:45.036999
1467395,"https://www.hemnet.se/salda/lagenhet-1rum-solna-rasunda-solna-kommun-rasundavagen-134,-van-6-6-1467395",23-24m²,bostadsratt,2026-09-22T13:02:45.037000
1450414,https://www.hemnet.se/salda/lagenhet-1rum-dalby-lunds-kommun-veberodsvagen-22c-1450414,23-24m²,bostadsratt,2026-09-22T13:02:45.037001
2441316040816636039,"https://www.hemnet.se/salda/lagenhet-1rum-jarna-sodertalje-kommun-turingevagen-20,-lgh-3-2441316040816636039",23-24m²,bostadsratt,2026-09-22T13:02:45.037002
9155990454407032721,"https://www.hemnet.se/salda/lagenhet-1rum-kungsholmen-stockholms-kommun-kungsholmsgatan-9,-6tr-9155990454407032721",23-24m²,bostadsratt,2026-09-22T13:02:45.037003
3306663494101714821,https://www.hemnet.se/salda/lagenhet-1rum-jarnbrott-goteborgs-kommun-bildradiogatan-6-3306663494101714821,23-24m²,bostadsratt,2026-09-22T13:02:45.037003
4051448368065935570,https://www.hemnet.se/salda/lagenhet-1rum-sodermalm-katarina-sofia-stockholms-kommun-metargatan-9-4051448368065935570,23-24m²,bostadsratt,2026-09-22T13:02:45.037004
2239296849793746366,https://www.hemnet.se/salda/lagenhet-1rum-triangeln-malmo-kommun-sodra-forstadsgatan-65-c-2239296849793746366,23-24m²,bostadsratt,2026-09-22T13:02:45.037005
2999455248507124315,https://www.hemnet.se/salda/lagenhet-1rum-vallingby-centrum-stockholms-kommun-vittangigatan-1-2999455248507124315,23-24m²,bostadsratt,2026-09-22T13:02:45.037006
1181885400908102125,https://www.hemnet.se/salda/lagenhet-1rum-ellstorp-malmo-kommun-sallerupsvagen-32g-1181885400908102125,23-24m²,bostadsratt,2026-09-22T13:02:45.037007
2074381027202887183,https://www.hemnet.se/salda/lagenhet-1rum-haga-norra-solna-kommun-fyrgrand-4-2074381027202887183,23-24m²,bostadsratt,2026-09-22T13:02:45.037008
1423895,https://www.hemnet.se/salda/lagenhet-1rum-kungsholmen-stockholms-kommun-sankt-eriksgatan-4-1423895,23-24m²,bostadsratt,2026-09-22T13:02:45.037010
2188313128872601907,https://www.hemnet.se/salda/lagenhet-1rum-vasastan-stockholms-kommun-surbrunnsgatan-19-2188313128872601907,23-24m²,bostadsratt,2026-09-22T13:02:45.037012
1994438950498451653,"https://www.hemnet.se/salda/lagenhet-1rum-sodermalm-stockholms-kommun-klippgatan-14c,-2-tr-1994438950498451653",23-24m²,bostadsratt,2026-09-22T13:02:45.037013
7099760311159814108,https://www.hemnet.se/salda/lagenhet-1rum-globen-johanneshov-stockholms-kommun-skulptorvagen-17-7099760311159814108,23-24m²,bostadsratt,2026-09-22T13:02:45.037014
9190386923849345686,"https://www.hemnet.se/salda/lagenhet-1rum-vasastan-roda-bergen-stockholms-kommun-torbjorn-klockares-gata-13,-3tr-9190386923849345686",23-24m²,bostadsratt,2026-09-22T13:02:45.037015
3939130741014170342,"https://www.hemnet.se/salda/lagenhet-1,5rum-luthagen-uppsala-kommun-hallbygatan-32b-3939130741014170342",23-24m²,bostadsratt,2026-09-22T13:02:45.037015
5017325266852723244,https://www.hemnet.se/salda/lagenhet-1rum-nedre-kungsholmen-stockholms-kommun-john-ericssonsgatan-11-b-5017325266852723244,23-24m²,bostadsratt,2026-09-22T13:02:45.037016
7619566485132000975,https://www.hemnet.se/salda/lagenhet-1rum-malarhojden-stockholms-kommun-klubbacken-34-7619566485132000975,23-24m²,bostadsratt,2026-09-22T13:02:45.037017
2069379700847932511,https://www.hemnet.se/salda/lagenhet-1rum-gamla-vaster-malmo-kommun-ostindiefararegatan-5-2069379700847932511,23-24m²,bostadsratt,2026-09-22T13:02:45.037018
4275658428365646983,https://www.hemnet.se/salda/lagenhet-1rum-centralt-eskilstuna-kommun-ostra-asgatan-8e-4275658428365646983,23-24m²,bostadsratt,2026-09-22T13:02:45.037019
3986330819499205325,"https://www.hemnet.se/salda/lagenhet-1rum-bagarmossen-stockholms-kommun-emagatan-39,-1tr-3986330819499205325",23-24m²,bostadsratt,2026-09-22T13:02:45.037020
1409547,https://www.hemnet.se/salda/lagenhet-1rum-vaster-nykopings-kommun-fruangsgatan-13a-1409547,23-24m²,bostadsratt,2026-09-22T13:02:45.037021
2349270402522336659,https://www.hemnet.se/salda/lagenhet-1rum-ostermalm-stockholms-kommun-gumshornsgatan-7-2349270402522336659,23-24m²,bostadsratt,2026-09-22T13:02:45.037021
4484053746657170109,https://www.hemnet.se/salda/lagenhet-1rum-lahall-nasby-park-taby-kommun-eskadervagen-12-4484053746657170109,23-24m²,bostadsratt,2026-09-22T13:02:45.037022
3628908844282206942,https://www.hemnet.se/salda/lagenhet-1rum-nobeltorget-malmo-kommun-vitemollegatan-4f-3628908844282206942,23-24m²,bostadsratt,2026-09-22T13:02:45.037023
8363785726239517670,https://www.hemnet.se/salda/lagenhet-1rum-sodermalm-mariaberget-stockholms-kommun-tavastgatan-37-8363785726239517670,23-24m²,bostadsratt,2026-09-22T13:02:45.037024
5289213193712330443,"https://www.hemnet.se/salda/lagenhet-1rum-fridhemsplan-stockholms-kommun-sankt-goransgatan-64,-2-tr-5289213193712330443",23-24m²,bostadsratt,2026-09-22T13:02:45.037025
1071922830923920205,https://www.hemnet.se/salda/lagenhet-1rum-nedre-gardet-stockholms-kommun-sandelsgatan-16-1071922830923920205,23-24m²,bostadsratt,2026-09-22T13:02:45.037026
8204631659594645778,https://www.hemnet.se/salda/lagenhet-1rum-luthagen-uppsala-kommun-hallbygatan-32e-8204631659594645778,23-24m²,bostadsratt,2026-09-22T13:02:45.037026
1452621,https://www.hemnet.se/salda/lagenhet-1rum-beckomberga-stockholms-kommun-follingbogatan-22-1452621,23-24m²,bostadsratt,2026-09-22T13:02:45.037027
6774047626691339187,https://www.hemnet.se/salda/lagenhet-1rum-kungsholmen-thorildsplan-stockholms-kommun-lindhagensgatan-61-6774047626691339187,23-24m²,bostadsratt,2026-09-22T13:02:45.037028
5785422376062900246,https://www.hemnet.se/salda/lagenhet-1rum-kungsholmen-stockholms-kommun-bergsgatan-29-5785422376062900246,23-24m²,bostadsratt,2026-09-22T13:02:45.037029
1491295171196270280,https://www.hemnet.se/salda/lagenhet-1rum-ekhagen-norra-djurgarden-stockholms-kommun-ekhagsvagen-10-1491295171196270280,23-24m²,bostadsratt,2026-09-22T13:02:45.037030
1977036152130762918,https://www.hemnet.se/salda/lagenhet-1rum-gardet-stockholms-kommun-furusundsgatan-9-1977036152130762918,23-24m²,bostadsratt,2026-09-22T13:02:45.037030
5487819524635119476,https://www.hemnet.se/salda/lagenhet-1rum-luthagen-uppsala-kommun-tegnergatan-25c-5487819524635119476,23-24m²,bostadsratt,2026-09-22T13:02:45.037031
1428429,https://www.hemnet.se/salda/lagenhet-1rum-vallastaden-linkopings-kommun-nanna-svartz-gata-6g-1428429,23-24m²,bostadsratt,2026-09-22T13:02:45.037032
1843884521611282582,"https://www.hemnet.se/salda/lagenhet-1rum-kungsholmen-norr-malarstrand-stockholms-kommun-sysslomansgatan-24,-8-8-tr-1843884521611282582",23-24m²,bostadsratt,2026-09-22T13:02:45.037033
4841567891836400393,https://www.hemnet.se/salda/lagenhet-1rum-norra-sofielund-malmo-kommun-brobygatan-3-4841567891836400393,23-24m²,bostadsratt,2026-09-22T13:02:45.037034
6368538004390657612,https://www.hemnet.se/salda/lagenhet-1rum-haga-norra-solna-kommun-kolonnvagen-10-6368538004390657612,23-24m²,bostadsratt,2026-09-22T13:02:45.037036
283140234469182069,https://www.hemnet.se/salda/lagenhet-1rum-grondal-stockholms-kommun-sjobjornsvagen-15b-283140234469182069,23-24m²,bostadsratt,2026-09-22T13:02:45.037036
9003422311425343259,"https://www.hemnet.se/salda/lagenhet-1rum-vasastan-sibirien-stockholms-kommun-roslagsgatan-29a,-1tr-9003422311425343259",23-24m²,bostadsratt,2026-09-22T13:02:45.037037
7770104680313445962,https://www.hemnet.se/salda/lagenhet-1rum-midsommarkransen-stockholms-kommun-vattenledningsvagen-39-7770104680313445962,23-24m²,bostadsratt,2026-09-22T13:02:45.037039
8512425611738253497,"https://www.hemnet.se/salda/lagenhet-1rum-ostermalm-stockholms-kommun-nybrogatan-44,-3tr-8512425611738253497",23-24m²,bostadsratt,2026-09-22T13:02:45.037040
3894373745453299039,https://www.hemnet.se/salda/lagenhet-1rum-soder-helsingborgs-kommun-carl-krooks-gata-36a-3894373745453299039,23-24m²,bostadsratt,2026-09-22T13:02:45.037041
1427516,https://www.hemnet.se/salda/lagenhet-1rum-linkoping-innerstaden-hejdegarden-linkopings-kommun-sturegatan-3b-1427516,23-24m²,bostadsratt,2026-09-22T13:02:45.037042
850597100761581567,https://www.hemnet.se/salda/lagenhet-1rum-rosenkalla-nykopings-kommun-erikslundsvagen-1-850597100761581567,23-24m²,bostadsratt,2026-09-22T13:02:45.037043
4216559094034375334,"https://www.hemnet.se/salda/lagenhet-1rum-lilla-ursvik-sundbybergs-kommun-ursviksvagen-113,-2-tr-4216559094034375334",23-24m²,bostadsratt,2026-09-22T13:02:45.037044
7716333322046629529,https://www.hemnet.se/salda/lagenhet-1rum-birkastan-vasastan-stockholms-kommun-torsgatan-33-7716333322046629529,23-24m²,bostadsratt,2026-09-22T13:02:45.037045
68359935402742891,https://www.hemnet.se/salda/lagenhet-1rum-vasastan-roda-bergen-stockholms-kommun-rodabergsbrinken-7-68359935402742891,23-24m²,bostadsratt,2026-09-22T13:02:45.037046
2677042544978926411,https://www.hemnet.se/salda/lagenhet-1rum-valla-linkopings-kommun-ostsvangen-1c-2677042544978926411,23-24m²,bostadsratt,2026-09-22T13:02:45.037048
7261235789273974113,https://www.hemnet.se/salda/lagenhet-1rum-uttran-botkyrka-kommun-kyrkvardsplan-7-7261235789273974113,23-24m²,bostadsratt,2026-09-22T13:02:45.037049
7152447477739930495,"https://www.hemnet.se/salda/lagenhet-1rum-grondal-stockholms-kommun-ekensbergsvagen-118,-4tr-7152447477739930495",23-24m²,bostadsratt,2026-09-22T13:02:45.037050
343131566822199914,https://www.hemnet.se/salda/lagenhet-1rum-ranten-falkopings-kommun-jarnvagsgatan-22-a-343131566822199914,23-24m²,bostadsratt,2026-09-22T13:02:45.037050
552757523896107656,"https://www.hemnet.se/salda/lagenhet-1rum-kungsholmen-nedre-kungsholmen-stockholms-kommun-bergsgatan-19,-3-3tr-552757523896107656",23-24m²,bostadsratt,2026-09-22T13:02:45.037052
1344687175985770812,https://www.hemnet.se/salda/lagenhet-1rum-flemingsberg-huddinge-kommun-terapivagen-18c-1344687175985770812,23-24m²,bostadsratt,2026-09-22T13:02:45.037052
444052799057915348,https://www.hemnet.se/salda/lagenhet-1rum-folkets-park-malmo-kommun-solvesborgsgatan-3a-444052799057915348,23-24m²,bostadsratt,2026-09-22T13:02:45.037053
1361331,https://www.hemnet.se/salda/lagenhet-1rum-kungsholmen-stockholms-kommun-alstromergatan-32e-1361331,23-24m²,bostadsratt,2026-09-22T13:02:45.037054
8008544212643766390,"https://www.hemnet.se/salda/lagenhet-1rum-sodermalm-katarina-stockholms-kommun-bjurholmsplan-23,-van-5-8008544212643766390",23-24m²,bostadsratt,2026-09-22T13:02:45.037055
8153485255763496530,https://www.hemnet.se/salda/lagenhet-1rum-centrala-vasby-upplands-vasby-kommun-optimusvagen-3b-8153485255763496530,23-24m²,bostadsratt,2026-09-22T13:02:45.037056
2314320747596105717,https://www.hemnet.se/salda/lagenhet-1rum-innerstaden-linkopings-kommun-sankt-larsgatan-6a-2314320747596105717,23-24m²,bostadsratt,2026-09-22T13:02:45.037057
1718651265121223591,https://www.hemnet.se/salda/lagenhet-1rum-sodermalm-katarina-sofia-stockholms-kommun-gotgatan-96a-1718651265121223591,23-24m²,bostadsratt,2026-09-22T13:02:45.037057
5292527681497057603,"https://www.hemnet.se/salda/lagenhet-1rum-sodermalm-nytorget-stockholms-kommun-nytorgsgatan-33,-1-tr-mot-gard-5292527681497057603",23-24m²,bostadsratt,2026-09-22T13:02:45.037058
1639145779116428975,https://www.hemnet.se/salda/lagenhet-1rum-blekingsborg-malmo-kommun-per-albin-hanssons-vag-54-b-1639145779116428975,23-24m²,bostadsratt,2026-09-22T13:02:45.037059
3301288661580973370,"https://www.hemnet.se/salda/lagenhet-1rum-ostermalm-nedre-gardet-stockholms-kommun-skeppargatan-75,-2-tr-3301288661580973370",23-24m²,bostadsratt,2026-09-22T13:02:45.037060
7595736993878579715,https://www.hemnet.se/salda/lagenhet-1rum-luthagen-stabby-uppsala-kommun-hallbygatan-32b-7595736993878579715,23-24m²,bostadsratt,2026-09-22T13:02:45.037062
1384353,https://www.hemnet.se/salda/lagenhet-1rum-katarina-stockholms-kommun-bjurholmsplan-23-1384353,23-24m²,bostadsratt,2026-09-22T13:02:45.037063
1462116,"https://www.hemnet.se/salda/lagenhet-1rum-sodermalm-mariaberget-stockholms-kommun-kattgrand-1,-3-tr-1462116",23-24m²,bostadsratt,2026-09-22T13:02:45.037064
3237221384725167220,https://www.hemnet.se/salda/lagenhet-1rum-sodertalje-sodertalje-kommun-vastra-kanalgatan-9-3237221384725167220,23-24m²,bostadsratt,2026-09-22T13:02:45.037065
1430881,"https://www.hemnet.se/salda/lagenhet-1rum-sodermalm-maria-stockholms-kommun-brannkyrkagatan-46,-4tr-1430881",23-24m²,bostadsratt,2026-09-22T13:02:45.037066
7739300736001386798,https://www.hemnet.se/salda/lagenhet-1rum-ostermalm-stockholms-kommun-styrmansgatan-16-b-7739300736001386798,23-24m²,bostadsratt,2026-09-22T13:02:45.037067
4868447311272239028,"https://www.hemnet.se/salda/lagenhet-1,5rum-lindholmen-goteborgs-kommun-lindholmshamnen-21-4868447311272239028",23-24m²,bostadsratt,2026-09-22T13:02:45.037068
693024242871303238,https://www.hemnet.se/salda/lagenhet-1rum-hammarbyhojden-stockholms-kommun-paternostervagen-28-693024242871303238,23-24m²,bostadsratt,2026-09-22T13:02:45.037068
1465516,https://www.hemnet.se/salda/lagenhet-1rum-globen-johanneshov-stockholms-kommun-skulptorvagen-3-1465516,23-24m²,bostadsratt,2026-09-22T13:02:45.037069
3577561539400551993,"https://www.hemnet.se/salda/lagenhet-1rum-morbylund-danderyds-kommun-morbylund-15b,-8tr-3577561539400551993",23-24m²,bostadsratt,2026-09-22T13:02:45.037071
6228168623155699721,"https://www.hemnet.se/salda/lagenhet-1rum-katarina-stockholms-kommun-bjurholmsplan-23,-1,5-tr-6228168623155699721",23-24m²,bostadsratt,2026-09-22T13:02:45.037072
7104801014051323963,https://www.hemnet.se/salda/lagenhet-2rum-vasastan-stockholms-kommun-torsgatan-60-7104801014051323963,23-24m²,bostadsratt,2026-09-22T13:02:45.037073
8744747146659523966,https://www.hemnet.se/salda/lagenhet-1rum-framre-luthagen-uppsala-kommun-gotgatan-14b-8744747146659523966,23-24m²,bostadsratt,2026-09-22T13:02:45.037074
7837331735223793454,"https://www.hemnet.se/salda/lagenhet-1rum-sodermalm-stockholms-kommun-slipgatan-2,-van-3-7837331735223793454",23-24m²,bostadsratt,2026-09-22T13:02:45.037075
8818257250150499276,https://www.hemnet.se/salda/lagenhet-1rum-surte-ale-kommun-granhacksvagen-24-lgh-1302-8818257250150499276,23-24m²,bostadsratt,2026-09-22T13:02:45.037076
3353829139673061503,https://www.hemnet.se/salda/lagenhet-1rum-lundby-backby-vasteras-kommun-hallsta-gardsgata-20-3353829139673061503,23-24m²,bostadsratt,2026-09-22T13:02:45.037076
5199960661166854525,https://www.hemnet.se/salda/lagenhet-1rum-finntorp-nacka-kommun-finntorpsvagen-3-5199960661166854525,23-24m²,bostadsratt,2026-09-22T13:02:45.037077
8080809738632674551,https://www.hemnet.se/salda/lagenhet-1rum-sodermalm-hogalid-stockholms-kommun-hogalidsgatan-40d-8080809738632674551,23-24m²,bostadsratt,2026-09-22T13:02:45.037078
7190612255706302308,https://www.hemnet.se/salda/lagenhet-1rum-centrum-kalix-kommun-centrumvagen-58b-7190612255706302308,23-24m²,bostadsratt,2026-09-22T13:02:45.037079
7815465847725237716,https://www.hemnet.se/salda/lagenhet-1rum-hoganas-uppsala-kommun-botvidsgatan-6a-7815465847725237716,23-24m²,bostadsratt,2026-09-22T13:02:45.037080
2345752932882965493,https://www.hemnet.se/salda/lagenhet-1rum-linnestaden-goteborgs-kommun-ovre-djupedalsgatan-11d-2345752932882965493,23-24m²,bostadsratt,2026-09-22T13:02:45.037081
1386045,"https://www.hemnet.se/salda/lagenhet-1rum-skarmarbrink-stockholms-kommun-arkadvagen-1,-4-tr-1386045",23-24m²,bostadsratt,2026-09-22T13:02:45.037081
6437317321316544185,https://www.hemnet.se/salda/lagenhet-1rum-alsten-stockholms-kommun-vesslevagen-40-6437317321316544185,23-24m²,bostadsratt,2026-09-22T13:02:45.037082
813238768756870006,https://www.hemnet.se/salda/lagenhet-1rum-centrala-gavle-gavle-kommun-norra-kungsgatan-33-813238768756870006,23-24m²,bostadsratt,2026-09-22T13:02:45.037083
2356583309021442513,https://www.hemnet.se/salda/lagenhet-1rum-jarnbrott-goteborgs-kommun-bildradiogatan-2-2356583309021442513,23-24m²,bostadsratt,2026-09-22T13:02:45.037084
8104245112841724911,https://www.hemnet.se/salda/lagenhet-1rum-sigtuna-wenngarn-sigtuna-kommun-venngarn-304l-8104245112841724911,23-24m²,bostadsratt,2026-09-22T13:02:45.037085
2693297562636721571,"https://www.hemnet.se/salda/lagenhet-1rum-lindholmen,-goteborg-goteborgs-kommun-lodjursstraket-1-2693297562636721571",23-24m²,bostadsratt,2026-09-22T13:02:45.037086
1387091,https://www.hemnet.se/salda/lagenhet-1rum-ostermalm-nedre-gardet-stockholms-kommun-blanchegatan-14-1387091,23-24m²,bostadsratt,2026-09-22T13:02:45.037086
5469001144499969622,https://www.hemnet.se/salda/lagenhet-1rum-vasastan-ostermalm-stockholms-kommun-birger-jarlsgatan-104f-5469001144499969622,23-24m²,bostadsratt,2026-09-22T13:02:45.037087
1505062,https://www.hemnet.se/salda/lagenhet-1rum-vasastan-stockholms-kommun-volundsgatan-10-1505062,23-24m²,bostadsratt,2026-09-22T13:02:45.037088
1139681122823905121,https://www.hemnet.se/salda/lagenhet-1rum-ostermalm-nedre-gardet-stockholms-kommun-brantingsgatan-41-1139681122823905121,23-24m²,bostadsratt,2026-09-22T13:02:45.037090
1435698,https://www.hemnet.se/salda/lagenhet-1rum-sodermalm-katarina-stockholms-kommun-nytorgsgatan-15-1435698,23-24m²,bostadsratt,2026-09-22T13:02:45.037091
3422778703677090801,https://www.hemnet.se/salda/lagenhet-1rum-sodermalm-zinkensdamm-stockholms-kommun-krukmakargatan-38-3422778703677090801,23-24m²,bostadsratt,2026-09-22T13:02:45.037092
1481885,https://www.hemnet.se/salda/lagenhet-1rum-annelund-malmo-kommun-vitemollegatan-10f-1481885,23-24m²,bostadsratt,2026-09-22T13:02:45.037093
6418177938709108300,https://www.hemnet.se/salda/lagenhet-1rum-kungsholmen-stockholms-kommun-inedalsgatan-15-6418177938709108300,23-24m²,bostadsratt,2026-09-22T13:02:45.037094
3359408688001041829,"https://www.hemnet.se/salda/lagenhet-1rum-kungsholmen-nedre-kungsholmen-stockholms-kommun-john-ericssonsgatan-18,-3tr-3359408688001041829",23-24m²,bostadsratt,2026-09-22T13:02:45.037096
1394488,https://www.hemnet.se/salda/lagenhet-1rum-nobeltorget-malmo-kommun-osbygatan-7-1394488,23-24m²,bostadsratt,2026-09-22T13:02:45.037097
6655006794389145080,https://www.hemnet.se/salda/lagenhet-1rum-linkoping-linkopings-kommun-ostsvangen-1a-6655006794389145080,23-24m²,bostadsratt,2026-09-22T13:02:45.037098
3094198123157778660,"https://www.hemnet.se/salda/lagenhet-1rum-vasastan-stockholms-kommun-roslagsgatan-60,-6tr-3094198123157778660",23-24m²,bostadsratt,2026-09-22T13:02:45.037098
1402128,"https://www.hemnet.se/salda/lagenhet-1rum-sodermalm-katarina-stockholms-kommun-vastgotagatan-22,-3tr-1402128",23-24m²,bostadsratt,2026-09-22T13:02:45.037099
964648048711812541,https://www.hemnet.se/salda/lagenhet-1rum-sodermalm-stockholms-kommun-heleneborgsgatan-9b-964648048711812541,23-24m²,bostadsratt,2026-09-22T13:02:45.037100
8688126060694085055,https://www.hemnet.se/salda/lagenhet-1rum-kungsholmen-stockholms-kommun-kungsklippan-11-8688126060694085055,23-24m²,bostadsratt,2026-09-22T13:02:45.037102
118452939548261663,https://www.hemnet.se/salda/lagenhet-1rum-kungsholmen-stockholms-kommun-industrigatan-16-118452939548261663,23-24m²,bostadsratt,2026-09-22T13:02:45.037103
1456290,https://www.hemnet.se/salda/lagenhet-1rum-flemingsberg-huddinge-kommun-terapivagen-16d-1456290,23-24m²,bostadsratt,2026-09-22T13:02:45.037104
6462976481551166836,https://www.hemnet.se/salda/lagenhet-1rum-kungsangen-sala-kommun-ringgatan-38c-6462976481551166836,23-24m²,bostadsratt,2026-09-22T13:02:45.037105
1434605,https://www.hemnet.se/salda/lagenhet-1rum-bagarmossen-stockholms-kommun-emagatan-12-1434605,23-24m²,bostadsratt,2026-09-22T13:02:45.037106
6408194127440441030,"https://www.hemnet.se/salda/lagenhet-1rum-haga-norra-solna-kommun-sylvangatan-5,-van-5-6408194127440441030",23-24m²,bostadsratt,2026-09-22T13:02:45.037106
8445685652569066096,https://www.hemnet.se/salda/lagenhet-1rum-herrhagen-karlstads-kommun-bergslagsgatan-10b-8445685652569066096,23-24m²,bostadsratt,2026-09-22T13:02:45.037107
1420589,https://www.hemnet.se/salda/lagenhet-1rum-grondal-stockholms-kommun-maskinistgatan-9-1420589,23-24m²,bostadsratt,2026-09-22T13:02:45.037108
1502628,"https://www.hemnet.se/salda/lagenhet-1rum-kungsholmen-stockholms-kommun-fridhemsgatan-15,-6-tr-1502628",23-24m²,bostadsratt,2026-09-22T13:02:45.037109
1465104,https://www.hemnet.se/salda/lagenhet-1rum-ostermalm-gardet-stockholms-kommun-sandhamnsgatan-23-1465104,23-24m²,bostadsratt,2026-09-22T13:02:45.037110
1180382965650979897,https://www.hemnet.se/salda/lagenhet-1rum-sodermalm-stockholms-kommun-folkungagatan-101-1180382965650979897,23-24m²,bostadsratt,2026-09-22T13:02:45.037111
1327363439377697532,https://www.hemnet.se/salda/lagenhet-1rum-vasastan-ostermalm-stockholms-kommun-korsbarsvagen-6a-1327363439377697532,23-24m²,bostadsratt,2026-09-22T13:02:45.037111
2993986592869900185,https://www.hemnet.se/salda/lagenhet-1rum-slottsstaden-malmo-kommun-beridaregatan-20b-2993986592869900185,23-24m²,bostadsratt,2026-09-22T13:02:45.037112
7645285548934956583,"https://www.hemnet.se/salda/lagenhet-1rum-vasastan-stockholms-kommun-upplandsgatan-25,-4tr-7645285548934956583",23-24m²,bostadsratt,2026-09-22T13:02:45.037113
1494452,https://www.hemnet.se/salda/lagenhet-1rum-vasastan-sibirien-stockholms-kommun-sveavagen-140-1494452,23-24m²,bostadsratt,2026-09-22T13:02:45.037114
3825366895467874768,"https://www.hemnet.se/salda/lagenhet-1rum-sodermalm-stockholms-kommun-krukmakargatan-69,-1-tr-3825366895467874768",23-24m²,bostadsratt,2026-09-22T13:02:45.037114
259862814189337934,https://www.hemnet.se/salda/lagenhet-1rum-ostermalm-nedre-gardet-stockholms-kommun-blanchegatan-14-259862814189337934,23-24m²,bostadsratt,2026-09-22T13:02:45.037115
1507867,"https://www.hemnet.se/salda/lagenhet-1rum-centrum-vallentuna-kommun-centralvagen-4,-2tr-1507867",23-24m²,bostadsratt,2026-09-22T13:02:45.037116
8669726635914337352,https://www.hemnet.se/salda/lagenhet-1rum-gullmarsplan-stockholms-kommun-gullmarsvagen-12-8669726635914337352,23-24m²,bostadsratt,2026-09-22T13:02:45.037117
6178749239796234281,"https://www.hemnet.se/salda/lagenhet-1rum-vasastan-roda-bergen-stockholms-kommun-torbjorn-klockares-gata-13,-2-tr-6178749239796234281",23-24m²,bostadsratt,2026-09-22T13:02:45.037119
333151521103726405,https://www.hemnet.se/salda/lagenhet-1rum-runby-upplands-vasby-kommun-tradgardsvagen-19-333151521103726405,23-24m²,bostadsratt,2026-09-22T13:02:45.037121
1440711,https://www.hemnet.se/salda/lagenhet-1rum-danderyd-danderyds-kommun-morbylund-15b-1440711,23-24m²,bostadsratt,2026-09-22T13:02:45.037121
8482918516775204760,https://www.hemnet.se/salda/lagenhet-1rum-hovmantorp-lessebo-kommun-storgatan-90-8482918516775204760,23-24m²,bostadsratt,2026-09-22T13:02:45.037122
6446061700950893997,https://www.hemnet.se/salda/lagenhet-1rum-kungsholmen-stockholms-kommun-sankt-goransgatan-167-6446061700950893997,23-24m²,bostadsratt,2026-09-22T13:02:45.037123
4972687176870213378,https://www.hemnet.se/salda/lagenhet-1rum-kortedala-goteborgs-kommun-fastlagsgatan-3-4972687176870213378,23-24m²,bostadsratt,2026-09-22T13:02:45.037124
5419772164435500151,https://www.hemnet.se/salda/lagenhet-2rum-ostermalm-stockholms-kommun-valhallavagen-152-b-5419772164435500151,23-24m²,bostadsratt,2026-09-22T13:02:45.037125
1492010,https://www.hemnet.se/salda/lagenhet-1rum-gudo-haninge-kommun-gudo-avag-4c-lgh-15-1492010,23-24m²,bostadsratt,2026-09-22T13:02:45.037126
1491460,https://www.hemnet.se/salda/lagenhet-1rum-flemingsberg-huddinge-kommun-terapivagen-14a-1491460,23-24m²,bostadsratt,2026-09-22T13:02:45.037126
4923675469073190685,https://www.hemnet.se/salda/lagenhet-1rum-blekingsborg-malmo-kommun-blekingsborgsgatan-1b-4923675469073190685,23-24m²,bostadsratt,2026-09-22T13:02:45.037127
5381530899294387229,https://www.hemnet.se/salda/lagenhet-1rum-gardet-ostermalm-stockholms-kommun-vartavagen-59-5381530899294387229,23-24m²,bostadsratt,2026-09-22T13:02:45.037128
1495606,https://www.hemnet.se/salda/lagenhet-1rum-skarmarbrink-stockholms-kommun-pelargatan-7-1495606,23-24m²,bostadsratt,2026-09-22T13:02:45.037129
4979664297924784605,https://www.hemnet.se/salda/lagenhet-1rum-kungsholmen-stockholms-kommun-industrigatan-16-4979664297924784605,23-24m²,bostadsratt,2026-09-22T13:02:45.037130
3475466260809161674,https://www.hemnet.se/salda/lagenhet-1rum-vallingby-centrum-stockholms-kommun-jamtlandsgatan-74-3475466260809161674,23-24m²,bostadsratt,2026-09-22T13:02:45.037131
5460209023538330968,https://www.hemnet.se/salda/lagenhet-1rum-centrum-sodertalje-kommun-vastra-kanalgatan-11-5460209023538330968,23-24m²,bostadsratt,2026-09-22T13:02:45.037132
7617570136818709923,"https://www.hemnet.se/salda/lagenhet-1rum-grondal-stockholms-kommun-maskinistgatan-9,-2tr-7617570136818709923",23-24m²,bostadsratt,2026-09-22T13:02:45.037133
5183941074311804650,https://www.hemnet.se/salda/lagenhet-1rum-sodermalm-stockholms-kommun-tavastgatan-31-5183941074311804650,23-24m²,bostadsratt,2026-09-22T13:02:45.037134
6569277968292221680,https://www.hemnet.se/salda/lagenhet-1rum-vasastan-stockholms-kommun-surbrunnsgatan-19-6569277968292221680,23-24m²,bostadsratt,2026-09-22T13:02:45.037135
830076564630971109,https://www.hemnet.se/salda/lagenhet-1rum-birkastan-vasastan-stockholms-kommun-torsgatan-33-830076564630971109,23-24m²,bostadsratt,2026-09-22T13:02:45.037135
1433600,"https://www.hemnet.se/salda/lagenhet-1rum-bromma-beckomberga-stockholms-kommun-follingbogatan-22,-2-tr-1433600",23-24m²,bostadsratt,2026-09-22T13:02:45.037136
6873975186391375979,https://www.hemnet.se/salda/lagenhet-1rum-nedre-kungsholmen-stockholms-kommun-kungsklippan-5-6873975186391375979,23-24m²,bostadsratt,2026-09-22T13:02:45.037137
8507181640473579768,https://www.hemnet.se/salda/lagenhet-1rum-barkarbystaden-jarfalla-jarfalla-kommun-barkarbyvagen-90-8507181640473579768,23-24m²,bostadsratt,2026-09-22T13:02:45.037138
5095507808540084986,https://www.hemnet.se/salda/lagenhet-1rum-skarmarbrink-stockholms-kommun-pelargatan-7-5095507808540084986,23-24m²,bostadsratt,2026-09-22T13:02:45.037139
4226402613975302858,"https://www.hemnet.se/salda/lagenhet-1rum-vasastan-stockholms-kommun-vastmannagatan-33,-1tr-4226402613975302858",23-24m²,bostadsratt,2026-09-22T13:02:45.037140
1311820962467220531,"https://www.hemnet.se/salda/lagenhet-1rum-kungsholmen-fridhemsplan-stockholms-kommun-industrigatan-16,-6tr-1311820962467220531",23-24m²,bostadsratt,2026-09-22T13:02:45.037140
5068937930367745857,https://www.hemnet.se/salda/lagenhet-1rum-helsingborg-centrum-helsingborgs-kommun-prastgatan-32-5068937930367745857,23-24m²,bostadsratt,2026-09-22T13:02:45.037141
4783222213423082539,"https://www.hemnet.se/salda/lagenhet-1rum-sodermalm-stockholms-kommun-lundagatan-50,-3-tr-4783222213423082539",23-24m²,bostadsratt,2026-09-22T13:02:45.037142
1437569,"https://www.hemnet.se/salda/lagenhet-1rum-maria-gamla-stan-hogalid-stockholms-kommun-tavastgatan-5,-3tr-1437569",23-24m²,bostadsratt,2026-09-22T13:02:45.037144
5265112334436168396,"https://www.hemnet.se/salda/lagenhet-1rum-hammarbyhojden,-johanneshov-stockholms-kommun-finn-malmgrens-vag-2b-5265112334436168396",23-24m²,bostadsratt,2026-09-22T13:02:45.037146
7567463822960961401,"https://www.hemnet.se/salda/lagenhet-1rum-maria-stockholms-kommun-hornsgatan-64a,-3-tr-og-7567463822960961401",23-24m²,bostadsratt,2026-09-22T13:02:45.037148
2627133245925192746,https://www.hemnet.se/salda/lagenhet-1rum-norrstaden-harnosands-kommun-johan-nybergs-vag-16b-2627133245925192746,23-24m²,bostadsratt,2026-09-22T13:02:45.037149
7929484886823939479,"https://www.hemnet.se/salda/lagenhet-1rum-sodermalm-stockholms-kommun-lundagatan-50,-1-tr-7929484886823939479",23-24m²,bostadsratt,2026-09-22T13:02:45.037150
2254387689034485144,https://www.hemnet.se/salda/lagenhet-1rum-kungsholmen-stockholms-kommun-kungsklippan-11-2254387689034485144,23-24m²,bostadsratt,2026-09-22T13:02:45.037150
1526565692237688879,https://www.hemnet.se/salda/lagenhet-1rum-gardet-ostermalm-stockholms-kommun-rindogatan-12-1526565692237688879,23-24m²,bostadsratt,2026-09-22T13:02:45.037151
1709681507385961956,https://www.hemnet.se/salda/lagenhet-1rum-ribersborg-malmo-kommun-ernst-ahlgrensgatan-4a-1709681507385961956,23-24m²,bostadsratt,2026-09-22T13:02:45.037152
1430885,https://www.hemnet.se/salda/lagenhet-1rum-vallingby-stockholms-kommun-jamtlandsgatan-90-1430885,23-24m²,bostadsratt,2026-09-22T13:02:45.037153
1409209,https://www.hemnet.se/salda/lagenhet-1rum-jarnbrott-goteborgs-kommun-bildradiogatan-6-1409209,23-24m²,bostadsratt,2026-09-22T13:02:45.037154
7138741096869194007,https://www.hemnet.se/salda/lagenhet-1rum-ribersborg-malmo-kommun-ernst-ahlgrensgatan-4c-7138741096869194007,23-24m²,bostadsratt,2026-09-22T13:02:45.037155
1950193842296686185,"https://www.hemnet.se/salda/lagenhet-1rum-vasastan-city-norrmalm-stockholms-kommun-wallingatan-26b,-1tr-1950193842296686185",23-24m²,bostadsratt,2026-09-22T13:02:45.037156
1431211,"https://www.hemnet.se/salda/lagenhet-1rum-sodermalm-stockholms-kommun-slipgatan-5,-4-tr-1431211",23-24m²,bostadsratt,2026-09-22T13:02:45.037157
1154332643013666011,https://www.hemnet.se/salda/lagenhet-1rum-centrala-sundbyberg-sundbybergs-kommun-vintergatan-2e-1154332643013666011,23-24m²,bostadsratt,2026-09-22T13:02:45.037157
28578426665435668,https://www.hemnet.se/salda/lagenhet-1rum-gullmarsplan-stockholms-kommun-gullmarsvagen-8-28578426665435668,23-24m²,bostadsratt,2026-09-22T13:02:45.037158
2070911552058012122,https://www.hemnet.se/salda/lagenhet-1rum-bromma-akeslund-stockholms-kommun-tunnlandsvagen-58c-2070911552058012122,23-24m²,bostadsratt,2026-09-22T13:02:45.037159
7907848931961219555,https://www.hemnet.se/salda/lagenhet-1rum-nobeltorget-malmo-kommun-vitemollegatan-1c-7907848931961219555,23-24m²,bostadsratt,2026-09-22T13:02:45.037160
3070593107192594326,https://www.hemnet.se/salda/lagenhet-1rum-mollevangen-lunds-kommun-sofiavagen-5e-3070593107192594326,23-24m²,bostadsratt,2026-09-22T13:02:45.037162
5413641337704014350,https://www.hemnet.se/salda/lagenhet-1rum-kungsholmen-stockholms-kommun-svarvargatan-10-5413641337704014350,23-24m²,bostadsratt,2026-09-22T13:02:45.037163
2546294650211444275,https://www.hemnet.se/salda/lagenhet-1rum-valla-gottfridsberg-linkopings-kommun-ostsvangen-1a-2546294650211444275,23-24m²,bostadsratt,2026-09-22T13:02:45.037164
1430806,https://www.hemnet.se/salda/lagenhet-1rum-hagerneholm-taby-kommun-hagerneholmsvagen-7b-1430806,23-24m²,bostadsratt,2026-09-22T13:02:45.037164
328692074505796193,https://www.hemnet.se/salda/lagenhet-1rum-finnberget-nacka-kommun-finnbergsvagen-32-328692074505796193,23-24m²,bostadsratt,2026-09-22T13:02:45.037165
916388346010629227,"https://www.hemnet.se/salda/lagenhet-1rum-sodermalm-katarina-stockholms-kommun-gotgatan-96a,-3tr-916388346010629227",23-24m²,bostadsratt,2026-09-22T13:02:45.037166
6260362083126282175,https://www.hemnet.se/salda/lagenhet-1rum-lustigknopp-falu-kommun-lustigknoppsvagen-1a-6260362083126282175,23-24m²,bostadsratt,2026-09-22T13:02:45.037167
7671247574767599081,https://www.hemnet.se/salda/lagenhet-1rum-framre-luthagen-uppsala-kommun-sturegatan-3-7671247574767599081,23-24m²,bostadsratt,2026-09-22T13:02:45.037168
7076250396583796620,https://www.hemnet.se/salda/lagenhet-1rum-hoganas-uppsala-kommun-botvidsgatan-4d-7076250396583796620,23-24m²,bostadsratt,2026-09-22T13:02:45.037168
8225940712088029750,https://www.hemnet.se/salda/lagenhet-1rum-malmo-malmo-kommun-beridaregatan-20a-8225940712088029750,23-24m²,bostadsratt,2026-09-22T13:02:45.037169
4925863147127822767,"https://www.hemnet.se/salda/lagenhet-1rum-kungsholmen-fridhemsplan-stockholms-kommun-sysslomansgatan-24,-5-tr-4925863147127822767",23-24m²,bostadsratt,2026-09-22T13:02:45.037170
9104880943000193438,https://www.hemnet.se/salda/lagenhet-1rum-sodermalm-stockholms-kommun-maria-skolgata-87-9104880943000193438,23-24m²,bostadsratt,2026-09-22T13:02:45.037171
1419491,https://www.hemnet.se/salda/lagenhet-1rum-ostermalm-nedre-gardet-stockholms-kommun-erik-dahlbergsgatan-41-1419491,23-24m²,bostadsratt,2026-09-22T13:02:45.037172
7087087984568776225,https://www.hemnet.se/salda/lagenhet-1rum-sofia-stockholms-kommun-klippgatan-14c-hogst-upp-7087087984568776225,23-24m²,bostadsratt,2026-09-22T13:02:45.037174
1480326,"https://www.hemnet.se/salda/lagenhet-1rum-sodermalm-maria-stockholms-kommun-tavastgatan-18,-4tr-1480326",23-24m²,bostadsratt,2026-09-22T13:02:45.037175
6644707850926513851,"https://www.hemnet.se/salda/lagenhet-1rum-hornstull-sodermalm-stockholms-kommun-slipgatan-5,-2,5-tr-6644707850926513851",23-24m²,bostadsratt,2026-09-22T13:02:45.037176
1034222094836470993,https://www.hemnet.se/salda/lagenhet-1rum-sala-backe-uppsala-kommun-verkmastargatan-1b-1034222094836470993,23-24m²,bostadsratt,2026-09-22T13:02:45.037177
5693182966826141394,https://www.hemnet.se/salda/lagenhet-1rum-centralt-ostersunds-kommun-storgatan-60-a-5693182966826141394,23-24m²,bostadsratt,2026-09-22T13:02:45.037178
4563971644263930662,https://www.hemnet.se/salda/lagenhet-1rum-sodermalm-stockholms-kommun-tavastgatan-31-4563971644263930662,23-24m²,bostadsratt,2026-09-22T13:02:45.037178
2965785743583516778,"https://www.hemnet.se/salda/lagenhet-1,5rum-hokarangen-stockholms-kommun-russinvagen-7-2965785743583516778",23-24m²,bostadsratt,2026-09-22T13:02:45.037179
5434370392453216590,"https://www.hemnet.se/salda/lagenhet-1rum-globen-stockholms-kommun-skulptorvagen-17,-6-tr-5434370392453216590",23-24m²,bostadsratt,2026-09-22T13:02:45.037180
9190083266955657035,https://www.hemnet.se/salda/lagenhet-1rum-sodermalm-stockholms-kommun-hogalidsgatan-29-9190083266955657035,23-24m²,bostadsratt,2026-09-22T13:02:45.037181
1446925,https://www.hemnet.se/salda/lagenhet-1rum-linnestaden-goteborgs-kommun-linnegatan-69-1446925,23-24m²,bostadsratt,2026-09-22T13:02:45.037182
1419109,https://www.hemnet.se/salda/lagenhet-1rum-centrum-ostersunds-kommun-biblioteksgatan-22-1419109,23-24m²,bostadsratt,2026-09-22T13:02:45.037182
5841842707245046626,"https://www.hemnet.se/salda/lagenhet-1rum-spanga-tensta-stockholms-kommun-hjulstavagen-92,-5-tr-5841842707245046626",23-24m²,bostadsratt,2026-09-22T13:02:45.037183
6648942340453248289,https://www.hemnet.se/salda/lagenhet-1rum-ostermalm-stockholms-kommun-valhallavagen-131-6648942340453248289,23-24m²,bostadsratt,2026-09-22T13:02:45.037184
7123297730592156689,https://www.hemnet.se/salda/lagenhet-1rum-mobilia-malmo-kommun-per-albin-hanssons-vag-54a-7123297730592156689,23-24m²,bostadsratt,2026-09-22T13:02:45.037185
972925030230078626,https://www.hemnet.se/salda/lagenhet-1rum-blasut-stockholms-kommun-pastellvagen-17-972925030230078626,23-24m²,bostadsratt,2026-09-22T13:02:45.037186
8793354872877437841,"https://www.hemnet.se/salda/lagenhet-1rum-kungsholmen-fredhall-stockholms-kommun-palmbladsvagen-2,-4-tr-8793354872877437841",23-24m²,bostadsratt,2026-09-22T13:02:45.037187
1366811,https://www.hemnet.se/salda/lagenhet-1rum-globen-johanneshov-stockholms-kommun-konstgjutarvagen-28-1366811,23-24m²,bostadsratt,2026-09-22T13:02:45.037187
2762195763585904966,https://www.hemnet.se/salda/lagenhet-1rum-bagaregarden-goteborgs-kommun-falkgatan-11-2762195763585904966,23-24m²,bostadsratt,2026-09-22T13:02:45.037188
1441722,https://www.hemnet.se/salda/lagenhet-1rum-inom-vallgraven-goteborgs-kommun-stora-nygatan-3b-1441722,23-24m²,bostadsratt,2026-09-22T13:02:45.037189
4665751004357980267,https://www.hemnet.se/salda/lagenhet-1rum-blekingsborg-malmo-kommun-per-albin-hanssons-vag-50b-4665751004357980267,23-24m²,bostadsratt,2026-09-22T13:02:45.037191
7317697708897701889,https://www.hemnet.se/salda/lagenhet-1rum-danderyd-danderyds-kommun-morbylund-15b-7317697708897701889,23-24m²,bostadsratt,2026-09-22T13:02:45.037192
6454148765590649964,https://www.hemnet.se/salda/lagenhet-1rum-krutkallarbacken-vasteras-kommun-krutkallarvagen-1-6454148765590649964,23-24m²,bostadsratt,2026-09-22T13:02:45.037193
2333353386561737774,https://www.hemnet.se/salda/lagenhet-1rum-blekan-ronneby-kommun-knut-hahnsgatan-5a-2333353386561737774,23-24m²,bostadsratt,2026-09-22T13:02:45.037194
7989650026235000257,https://www.hemnet.se/salda/lagenhet-1rum-odenslund-ostersunds-kommun-skolgatan-44-c-7989650026235000257,23-24m²,bostadsratt,2026-09-22T13:02:45.037195
1686440531728480327,https://www.hemnet.se/salda/lagenhet-1rum-marsta-norra-sigtuna-kommun-dalgatan-5a-1686440531728480327,23-24m²,bostadsratt,2026-09-22T13:02:45.037197
3987276095568904809,"https://www.hemnet.se/salda/lagenhet-1rum-sodermalm-mariaberget-stockholms-kommun-tavastgatan-16,-3-tr-3987276095568904809",23-24m²,bostadsratt,2026-09-22T13:02:45.037197
1469543,https://www.hemnet.se/salda/lagenhet-1rum-orby-alvsjo-stockholms-kommun-gamla-huddingevagen-439-1469543,23-24m²,bostadsratt,2026-09-22T13:02:45.037198
9011374351630752042,https://www.hemnet.se/salda/lagenhet-1rum-runby-upplands-vasby-kommun-tradgardsvagen-17-9011374351630752042,23-24m²,bostadsratt,2026-09-22T13:02:45.037199
1441171,https://www.hemnet.se/salda/lagenhet-1rum-centralt-stenstan-sundsvalls-kommun-kyrkogatan-4-1441171,23-24m²,bostadsratt,2026-09-22T13:02:45.037200
5973846469282179770,https://www.hemnet.se/salda/lagenhet-1rum-hammarbyhojden-stockholms-kommun-lidkopingsvagen-50-5973846469282179770,23-24m²,bostadsratt,2026-09-22T13:02:45.037202
858802145956362735,"https://www.hemnet.se/salda/lagenhet-1rum-gardet-ostermalm-stockholms-kommun-furusundsgatan-15,-7-tr-858802145956362735",23-24m²,bostadsratt,2026-09-22T13:02:45.037203
2152400044397377329,"https://www.hemnet.se/salda/lagenhet-1rum-gardet-ostermalm-stockholms-kommun-vartavagen-59,-2tr-2152400044397377329",23-24m²,bostadsratt,2026-09-22T13:02:45.037204
3263306150408973413,https://www.hemnet.se/salda/lagenhet-1rum-brevik-vasterviks-kommun-breviksvagen-20-3263306150408973413,23-24m²,bostadsratt,2026-09-22T13:02:45.037205
1249970867884227453,https://www.hemnet.se/salda/lagenhet-1rum-centralt-ostersunds-kommun-storgatan-49b-1249970867884227453,23-24m²,bostadsratt,2026-09-22T13:02:45.037205
6030102005712661711,https://www.hemnet.se/salda/lagenhet-1rum-norrmalm-stockholms-kommun-david-bagares-gata-10-6030102005712661711,23-24m²,bostadsratt,2026-09-22T13:02:45.037206
4217277196075986370,https://www.hemnet.se/salda/lagenhet-1rum-falhagen-uppsala-kommun-hjalmar-brantingsgatan-19-4217277196075986370,23-24m²,bostadsratt,2026-09-22T13:02:45.037207
2698590761986828146,https://www.hemnet.se/salda/lagenhet-1rum-sommarro-uppsala-kommun-lindsbergsgatan-11-a-2698590761986828146,23-24m²,bostadsratt,2026-09-22T13:02:45.037208
2255181582319860601,https://www.hemnet.se/salda/lagenhet-1rum-grondal-stockholms-kommun-bryggvagen-4-2255181582319860601,23-24m²,bostadsratt,2026-09-22T13:02:45.037209
8365137223993627894,https://www.hemnet.se/salda/lagenhet-1rum-morbylund-danderyds-kommun-morbylund-11b-8365137223993627894,23-24m²,bostadsratt,2026-09-22T13:02:45.037209
7740560193522920013,https://www.hemnet.se/salda/lagenhet-1rum-fredhall-stockholms-kommun-ralambsvagen-54-7740560193522920013,23-24m²,bostadsratt,2026-09-22T13:02:45.037210
464119439308553052,https://www.hemnet.se/salda/lagenhet-1rum-lerum-centralt-lerums-kommun-lagman-eskils-vag-3-464119439308553052,23-24m²,bostadsratt,2026-09-22T13:02:45.037211
1505412,https://www.hemnet.se/salda/lagenhet-24m2-ostra-vi-gotlands-kommun-wilhelmina-skoghs-gata-8-1505412,23-24m²,bostadsratt,2026-09-22T13:02:45.037212
5284122500917760283,"https://www.hemnet.se/salda/lagenhet-1rum-sodermalm-maria-hogalid-stockholms-kommun-slipgatan-2,-1-tr-5284122500917760283",23-24m²,bostadsratt,2026-09-22T13:02:45.037213
2559403247269304673,https://www.hemnet.se/salda/lagenhet-1rum-sodermalm-stockholms-kommun-hogalidsgatan-29-2559403247269304673,23-24m²,bostadsratt,2026-09-22T13:02:45.037214
2261323726958708109,https://www.hemnet.se/salda/lagenhet-1rum-molndal-bosgarden-molndals-kommun-haradsgatan-26a-2261323726958708109,23-24m²,bostadsratt,2026-09-22T13:02:45.037215
655546353082204957,https://www.hemnet.se/salda/lagenhet-1rum-nedre-gardet-ostermalm-stockholms-kommun-strindbergsgatan-50-655546353082204957,23-24m²,bostadsratt,2026-09-22T13:02:45.037215
1415838,"https://www.hemnet.se/salda/lagenhet-1rum-vasastan-s-t-eriksplan-stockholms-kommun-sankt-eriksgatan-110,-1-tr-1415838",23-24m²,bostadsratt,2026-09-22T13:02:45.037216
5555739259703158309,https://www.hemnet.se/salda/lagenhet-1rum-gardet-ostermalm-stockholms-kommun-furusundsgatan-4-5555739259703158309,23-24m²,bostadsratt,2026-09-22T13:02:45.037217
1388338,"https://www.hemnet.se/salda/lagenhet-1rum-kungsholmen-stockholms-kommun-igeldammsgatan-12,-5-tr-1388338",23-24m²,bostadsratt,2026-09-22T13:02:45.037218
4880170774219206304,https://www.hemnet.se/salda/lagenhet-1rum-valla-linkopings-kommun-ostsvangen-1c-4880170774219206304,23-24m²,bostadsratt,2026-09-22T13:02:45.037219
3521075347798446289,https://www.hemnet.se/salda/lagenhet-1rum-sodercentrum-kalmar-kommun-kylegatan-13a-3521075347798446289,23-24m²,bostadsratt,2026-09-22T13:02:45.037220
1501730,https://www.hemnet.se/salda/lagenhet-24m2-centrala-sundbyberg-sundbybergs-kommun-svalgrand-4-1501730,23-24m²,bostadsratt,2026-09-22T13:02:45.037222
4971003097982447221,https://www.hemnet.se/salda/lagenhet-1rum-fredriksdal-helsingborgs-kommun-frontgatan-6-4971003097982447221,23-24m²,bostadsratt,2026-09-22T13:02:45.037222
6707870461510384453,https://www.hemnet.se/salda/lagenhet-1rum-kanberget-linkopings-kommun-djurgardsgatan-30a-6707870461510384453,23-24m²,bostadsratt,2026-09-22T13:02:45.037223
2848352866440077770,https://www.hemnet.se/salda/lagenhet-1rum-runby-upplands-vasby-kommun-tradgardsvagen-19-2848352866440077770,23-24m²,bostadsratt,2026-09-22T13:02:45.037224
973040330720922632,https://www.hemnet.se/salda/lagenhet-1rum-haga-norra-solna-kommun-sylvangatan-5-973040330720922632,23-24m²,bostadsratt,2026-09-22T13:02:45.037225
6159877800482467601,https://www.hemnet.se/salda/lagenhet-1rum-vastertorp-stockholms-kommun-isjaktsgrand-37-6159877800482467601,23-24m²,bostadsratt,2026-09-22T13:02:45.037227
8611800829328884938,https://www.hemnet.se/salda/lagenhet-1rum-lustigknopp-falu-kommun-lustigknoppsvagen-3a-8611800829328884938,23-24m²,bostadsratt,2026-09-22T13:02:45.037228
6852314037476793845,"https://www.hemnet.se/salda/lagenhet-1rum-ladugardsgardet-stockholms-kommun-rindogatan-12,-4tr-6852314037476793845",23-24m²,bostadsratt,2026-09-22T13:02:45.037229
2893481363376867077,https://www.hemnet.se/salda/lagenhet-1rum-kungsholmen-stockholms-kommun-kungsklippan-11-2893481363376867077,23-24m²,bostadsratt,2026-09-22T13:02:45.037230
48018534094295216,https://www.hemnet.se/salda/lagenhet-1rum-globen-johanneshov-stockholms-kommun-pastellvagen-15-48018534094295216,23-24m²,bostadsratt,2026-09-22T13:02:45.037230
5546277686810213824,https://www.hemnet.se/salda/lagenhet-1rum-rasunda-solna-kommun-sodra-langgatan-35a-5546277686810213824,23-24m²,bostadsratt,2026-09-22T13:02:45.037231
1475563,https://www.hemnet.se/salda/lagenhet-2rum-spanga-solhem-stockholms-kommun-ostergardsvagen-9a-1475563,23-24m²,bostadsratt,2026-09-22T13:02:45.037232
260396463875495218,https://www.hemnet.se/salda/lagenhet-1rum-grondal-stockholms-kommun-grondalsvagen-27-260396463875495218,23-24m²,bostadsratt,2026-09-22T13:02:45.037233
4548293237335905402,https://www.hemnet.se/salda/lagenhet-1rum-nol-ale-kommun-storegardsvagen-8-4548293237335905402,23-24m²,bostadsratt,2026-09-22T13:02:45.037234
2805172118090110474,"https://www.hemnet.se/salda/lagenhet-1rum-hagerneholm,-arninge-ullna-taby-kommun-hagerneholmsvagen-7b-4tr-2805172118090110474",23-24m²,bostadsratt,2026-09-22T13:02:45.037235
334738073359961384,"https://www.hemnet.se/salda/lagenhet-1rum-gardet-ostermalm-stockholms-kommun-skeppargatan-83,-5-tr-334738073359961384",23-24m²,bostadsratt,2026-09-22T13:02:45.037236
1361957,https://www.hemnet.se/salda/lagenhet-1rum-soder-jonkopings-kommun-grona-gatan-13a-1361957,23-24m²,bostadsratt,2026-09-22T13:02:45.037237
4981264169515414583,https://www.hemnet.se/salda/lagenhet-1rum-kallered-molndals-kommun-streteredsvagen-61b-4981264169515414583,23-24m²,bostadsratt,2026-09-22T13:02:45.037237
1783203240017555850,https://www.hemnet.se/salda/lagenhet-1rum-aspudden-ornsberg-stockholms-kommun-hagerstensvagen-209-1783203240017555850,23-24m²,bostadsratt,2026-09-22T13:02:45.037238
1479729,https://www.hemnet.se/salda/lagenhet-1rum-lilla-essingen-stockholms-kommun-stralgatan-47-1479729,23-24m²,bostadsratt,2026-09-22T13:02:45.037239
86364839188673207,https://www.hemnet.se/salda/lagenhet-1rum-jarnbrott-goteborgs-kommun-bildradiogatan-2-86364839188673207,23-24m²,bostadsratt,2026-09-22T13:02:45.037240
1441997,"https://www.hemnet.se/salda/lagenhet-1rum-kungsholmen-stockholms-kommun-kronobergsgatan-20,-2tr-1441997",23-24m²,bostadsratt,2026-09-22T13:02:45.037241
4230370302973700263,https://www.hemnet.se/salda/lagenhet-1rum-centrala-sundbyberg-sundbybergs-kommun-brunnsgatan-2b-4230370302973700263,23-24m²,bostadsratt,2026-09-22T13:02:45.037241
2680910297521162147,"https://www.hemnet.se/salda/lagenhet-1rum-norra-lannersta,-nacka,-saltsjo-boo-nacka-kommun-fagelstigen-2680910297521162147",23-24m²,bostadsratt,2026-09-22T13:02:45.037242
1227102811738398448,https://www.hemnet.se/salda/lagenhet-1rum-vasastan-stockholms-kommun-vastmannagatan-97-1227102811738398448,23-24m²,bostadsratt,2026-09-22T13:02:45.037243
1507155,"https://www.hemnet.se/salda/lagenhet-1rum-sodermalm-stockholms-kommun-borgargatan-8,-3tr-1507155",23-24m²,bostadsratt,2026-09-22T13:02:45.037245
8052557385916115213,https://www.hemnet.se/salda/lagenhet-1rum-aspudden-ornsberg-stockholms-kommun-hagerstensvagen-191-8052557385916115213,23-24m²,bostadsratt,2026-09-22T13:02:45.037246
3917982920030834361,https://www.hemnet.se/salda/lagenhet-1rum-globen-stockholms-kommun-skulptorvagen-17-3917982920030834361,23-24m²,bostadsratt,2026-09-22T13:02:45.037247
5354580627869133652,https://www.hemnet.se/salda/lagenhet-1rum-centrala-vasby-upplands-vasby-kommun-centralvagen-8b-5354580627869133652,23-24m²,bostadsratt,2026-09-22T13:02:45.037248
944879236693928654,"https://www.hemnet.se/salda/lagenhet-1rum-norra-lannersta,-nacka,-saltsjo-boo-nacka-kommun-fagelstigen-944879236693928654",23-24m²,bostadsratt,2026-09-22T13:02:45.037249
1475430,https://www.hemnet.se/salda/lagenhet-1rum-duvbo-sundbybergs-kommun-granlidsvagen-2-1475430,23-24m²,bostadsratt,2026-09-22T13:02:45.037250
2330194386231174226,https://www.hemnet.se/salda/lagenhet-1rum-vasastan-stockholms-kommun-tulegatan-22-2330194386231174226,23-24m²,bostadsratt,2026-09-22T13:02:45.037250
4817911981152415881,"https://www.hemnet.se/salda/lagenhet-1,5rum-kungsholmen-nedre-kungsholmen-stockholms-kommun-ehrensvardsgatan-4-4817911981152415881",23-24m²,bostadsratt,2026-09-22T13:02:45.037253
8713589259925595892,https://www.hemnet.se/salda/lagenhet-1rum-blekingsborg-malmo-kommun-per-albin-hanssons-vag-54b-8713589259925595892,23-24m²,bostadsratt,2026-09-22T13:02:45.037253
1429190,https://www.hemnet.se/salda/lagenhet-1rum-haga-umea-kommun-solvandan-2b-1429190,23-24m²,bostadsratt,2026-09-22T13:02:45.037255
5468102245363204254,https://www.hemnet.se/salda/lagenhet-1rum-oster-varbergs-kommun-ostra-vagen-67a-5468102245363204254,23-24m²,bostadsratt,2026-09-22T13:02:45.037256
4526034035120039640,https://www.hemnet.se/salda/lagenhet-1rum-salabacke-uppsala-kommun-verkmastargatan-1b-fast-pris-4526034035120039640,23-24m²,bostadsratt,2026-09-22T13:02:45.037257
5590936166376971729,https://www.hemnet.se/salda/lagenhet-1rum-centralt-vaster-nykopings-kommun-brunnsgatan-14-5590936166376971729,23-24m²,bostadsratt,2026-09-22T13:02:45.037258
3067029596385041406,https://www.hemnet.se/salda/lagenhet-1rum-kapellgardet-uppsala-kommun-orgelgatan-13-3067029596385041406,23-24m²,bostadsratt,2026-09-22T13:02:45.037259
1854126862889722577,https://www.hemnet.se/salda/lagenhet-1rum-centrala-sundbyberg-sundbybergs-kommun-vegagatan-18-1854126862889722577,23-24m²,bostadsratt,2026-09-22T13:02:45.037260
7825243852371854052,https://www.hemnet.se/salda/lagenhet-1rum-hogalid-stockholms-kommun-bergsundsgatan-14-7825243852371854052,23-24m²,bostadsratt,2026-09-22T13:02:45.037260
2489517460888483514,https://www.hemnet.se/salda/lagenhet-1rum-hasselby-norra-villastad-stockholms-kommun-snodroppsgrand-29-2489517460888483514,23-24m²,bostadsratt,2026-09-22T13:02:45.037261
2808184406993283884,https://www.hemnet.se/salda/lagenhet-1rum-centralt-upplands-vasby-kommun-centralvagen-8b-3tr-2808184406993283884,23-24m²,bostadsratt,2026-09-22T13:02:45.037262
8802063683789764140,"https://www.hemnet.se/salda/lagenhet-1,5rum-hasselby-norra-villastad-stockholms-kommun-snodroppsgrand-29-1302-8802063683789764140",23-24m²,bostadsratt,2026-09-22T13:02:45.037263
2609226942781228613,https://www.hemnet.se/salda/lagenhet-1rum-ladugardsgardet-stockholms-kommun-rindogatan-4-2609226942781228613,23-24m²,bostadsratt,2026-09-22T13:02:45.037264
2753523341843464892,"https://www.hemnet.se/salda/lagenhet-1rum-enskede-stockholms-kommun-ostrandsvagen-70a,-accepterat-pris-2753523341843464892",23-24m²,bostadsratt,2026-09-22T13:02:45.037265
5230752005507339461,https://www.hemnet.se/salda/lagenhet-1rum-gamla-rasunda-solna-kommun-postgrand-2-5230752005507339461,23-24m²,bostadsratt,2026-09-22T13:02:45.037265
942914865888467268,https://www.hemnet.se/salda/lagenhet-1rum-vasastan-stockholms-kommun-idungatan-7a-942914865888467268,23-24m²,bostadsratt,2026-09-22T13:02:45.037266
3254627128741354037,"https://www.hemnet.se/salda/lagenhet-1rum-lilla-essingen-kungsholmen-stockholms-kommun-stralgatan-21,-3tr-3254627128741354037",23-24m²,bostadsratt,2026-09-22T13:02:45.037267
1261201359301869248,https://www.hemnet.se/salda/lagenhet-1rum-brynas-gavle-kommun-sjatte-tvargatan-39-1261201359301869248,23-24m²,bostadsratt,2026-09-22T13:02:45.037268
5450228593684191397,"https://www.hemnet.se/salda/lagenhet-1rum-kungsholmen-stockholms-kommun-sven-rinmans-gata-4,-hogst-upp-kungsbalkong-5450228593684191397",23-24m²,bostadsratt,2026-09-22T13:02:45.037269
1362116,https://www.hemnet.se/salda/lagenhet-1rum-skarmarbrink-johanneshov-stockholms-kommun-pelargatan-7-1362116,23-24m²,bostadsratt,2026-09-22T13:02:45.037270
240571483649442470,https://www.hemnet.se/salda/lagenhet-1rum-blekingsborg-malmo-kommun-per-albin-hanssons-vag-54b-240571483649442470,23-24m²,bostadsratt,2026-09-22T13:02:45.037271
1377697,"https://www.hemnet.se/salda/lagenhet-1rum-rasunda-solna-kommun-rasundavagen-134,-3-tr-1377697",23-24m²,bostadsratt,2026-09-22T13:02:45.037272
1468793,https://www.hemnet.se/salda/lagenhet-1rum-centralt-svedala-kommun-hantverkaregatan-20a-1468793,23-24m²,bostadsratt,2026-09-22T13:02:45.037272
3157514762308676096,https://www.hemnet.se/salda/lagenhet-1rum-salabacke-uppsala-kommun-grona-gatan-31-b-3157514762308676096,23-24m²,bostadsratt,2026-09-22T13:02:45.037273
1489559,https://www.hemnet.se/salda/lagenhet-1rum-gardet-ostermalm-stockholms-kommun-valhallavagen-147-1489559,23-24m²,bostadsratt,2026-09-22T13:02:45.037274
5987742221640445727,"https://www.hemnet.se/salda/lagenhet-1rum-sodermalm-hornstull-stockholms-kommun-slipgatan-12,-5tr-5987742221640445727",23-24m²,bostadsratt,2026-09-22T13:02:45.037275
6415360733169908551,https://www.hemnet.se/salda/lagenhet-1rum-malmo-malmo-kommun-per-albin-hanssons-vag-52a-6415360733169908551,23-24m²,bostadsratt,2026-09-22T13:02:45.037276
1419536,https://www.hemnet.se/salda/lagenhet-1rum-tumba-botkyrka-kommun-himmelsbodavagen-30-1419536,23-24m²,bostadsratt,2026-09-22T13:02:45.037276
9086744009509253680,https://www.hemnet.se/salda/lagenhet-1rum-centrala-sundbyberg-sundbybergs-kommun-sturegatan-43-9086744009509253680,23-24m²,bostadsratt,2026-09-22T13:02:45.037277
6043222253802091823,https://www.hemnet.se/salda/lagenhet-1rum-katarina-stockholms-kommun-tjustgatan-4-6043222253802091823,23-24m²,bostadsratt,2026-09-22T13:02:45.037278
3876451793625635024,https://www.hemnet.se/salda/lagenhet-1rum-centrala-sodertalje-sodertalje-kommun-gastgivaregatan-1-3876451793625635024,23-24m²,bostadsratt,2026-09-22T13:02:45.037280
242473004700131029,https://www.hemnet.se/salda/lagenhet-1rum-kungsholmen-stockholms-kommun-kungsklippan-11-242473004700131029,23-24m²,bostadsratt,2026-09-22T13:02:45.037282
5356798246497958088,https://www.hemnet.se/salda/lagenhet-1rum-vasastaden-goteborgs-kommun-sodra-viktoriagatan-31-1101-5356798246497958088,23-24m²,bostadsratt,2026-09-22T13:02:45.037283
1488221,https://www.hemnet.se/salda/lagenhet-1rum-bergshamra-solna-kommun-jarvstigen-10-lgh-1102-1488221,23-24m²,bostadsratt,2026-09-22T13:02:45.037284
7318771843502382976,https://www.hemnet.se/salda/lagenhet-1rum-norra-soderhamn-soderhamns-kommun-kaptensgatan-3a-7318771843502382976,23-24m²,bostadsratt,2026-09-22T13:02:45.037285
910683517124038508,https://www.hemnet.se/salda/lagenhet-1rum-centralt-vasteras-kommun-engelbrektsgatan-13-910683517124038508,23-24m²,bostadsratt,2026-09-22T13:02:45.037285
694875263056737032,"https://www.hemnet.se/salda/lagenhet-1rum-sodermalm-katarina-stockholms-kommun-blekingegatan-36,-4-tr-694875263056737032",23-24m²,bostadsratt,2026-09-22T13:02:45.037286
6909268582481221186,https://www.hemnet.se/salda/lagenhet-1rum-vasastan-birkastan-stockholms-kommun-norrbackagatan-14-6909268582481221186,23-24m²,bostadsratt,2026-09-22T13:02:45.037287
8688313648904688363,https://www.hemnet.se/salda/lagenhet-1rum-lilla-essingen-kungsholmen-stockholms-kommun-essinge-brogata-22-8688313648904688363,23-24m²,bostadsratt,2026-09-22T13:02:45.037288
7708942159753699208,https://www.hemnet.se/salda/lagenhet-1rum-kungsholmen-stockholms-kommun-kungsholmsgatan-9-7708942159753699208,23-24m²,bostadsratt,2026-09-22T13:02:45.037289
3573385095662244989,"https://www.hemnet.se/salda/lagenhet-1rum-telefonplan-stockholms-kommun-diavoxvagen-32,-6-tr-3573385095662244989",23-24m²,bostadsratt,2026-09-22T13:02:45.037290
8648386489517004086,https://www.hemnet.se/salda/lagenhet-1rum-gamla-masthugget-goteborgs-kommun-bockhornsgatan-6b-8648386489517004086,23-24m²,bostadsratt,2026-09-22T13:02:45.037290
7878626498873387376,https://www.hemnet.se/salda/lagenhet-1rum-sodermalm-stockholms-kommun-bjorngardsgatan-11-7878626498873387376,23-24m²,bostadsratt,2026-09-22T13:02:45.037291
1410135,https://www.hemnet.se/salda/lagenhet-1rum-vallingby-centrum-stockholms-kommun-vittangigatan-20-1410135,23-24m²,bostadsratt,2026-09-22T13:02:45.037292
8687586102029502993,https://www.hemnet.se/salda/lagenhet-1rum-ahus-kristianstads-kommun-snidaregatan-8-a-8687586102029502993,23-24m²,bostadsratt,2026-09-22T13:02:45.037293
1417339,https://www.hemnet.se/salda/lagenhet-1rum-boras-boras-kommun-kungsgatan-44-1417339,23-24m²,bostadsratt,2026-09-22T13:02:45.037294
8334677940516760975,"https://www.hemnet.se/salda/lagenhet-1rum-sodermalm-stockholms-kommun-renstiernas-gata-30,-4-tr-8334677940516760975",23-24m²,bostadsratt,2026-09-22T13:02:45.037296
1432873,https://www.hemnet.se/salda/lagenhet-1rum-kungsholmen-nedre-kungsholmen-stockholms-kommun-kungsklippan-11-1432873,23-24m²,bostadsratt,2026-09-22T13:02:45.037296
924068124453454856,https://www.hemnet.se/salda/lagenhet-1rum-haga-norra-solna-kommun-sylvangatan-5-924068124453454856,23-24m²,bostadsratt,2026-09-22T13:02:45.037297
7700170345543178640,https://www.hemnet.se/salda/lagenhet-1rum-rasunda-solna-kommun-virebergsvagen-3-7700170345543178640,23-24m²,bostadsratt,2026-09-22T13:02:45.037298
1533433988464566162,https://www.hemnet.se/salda/lagenhet-1rum-hagerstensasen-stockholms-kommun-sparbanksvagen-14-1533433988464566162,23-24m²,bostadsratt,2026-09-22T13:02:45.037299
2486992692909273290,https://www.hemnet.se/salda/lagenhet-1rum-danviksklippan-stockholms-kommun-hastholmsvagen-10-2486992692909273290,23-24m²,bostadsratt,2026-09-22T13:02:45.037300
2011148801869276750,https://www.hemnet.se/salda/lagenhet-1rum-helenelund-sollentuna-kommun-stupvagen-19-2011148801869276750,23-24m²,bostadsratt,2026-09-22T13:02:45.037301
5847400588639372523,https://www.hemnet.se/salda/lagenhet-1rum-flemingsberg-huddinge-kommun-terapivagen-12d-5847400588639372523,23-24m²,bostadsratt,2026-09-22T13:02:45.037301
5223835364842037701,https://www.hemnet.se/salda/lagenhet-1rum-blackeberg-stockholms-kommun-elias-lonnrots-vag-9-5223835364842037701,23-24m²,bostadsratt,2026-09-22T13:02:45.037302
8750244798888694544,https://www.hemnet.se/salda/lagenhet-1rum-hogklint-gotlands-kommun-hogklint-hogklintsvagen-12-stuga-10-8750244798888694544,23-24m²,bostadsratt,2026-09-22T13:02:45.037303
1375761,https://www.hemnet.se/salda/lagenhet-1rum-krokslatt-molndals-kommun-krokslatts-parkgata-18-b-1375761,23-24m²,bostadsratt,2026-09-22T13:02:45.037304
9214414094639949880,"https://www.hemnet.se/salda/lagenhet-1rum-gardet-stockholms-kommun-erik-dahlbergsgatan-36,-1-tr-9214414094639949880",23-24m²,bostadsratt,2026-09-22T13:02:45.037305
4074657128195313732,"https://www.hemnet.se/salda/lagenhet-1rum-malarhojden-stockholms-kommun-klubbacken-32,-2-tr-4074657128195313732",23-24m²,bostadsratt,2026-09-22T13:02:45.037306
3057201523875234211,https://www.hemnet.se/salda/lagenhet-1rum-zinkensdamm-stockholms-kommun-maria-skolgata-87-3057201523875234211,23-24m²,bostadsratt,2026-09-22T13:02:45.037310
9207023074739513789,https://www.hemnet.se/salda/lagenhet-1rum-sodermalm-stockholms-kommun-heleneborgsgatan-20-9207023074739513789,23-24m²,bostadsratt,2026-09-22T13:02:45.037311
6675866671147036126,https://www.hemnet.se/salda/lagenhet-1rum-jakobsberg-jarfalla-kommun-frihetsvagen-17-6675866671147036126,23-24m²,bostadsratt,2026-09-22T13:02:45.037311
8357091514767666964,"https://www.hemnet.se/salda/lagenhet-1rum-vasastan-odenplan-stockholms-kommun-vastmannagatan-97,-2tr-8357091514767666964",23-24m²,bostadsratt,2026-09-22T13:02:45.037312
1687901989999246265,https://www.hemnet.se/salda/lagenhet-1rum-lilla-essingen-stockholms-kommun-essinge-brogata-5-1687901989999246265,23-24m²,bostadsratt,2026-09-22T13:02:45.037314
1505512,https://www.hemnet.se/salda/lagenhet-1rum-flemingsberg-huddinge-kommun-terapivagen-14d-1505512,23-24m²,bostadsratt,2026-09-22T13:02:45.037315
5667178316034039437,"https://www.hemnet.se/salda/lagenhet-1rum-nacka-finntorp-nacka-kommun-tallidsvagen-7,-2tr-5667178316034039437",23-24m²,bostadsratt,2026-09-22T13:02:45.037316
1399968,https://www.hemnet.se/salda/lagenhet-1rum-tynnered-goteborgs-kommun-briljantgatan-86b-1399968,23-24m²,bostadsratt,2026-09-22T13:02:45.037317
6735785260721156333,"https://www.hemnet.se/salda/lagenhet-1rum-finntorp,-nacka-nacka-kommun-finntorpsvagen-3-6735785260721156333",23-24m²,bostadsratt,2026-09-22T13:02:45.037318
735302910338570558,https://www.hemnet.se/salda/lagenhet-1rum-kungsholmen-stockholms-kommun-kungsklippan-11-735302910338570558,23-24m²,bostadsratt,2026-09-22T13:02:45.037319
4653131637456375449,https://www.hemnet.se/salda/lagenhet-1rum-gardet-stockholms-kommun-tegeluddsvagen-30-4653131637456375449,23-24m²,bostadsratt,2026-09-22T13:02:45.037319
9172831574594367634,https://www.hemnet.se/salda/lagenhet-1rum-ostermalm-stockholms-kommun-oxenstiernsgatan-35-9172831574594367634,23-24m²,bostadsratt,2026-09-22T13:02:45.037320
1816720470818231083,https://www.hemnet.se/salda/lagenhet-1rum-soder-gavle-kommun-brunnsgatan-51b-1816720470818231083,23-24m²,bostadsratt,2026-09-22T13:02:45.037321
3534056345841237381,https://www.hemnet.se/salda/lagenhet-1rum-hammarbyhojden-stockholms-kommun-pelargatan-7-3534056345841237381,23-24m²,bostadsratt,2026-09-22T13:02:45.037322
1372619,"https://www.hemnet.se/salda/lagenhet-1,5rum-orby-stockholms-kommun-gamla-huddingevagen-439-b-1372619",23-24m²,bostadsratt,2026-09-22T13:02:45.037323
6224265727511913712,https://www.hemnet.se/salda/lagenhet-1rum-luthagen-uppsala-kommun-tegnergatan-25c-6224265727511913712,23-24m²,bostadsratt,2026-09-22T13:02:45.037323
8469746753285199877,https://www.hemnet.se/salda/lagenhet-1rum-gullmarsplan-stockholms-kommun-gullmarsvagen-8-8469746753285199877,23-24m²,bostadsratt,2026-09-22T13:02:45.037324
1396374,"https://www.hemnet.se/salda/lagenhet-1rum-bromma-alsten-stockholms-kommun-vesslevagen-40,-2tr-1396374",23-24m²,bostadsratt,2026-09-22T13:02:45.037325
5314292624771562990,https://www.hemnet.se/salda/lagenhet-1rum-mariero-vanersborgs-kommun-adolf-andersohnsgatan-10-c-5314292624771562990,23-24m²,bostadsratt,2026-09-22T13:02:45.037326
1511112,https://www.hemnet.se/salda/lagenhet-1rum-ranten-falkopings-kommun-jarnvagsgatan-22a-1511112,23-24m²,bostadsratt,2026-09-22T13:02:45.037327
3902158473818952020,"https://www.hemnet.se/salda/lagenhet-1rum-kungsholmen-stockholms-kommun-industrigatan-16,-6tr-3902158473818952020",23-24m²,bostadsratt,2026-09-22T13:02:45.037327
6247607524537722212,https://www.hemnet.se/salda/lagenhet-1rum-haga-norra-solna-kommun-sylvangatan-5-6247607524537722212,23-24m²,bostadsratt,2026-09-22T13:02:45.037328
1030249487330556594,"https://www.hemnet.se/salda/lagenhet-1rum-blekingsborg,-malmo-malmo-kommun-per-albin-hanssons-vag-56b-1030249487330556594",23-24m²,bostadsratt,2026-09-22T13:02:45.037329
1411765,https://www.hemnet.se/salda/lagenhet-1rum-falhagen-uppsala-kommun-petterslundsgatan-14-e-1411765,23-24m²,bostadsratt,2026-09-22T13:02:45.037330
6693115380753541567,https://www.hemnet.se/salda/lagenhet-1rum-hogberget-ludvika-kommun-furuhallsgatan-16-b-6693115380753541567,23-24m²,bostadsratt,2026-09-22T13:02:45.037331
1451774,"https://www.hemnet.se/salda/lagenhet-1rum-haga-norra-solna-kommun-sylvangatan-5,-van-2-av-7-1451774",23-24m²,bostadsratt,2026-09-22T13:02:45.037332
2548957648981116841,https://www.hemnet.se/salda/lagenhet-1rum-skondal-stockholms-kommun-perstorpsvagen-110-2548957648981116841,23-24m²,bostadsratt,2026-09-22T13:02:45.037333
4045953393945082747,https://www.hemnet.se/salda/lagenhet-1rum-eriksberg-goteborgs-kommun-bratterasgatan-72-4045953393945082747,23-24m²,bostadsratt,2026-09-22T13:02:45.037333
8849676256977460871,https://www.hemnet.se/salda/lagenhet-1rum-vallastaden-linkopings-kommun-nanna-svartz-gata-6c-8849676256977460871,23-24m²,bostadsratt,2026-09-22T13:02:45.037336
5724302833223792304,"https://www.hemnet.se/salda/lagenhet-1rum-vasastan-stockholms-kommun-roslagsgatan-29a,-4tr-5724302833223792304",23-24m²,bostadsratt,2026-09-22T13:02:45.037337
8585705102253262962,"https://www.hemnet.se/salda/lagenhet-1rum-ostermalm-stockholms-kommun-valhallavagen-47,-1-tr-8585705102253262962",23-24m²,bostadsratt,2026-09-22T13:02:45.037338
5227048840412440661,https://www.hemnet.se/salda/lagenhet-1rum-slottsstaden-malmo-kommun-mariedalsvagen-49a-5227048840412440661,23-24m²,bostadsratt,2026-09-22T13:02:45.037339
3668735616034820677,https://www.hemnet.se/salda/lagenhet-1rum-beckomberga-stockholms-kommun-follingbogatan-18-3668735616034820677,23-24m²,bostadsratt,2026-09-22T13:02:45.037339
3574398470235133668,https://www.hemnet.se/salda/lagenhet-1rum-kungsholmen-stockholms-kommun-kungsholmsgatan-9-3574398470235133668,23-24m²,bostadsratt,2026-09-22T13:02:45.037340
6992812614923791565,https://www.hemnet.se/salda/lagenhet-1rum-vallastaden-linkopings-kommun-nanna-svartz-gata-6g-6992812614923791565,23-24m²,bostadsratt,2026-09-22T13:02:45.037341
4047173045313585983,https://www.hemnet.se/salda/lagenhet-1rum-flemingsberg-huddinge-kommun-terapivagen-16c-4047173045313585983,23-24m²,bostadsratt,2026-09-22T13:02:45.037342
940314036759804948,https://www.hemnet.se/salda/lagenhet-1rum-flemingsberg-huddinge-kommun-terapivagen-14c-940314036759804948,23-24m²,bostadsratt,2026-09-22T13:02:45.037344
4971089570808464743,https://www.hemnet.se/salda/lagenhet-1rum-kungsholmen-kungsklippan-stockholms-kommun-kungsklippan-11-4971089570808464743,23-24m²,bostadsratt,2026-09-22T13:02:45.037345
8350360319200454757,https://www.hemnet.se/salda/lagenhet-1rum-sodermalm-maria-hogalid-stockholms-kommun-maria-skolgata-87-8350360319200454757,23-24m²,bostadsratt,2026-09-22T13:02:45.037346
5101867677340291742,"https://www.hemnet.se/salda/lagenhet-1,5rum-ostermalm-gardet-stockholms-kommun-rindogatan-25-5101867677340291742",23-24m²,bostadsratt,2026-09-22T13:02:45.037346
4353448507038107383,https://www.hemnet.se/salda/lagenhet-1rum-harnosand-harnosands-kommun-gadeavagen-14-4353448507038107383,23-24m²,bostadsratt,2026-09-22T13:02:45.037347
5629278858839188619,https://www.hemnet.se/salda/lagenhet-1rum-rasunda-solna-kommun-charlottenburgsvagen-32c-5629278858839188619,23-24m²,bostadsratt,2026-09-22T13:02:45.037348
1276259416443076652,"https://www.hemnet.se/salda/lagenhet-1rum-lilla-essingen-kungsholmen-stockholms-kommun-stralgatan-8,-van-6-1276259416443076652",23-24m²,bostadsratt,2026-09-22T13:02:45.037350
1427069,https://www.hemnet.se/salda/lagenhet-1rum-johanneberg-goteborgs-kommun-lemansgatan-10-1427069,23-24m²,bostadsratt,2026-09-22T13:02:45.037351
8426229809393097370,"https://www.hemnet.se/salda/lagenhet-1rum-ostermalm-stockholms-kommun-kommendorsgatan-38,-4-tr-8426229809393097370",23-24m²,bostadsratt,2026-09-22T13:02:45.037352
1539641083448015514,"https://www.hemnet.se/salda/lagenhet-1,5rum-lindholmen-goteborgs-kommun-lindholmshamnen-40-1539641083448015514",23-24m²,bostadsratt,2026-09-22T13:02:45.037353
2554170696538974785,https://www.hemnet.se/salda/lagenhet-1rum-valle-broar-vaxjo-kommun-anna-koskulls-gata1a-2554170696538974785,23-24m²,bostadsratt,2026-09-22T13:02:45.037354
1439439,https://www.hemnet.se/salda/lagenhet-1rum-slottsstaden-malmo-kommun-beridaregatan-20b-1439439,23-24m²,bostadsratt,2026-09-22T13:02:45.037355
604521792595699815,https://www.hemnet.se/salda/lagenhet-1rum-sodermalm-hornstull-stockholms-kommun-bergsundsgatan-14-604521792595699815,23-24m²,bostadsratt,2026-09-22T13:02:45.037356
253142716962186481,https://www.hemnet.se/salda/lagenhet-1rum-solna-solna-kommun-kyrkbacken-9-253142716962186481,23-24m²,bostadsratt,2026-09-22T13:02:45.037357
3722500044552518858,"https://www.hemnet.se/salda/lagenhet-1rum-kungsholmen-stockholms-kommun-kungsklippan-11,-5-tr-3722500044552518858",23-24m²,bostadsratt,2026-09-22T13:02:45.037357
3896022596262068203,"https://www.hemnet.se/salda/lagenhet-1rum-luossavaara-kiruna-kommun-dubengatan-29-b-van,2-3896022596262068203",23-24m²,bostadsratt,2026-09-22T13:02:45.037358
1979293877257837180,https://www.hemnet.se/salda/lagenhet-1rum-blekingsborg-malmo-kommun-per-albin-hanssons-vag-50a-1979293877257837180,23-24m²,bostadsratt,2026-09-22T13:02:45.037359
1470843,https://www.hemnet.se/salda/lagenhet-2rum-glado-kvarn-huddinge-kommun-osterangsvagen-1470843,23-24m²,bostadsratt,2026-09-22T13:02:45.037360
2042338277130799568,https://www.hemnet.se/salda/lagenhet-1rum-johanneshov-stockholms-kommun-pastellvagen-15-2042338277130799568,23-24m²,bostadsratt,2026-09-22T13:02:45.037361
1560067941033283305,https://www.hemnet.se/salda/lagenhet-1rum-ostermalm-stockholms-kommun-grevgatan-19-1560067941033283305,23-24m²,bostadsratt,2026-09-22T13:02:45.037363
1430308,https://www.hemnet.se/salda/lagenhet-1rum-haga-umea-kommun-solvandan-6a-1430308,23-24m²,bostadsratt,2026-09-22T13:02:45.037364
1504329,https://www.hemnet.se/salda/lagenhet-1rum-centralt-norr-gavle-kommun-norra-kungsgatan-33-1504329,23-24m²,bostadsratt,2026-09-22T13:02:45.037365
341518712214477299,https://www.hemnet.se/salda/lagenhet-1rum-nobeltorget-malmo-kommun-brobygatan-3-341518712214477299,23-24m²,bostadsratt,2026-09-22T13:02:45.037365
2264885484558193883,https://www.hemnet.se/salda/lagenhet-1rum-korsta-sundsvalls-kommun-klippgatan-16-2264885484558193883,23-24m²,bostadsratt,2026-09-22T13:02:45.037366
5765236408190904868,https://www.hemnet.se/salda/lagenhet-1rum-roda-bergen-vasastan-stockholms-kommun-torsgatan-74-5765236408190904868,23-24m²,bostadsratt,2026-09-22T13:02:45.037367
1413594,"https://www.hemnet.se/salda/lagenhet-1rum-vasastan-sibirien-stockholms-kommun-roslagsgatan-29a,-3tr-1413594",23-24m²,bostadsratt,2026-09-22T13:02:45.037368
2768542614314888703,https://www.hemnet.se/salda/lagenhet-1rum-johanneshov-stockholms-kommun-pastellvagen-17-2768542614314888703,23-24m²,bostadsratt,2026-09-22T13:02:45.037369
1768974781175614693,"https://www.hemnet.se/salda/lagenhet-1rum-solna-solna-kommun-rasundavagen-134,-5tr-1768974781175614693",23-24m²,bostadsratt,2026-09-22T13:02:45.037370
6467431766223351465,"https://www.hemnet.se/salda/lagenhet-1rum-sodermalm-maria-hogalid-stockholms-kommun-hogalidsgatan-29,-1,5-tr-6467431766223351465",23-24m²,bostadsratt,2026-09-22T13:02:45.037371
1394105,https://www.hemnet.se/salda/lagenhet-1rum-flemingsberg-huddinge-kommun-terapivagen-18c-1394105,23-24m²,bostadsratt,2026-09-22T13:02:45.037372
8767431135174705004,"https://www.hemnet.se/salda/lagenhet-1rum-gardet-stockholms-kommun-olaus-petrigatan-10,-3-tr-8767431135174705004",23-24m²,bostadsratt,2026-09-22T13:02:45.037372
6084006102212217251,"https://www.hemnet.se/salda/lagenhet-1rum-rasunda-solna-kommun-nyckelvagen-4,-van-5-5-6084006102212217251",23-24m²,bostadsratt,2026-09-22T13:02:45.037373
5164799276531029577,https://www.hemnet.se/salda/lagenhet-1rum-kungsholmen-kungsklippan-stockholms-kommun-kungsklippan-11-5164799276531029577,23-24m²,bostadsratt,2026-09-22T13:02:45.037375
1426080,https://www.hemnet.se/salda/lagenhet-1rum-lilla-essingen-kungsholmen-stockholms-kommun-stralgatan-21-1426080,23-24m²,bostadsratt,2026-09-22T13:02:45.037376
2966919725288370463,https://www.hemnet.se/salda/lagenhet-1rum-valla-linkopings-kommun-ostsvangen-1a-2966919725288370463,23-24m²,bostadsratt,2026-09-22T13:02:45.037377
100698131469997501,https://www.hemnet.se/salda/lagenhet-1rum-vasastan-sibirien-stockholms-kommun-roslagsgatan-54-100698131469997501,23-24m²,bostadsratt,2026-09-22T13:02:45.037378
5916313568925999204,https://www.hemnet.se/salda/lagenhet-1rum-centrala-huddinge-huddinge-kommun-edsvagen-9-5916313568925999204,23-24m²,bostadsratt,2026-09-22T13:02:45.037379
5092744895973751082,"https://www.hemnet.se/salda/lagenhet-1rum-ostermalmstorg-stureplan-stockholms-kommun-linnegatan-39b,4tr-5092744895973751082",23-24m²,bostadsratt,2026-09-22T13:02:45.037380
6426189960921324758,https://www.hemnet.se/salda/lagenhet-1rum-kungsholmen-stockholms-kommun-industrigatan-9-6426189960921324758,23-24m²,bostadsratt,2026-09-22T13:02:45.037380
3375165204630634886,https://www.hemnet.se/salda/lagenhet-1rum-hagerneholm-taby-kommun-hagerneholmsvagen-7a-3375165204630634886,23-24m²,bostadsratt,2026-09-22T13:02:45.037381
1375144,"https://www.hemnet.se/salda/lagenhet-1rum-morbylund-danderyds-kommun-morbylund-15b,-1-tr,-1375144",23-24m²,bostadsratt,2026-09-22T13:02:45.037382
5307617663701690692,https://www.hemnet.se/salda/lagenhet-1rum-hornstull-sodermalm-stockholms-kommun-bergsunds-strand-5-5307617663701690692,23-24m²,bostadsratt,2026-09-22T13:02:45.037383
8415762587316454193,https://www.hemnet.se/salda/lagenhet-1rum-city-slussen-malmo-kommun-fredriksbergsgatan-8-8415762587316454193,23-24m²,bostadsratt,2026-09-22T13:02:45.037384
6047194858625179733,"https://www.hemnet.se/salda/lagenhet-1,5rum-hasselby-norra-villastad-stockholms-kommun-snodroppsgrand-31-6047194858625179733",23-24m²,bostadsratt,2026-09-22T13:02:45.037385
2401021915447013034,https://www.hemnet.se/salda/lagenhet-1rum-blasut-stockholms-kommun-skarmarbrinksvagen-10-2401021915447013034,23-24m²,bostadsratt,2026-09-22T13:02:45.037386
7754346894533123570,"https://www.hemnet.se/salda/lagenhet-1rum-nedre-gardet-ostermalm-stockholms-kommun-olaus-petrigatan-12,-2tr-7754346894533123570",23-24m²,bostadsratt,2026-09-22T13:02:45.037386
1469728,https://www.hemnet.se/salda/lagenhet-1rum-centralt-gavle-kommun-norra-kungsgatan-33-1469728,23-24m²,bostadsratt,2026-09-22T13:02:45.037387
1430636,https://www.hemnet.se/salda/lagenhet-1rum-malarhojden-stockholms-kommun-klubbacken-32-1430636,23-24m²,bostadsratt,2026-09-22T13:02:45.037388
7698349470718608739,https://www.hemnet.se/salda/lagenhet-1rum-ellstorp-malmo-kommun-sallerupsvagen-32g-7698349470718608739,23-24m²,bostadsratt,2026-09-22T13:02:45.037389
3008077796574760005,https://www.hemnet.se/salda/lagenhet-1rum-telefonplan-midsommarkransen-stockholms-kommun-diavoxvagen-32-3008077796574760005,23-24m²,bostadsratt,2026-09-22T13:02:45.037391
1435932,"https://www.hemnet.se/salda/lagenhet-1rum-sofia-stockholms-kommun-ljusterogatan-5,-5-tr-1435932",23-24m²,bostadsratt,2026-09-22T13:02:45.037392
6481830633206461478,https://www.hemnet.se/salda/lagenhet-1rum-nobeltorget-malmo-kommun-vitemollegatan-10f-6481830633206461478,23-24m²,bostadsratt,2026-09-22T13:02:45.037392
1439355,https://www.hemnet.se/salda/lagenhet-1rum-gottfridsberg-linkopings-kommun-orngatan-15-1439355,23-24m²,bostadsratt,2026-09-22T13:02:45.037393
8961364209865408555,https://www.hemnet.se/salda/lagenhet-1rum-lindholmen-goteborgs-kommun-lodjursstraket-1-karlatornet-tilltrade-i-augusti-8961364209865408555,23-24m²,bostadsratt,2026-09-22T13:02:45.037394
416208276479598136,https://www.hemnet.se/salda/lagenhet-1rum-hornstull-hogalid-stockholms-kommun-brannkyrkagatan-92a-416208276479598136,23-24m²,bostadsratt,2026-09-22T13:02:45.037395
758426723835879740,https://www.hemnet.se/salda/lagenhet-1rum-kungsholmen-stockholms-kommun-alstromergatan-49-758426723835879740,23-24m²,bostadsratt,2026-09-22T13:02:45.037396
982182342603043623,https://www.hemnet.se/salda/lagenhet-1rum-blekingsborg-malmo-kommun-per-albin-hanssons-vag-50a-982182342603043623,23-24m²,bostadsratt,2026-09-22T13:02:45.037398
830376878977896212,https://www.hemnet.se/salda/lagenhet-1rum-vasastan-sibirien-stockholms-kommun-birger-jarlsgatan-99-c-830376878977896212,23-24m²,bostadsratt,2026-09-22T13:02:45.037399
788569559253849265,https://www.hemnet.se/salda/lagenhet-1rum-karrtorp-stockholms-kommun-fyrskeppsvagen-45-788569559253849265,23-24m²,bostadsratt,2026-09-22T13:02:45.037400
2753575151848720438,https://www.hemnet.se/salda/lagenhet-1rum-luthagen-uppsala-kommun-tegnergatan-33a-2753575151848720438,23-24m²,bostadsratt,2026-09-22T13:02:45.037401
5971451104000826887,"https://www.hemnet.se/salda/lagenhet-1rum-kungsholmen-stockholms-kommun-kungsklippan-11,-3-tr-5971451104000826887",23-24m²,bostadsratt,2026-09-22T13:02:45.037402
1489999,"https://www.hemnet.se/salda/lagenhet-1rum-vallingby-centrum-stockholms-kommun-vittangigatan-1-vaning-7,5-1489999",23-24m²,bostadsratt,2026-09-22T13:02:45.037402
6727454449607155442,"https://www.hemnet.se/salda/lagenhet-1rum-gardet-stockholms-kommun-smedsbacksgatan-8,-2-tr-6727454449607155442",23-24m²,bostadsratt,2026-09-22T13:02:45.037403
293516665421346285,"https://www.hemnet.se/salda/lagenhet-1rum-kungsholmen-stockholms-kommun-kungsklippan-11,-4tr-293516665421346285",23-24m²,bostadsratt,2026-09-22T13:02:45.037405
1553974176374435020,"https://www.hemnet.se/salda/lagenhet-1rum-rasunda-solna-kommun-rasundavagen-134,-5tr-1553974176374435020",23-24m²,bostadsratt,2026-09-22T13:02:45.037406
7661928778364840703,https://www.hemnet.se/salda/lagenhet-1rum-sodermalm-katarina-sofia-stockholms-kommun-nytorgsgatan-15a-7661928778364840703,23-24m²,bostadsratt,2026-09-22T13:02:45.037407
4910721122128618847,https://www.hemnet.se/salda/lagenhet-1rum-ostermalm-nedre-gardet-stockholms-kommun-skeppargatan-98-4910721122128618847,23-24m²,bostadsratt,2026-09-22T13:02:45.037407
1438939,https://www.hemnet.se/salda/lagenhet-1rum-morbylund-danderyds-kommun-morbylund-13b-1438939,23-24m²,bostadsratt,2026-09-22T13:02:45.037408
6065192340679028743,https://www.hemnet.se/salda/lagenhet-1rum-stora-essingen-stockholms-kommun-essingetorget-37-6065192340679028743,23-24m²,bostadsratt,2026-09-22T13:02:45.037409
8858171916487974457,"https://www.hemnet.se/salda/lagenhet-1rum-sodermalm-maria-hogalid-stockholms-kommun-heleneborgsgatan-20,-van-2-8858171916487974457",23-24m²,bostadsratt,2026-09-22T13:02:45.037410
7520629574335949651,https://www.hemnet.se/salda/lagenhet-1rum-gudo-haninge-kommun-gudo-avag-4c-7520629574335949651,23-24m²,bostadsratt,2026-09-22T13:02:45.037411
1442971,https://www.hemnet.se/salda/lagenhet-1rum-falhagen-uppsala-kommun-hjalmar-brantingsgatan-5a-1442971,23-24m²,bostadsratt,2026-09-22T13:02:45.037412
4227885588504783021,https://www.hemnet.se/salda/lagenhet-1rum-nockeby-stockholms-kommun-nockeby-torg-11a-4227885588504783021,23-24m²,bostadsratt,2026-09-22T13:02:45.037413
7492715806233641552,https://www.hemnet.se/salda/lagenhet-1rum-kungsholmen-stockholms-kommun-sysslomansgatan-26-7492715806233641552,23-24m²,bostadsratt,2026-09-22T13:02:45.037413
8328863890488637723,https://www.hemnet.se/salda/lagenhet-1rum-viken-karlstads-kommun-konduktorsgatan-6-8328863890488637723,23-24m²,bostadsratt,2026-09-22T13:02:45.037414
4866298680290134501,https://www.hemnet.se/salda/lagenhet-1rum-kvarntorget-landskrona-kommun-vagnmansgatan-7a-4866298680290134501,23-24m²,bostadsratt,2026-09-22T13:02:45.037415
1653035662139513044,https://www.hemnet.se/salda/lagenhet-1rum-falhagen-uppsala-kommun-petterslundsgatan-14e-1653035662139513044,23-24m²,bostadsratt,2026-09-22T13:02:45.037416
5170908737660365476,https://www.hemnet.se/salda/lagenhet-1rum-globen-johanneshov-stockholms-kommun-pastellvagen-15-5170908737660365476,23-24m²,bostadsratt,2026-09-22T13:02:45.037418
5341403816076416668,https://www.hemnet.se/salda/lagenhet-1rum-blackeberg-stockholms-kommun-elias-lonnrots-vag-9-5341403816076416668,23-24m²,bostadsratt,2026-09-22T13:02:45.037419
9176426899098325097,https://www.hemnet.se/salda/lagenhet-1rum-rosenkalla-nykopings-kommun-erikslundsvagen-5-9176426899098325097,23-24m²,bostadsratt,2026-09-22T13:02:45.037420
3729455989475772161,https://www.hemnet.se/salda/lagenhet-1rum-gardet-ostermalm-stockholms-kommun-rindogatan-28-3729455989475772161,23-24m²,bostadsratt,2026-09-22T13:02:45.037421
4973812323666893342,"https://www.hemnet.se/salda/lagenhet-1rum-lilla-essingen-kungsholmen-stockholms-kommun-stralgatan-47,-van-4-av-4-4973812323666893342",23-24m²,bostadsratt,2026-09-22T13:02:45.037422
1365573,https://www.hemnet.se/salda/lagenhet-1rum-skarmarbrink-stockholms-kommun-pelargatan-7-1365573,23-24m²,bostadsratt,2026-09-22T13:02:45.037423
3819399618772239991,"https://www.hemnet.se/salda/lagenhet-1rum-vasastan-city-stockholms-kommun-vastmannagatan-33,-1tr-3819399618772239991",23-24m²,bostadsratt,2026-09-22T13:02:45.037424
6380764919097793088,https://www.hemnet.se/salda/lagenhet-1rum-kirseberg-malmo-kommun-vattenverksvagen-41b-6380764919097793088,23-24m²,bostadsratt,2026-09-22T13:02:45.037424
1425572,"https://www.hemnet.se/salda/lagenhet-1,5rum-lindholmen-goteborgs-kommun-lindholmshamnen-19-1425572",23-24m²,bostadsratt,2026-09-22T13:02:45.037425
1460207,https://www.hemnet.se/salda/lagenhet-1rum-centrum-uppsala-kommun-drottninggatan-6c-1460207,23-24m²,bostadsratt,2026-09-22T13:02:45.037426
5381690477461981622,"https://www.hemnet.se/salda/lagenhet-1rum-kungsholmen,-kristineberg-stockholms-kommun-lidnersplan-12-5381690477461981622",23-24m²,bostadsratt,2026-09-22T13:02:45.037427
3821269277150953441,https://www.hemnet.se/salda/lagenhet-1rum-vasastaden-vasteras-kommun-floragatan-21-3821269277150953441,23-24m²,bostadsratt,2026-09-22T13:02:45.037428
1469651,"https://www.hemnet.se/salda/lagenhet-1rum-norr-malarstrand-stockholms-kommun-pontonjargatan-33,-van-3-1469651",23-24m²,bostadsratt,2026-09-22T13:02:45.037428
9151771009563226084,https://www.hemnet.se/salda/lagenhet-1rum-flemingsberg-huddinge-kommun-terapivagen-16-c-9151771009563226084,23-24m²,bostadsratt,2026-09-22T13:02:45.037429
3768663195722393440,"https://www.hemnet.se/salda/lagenhet-1,5rum-maria-stockholms-kommun-tjustgatan-2-3768663195722393440",23-24m²,bostadsratt,2026-09-22T13:02:45.037430
1440632,https://www.hemnet.se/salda/lagenhet-1rum-sodermalm-sofia-stockholms-kommun-rutger-fuchsgatan-4-1440632,23-24m²,bostadsratt,2026-09-22T13:02:45.037431
8533337246884181468,https://www.hemnet.se/salda/lagenhet-1rum-vasastan-stockholms-kommun-vanadisvagen-31b-8533337246884181468,23-24m²,bostadsratt,2026-09-22T13:02:45.037432
7973347788887266018,https://www.hemnet.se/salda/lagenhet-1rum-johannelund-linkopings-kommun-munkhagsgatan-90-7973347788887266018,23-24m²,bostadsratt,2026-09-22T13:02:45.037433
2015964330373823120,"https://www.hemnet.se/salda/lagenhet-1rum-sodermalm-stockholms-kommun-skinnarviksringen-2,-3tr-2015964330373823120",23-24m²,bostadsratt,2026-09-22T13:02:45.037435
1453089263458303737,https://www.hemnet.se/salda/lagenhet-1rum-hagerstensasen-stockholms-kommun-arvodesvagen-8-1453089263458303737,23-24m²,bostadsratt,2026-09-22T13:02:45.037435
9172884843924020836,https://www.hemnet.se/salda/lagenhet-1rum-folkets-park-malmo-kommun-solvesborgsgatan-3a-9172884843924020836,23-24m²,bostadsratt,2026-09-22T13:02:45.037436
1377145,https://www.hemnet.se/salda/lagenhet-1rum-morbylund-danderyds-kommun-morbylund-15b-1377145,23-24m²,bostadsratt,2026-09-22T13:02:45.037437
9214737722042715226,"https://www.hemnet.se/salda/lagenhet-1,5rum-runsten-haninge-kommun-runstens-byvag-82b-9214737722042715226",23-24m²,bostadsratt,2026-09-22T13:02:45.037438
7323508234532627158,https://www.hemnet.se/salda/lagenhet-1rum-viken-karlstads-kommun-konduktorsgatan-6-7323508234532627158,23-24m²,bostadsratt,2026-09-22T13:02:45.037439
2993491677388792263,https://www.hemnet.se/salda/lagenhet-1rum-vasastan-birkastan-stockholms-kommun-rorstrandsgatan-48a-2993491677388792263,23-24m²,bostadsratt,2026-09-22T13:02:45.037440
4018051812004459087,https://www.hemnet.se/salda/lagenhet-1rum-karrtorp-stockholms-kommun-gashallsvagen-10-4018051812004459087,23-24m²,bostadsratt,2026-09-22T13:02:45.037440
4692562704454632909,https://www.hemnet.se/salda/lagenhet-1rum-centrum-linkopings-kommun-sturegatan-5-4692562704454632909,23-24m²,bostadsratt,2026-09-22T13:02:45.037441
2746339927018646981,https://www.hemnet.se/salda/lagenhet-1rum-ornskoldsvik-norra-ornskoldsviks-kommun-angermanlandsgatan-18-2746339927018646981,23-24m²,bostadsratt,2026-09-22T13:02:45.037442
9120269028899131559,https://www.hemnet.se/salda/lagenhet-1rum-haga-norra-solna-kommun-sylvangatan-9-9120269028899131559,23-24m²,bostadsratt,2026-09-22T13:02:45.037444
6062468134207985213,https://www.hemnet.se/salda/lagenhet-1rum-valla-gottfridsberg-linkopings-kommun-ostsvangen-1c-6062468134207985213,23-24m²,bostadsratt,2026-09-22T13:02:45.037445
8236587865161483459,https://www.hemnet.se/salda/lagenhet-1rum-lilla-essingen-stockholms-kommun-stralgatan-21-8236587865161483459,23-24m²,bostadsratt,2026-09-22T13:02:45.037446
3381965631935199514,https://www.hemnet.se/salda/lagenhet-1rum-bymarken-jonkopings-kommun-bjornebergsvagen-18-a-3381965631935199514,23-24m²,bostadsratt,2026-09-22T13:02:45.037447
3641089067644358821,https://www.hemnet.se/salda/lagenhet-1rum-sodermalm-stockholms-kommun-folkskolegatan-12-3641089067644358821,23-24m²,bostadsratt,2026-09-22T13:02:45.037447
672007737594668723,https://www.hemnet.se/salda/lagenhet-1rum-falhagen-uppsala-kommun-hjalmar-brantingsgatan-5b-672007737594668723,23-24m²,bostadsratt,2026-09-22T13:02:45.037448
1837867174134585304,https://www.hemnet.se/salda/lagenhet-1rum-kungsholmen-stockholms-kommun-kungsholmsgatan-9-1837867174134585304,23-24m²,bostadsratt,2026-09-22T13:02:45.037449
8324601379892659663,"https://www.hemnet.se/salda/lagenhet-1rum-gardet-ostermalm-stockholms-kommun-furusundsgatan-6,-2,5tr-8324601379892659663",23-24m²,bostadsratt,2026-09-22T13:02:45.037451
6453904537611857419,https://www.hemnet.se/salda/lagenhet-2rum-vallentuna-vallentuna-kommun-parkvagen-3-6453904537611857419,23-24m²,bostadsratt,2026-09-22T13:02:45.037452
1443392,"https://www.hemnet.se/salda/lagenhet-1rum-sodermalm-stockholms-kommun-stigbergsgatan-32b,-5-tr,-kungsbalkong-1443392",23-24m²,bostadsratt,2026-09-22T13:02:45.037453
8023409235292098077,https://www.hemnet.se/salda/lagenhet-1rum-hammarby-vasteras-kommun-narvavagen-73-8023409235292098077,23-24m²,bostadsratt,2026-09-22T13:02:45.037454
5068945161115127653,https://www.hemnet.se/salda/lagenhet-1rum-centralt-upplands-vasby-kommun-centralvagen-8a-5068945161115127653,23-24m²,bostadsratt,2026-09-22T13:02:45.037455
5928469966631620332,https://www.hemnet.se/salda/lagenhet-1rum-centralt-sodertalje-kommun-vastra-malarehamnen-3b-5928469966631620332,23-24m²,bostadsratt,2026-09-22T13:02:45.037455
195452170610297892,https://www.hemnet.se/salda/lagenhet-1rum-centrala-vasby-upplands-vasby-kommun-optimusvagen-3b-195452170610297892,23-24m²,bostadsratt,2026-09-22T13:02:45.037456
5219496679166390886,"https://www.hemnet.se/salda/lagenhet-1rum-gullmarsplan-johanneshov-stockholms-kommun-skulptorvagen-15,-3tr-5219496679166390886",23-24m²,bostadsratt,2026-09-22T13:02:45.037457
4087104090638042148,https://www.hemnet.se/salda/lagenhet-1rum-viggbyholm-taby-kommun-sodervagen-44-4087104090638042148,23-24m²,bostadsratt,2026-09-22T13:02:45.037458
1463591,https://www.hemnet.se/salda/lagenhet-1rum-centrum-lerums-kommun-bagges-torg-5-1463591,23-24m²,bostadsratt,2026-09-22T13:02:45.037459
5818640021544822021,https://www.hemnet.se/salda/lagenhet-1rum-vasastan-norrmalm-stockholms-kommun-hollandargatan-31-5818640021544822021,23-24m²,bostadsratt,2026-09-22T13:02:45.037460
417435954869867182,https://www.hemnet.se/salda/lagenhet-1rum-falhagen-uppsala-kommun-falhagsleden-4b-417435954869867182,23-24m²,bostadsratt,2026-09-22T13:02:45.037460
4996981121956569966,"https://www.hemnet.se/salda/lagenhet-1rum-vasastan-atlas-stockholms-kommun-torsgatan-33,-2-tr-4996981121956569966",23-24m²,bostadsratt,2026-09-22T13:02:45.037461
7585407599998776064,https://www.hemnet.se/salda/lagenhet-1rum-centrala-huddinge-kvarnbergsplan-huddinge-kommun-radsvagen-5a-7585407599998776064,23-24m²,bostadsratt,2026-09-22T13:02:45.037463
1493813726422687364,https://www.hemnet.se/salda/lagenhet-1rum-centrala-sodertalje-sodertalje-kommun-kanalgrand-2-1493813726422687364,23-24m²,bostadsratt,2026-09-22T13:02:45.037463
2619445432628652470,"https://www.hemnet.se/salda/lagenhet-1rum-hornstull-stockholms-kommun-bergsundsgatan-13,-2-tr-2619445432628652470",23-24m²,bostadsratt,2026-09-22T13:02:45.037465
3844869682741508193,"https://www.hemnet.se/salda/lagenhet-1rum-gardet-ostermalm-stockholms-kommun-rindogatan-28,-5-av-5tr-3844869682741508193",23-24m²,bostadsratt,2026-09-22T13:02:45.037466
9023712142286614088,"https://www.hemnet.se/salda/lagenhet-1rum-karrtorp-stockholms-kommun-vikstensvagen-48,-2tr-9023712142286614088",23-24m²,bostadsratt,2026-09-22T13:02:45.037467
1589671211084124224,"https://www.hemnet.se/salda/lagenhet-1rum-sodermalm-hornstull-stockholms-kommun-slipgatan-11,-6-tr-1589671211084124224",23-24m²,bostadsratt,2026-09-22T13:02:45.037468
3010611545415469783,https://www.hemnet.se/salda/lagenhet-1rum-sofiaparken-lunds-kommun-sofiavagen-5e-3010611545415469783,23-24m²,bostadsratt,2026-09-22T13:02:45.037469
9048695412212977335,https://www.hemnet.se/salda/lagenhet-2rum-svinninge-osterakers-kommun-svavelsovagen-3-studiohus-12-9048695412212977335,23-24m²,bostadsratt,2026-09-22T13:02:45.037471
6705518203479057343,https://www.hemnet.se/salda/lagenhet-1rum-viggbygardet-viggbyholm-taby-kommun-sodervagen-44-6705518203479057343,23-24m²,bostadsratt,2026-09-22T13:02:45.037472
7510054630794475012,https://www.hemnet.se/salda/lagenhet-1rum-hagerstensasen-stockholms-kommun-bokbindarvagen-55-7510054630794475012,23-24m²,bostadsratt,2026-09-22T13:02:45.037473
1160387654350074455,"https://www.hemnet.se/salda/lagenhet-1rum-lilla-essingen-stockholms-kommun-essinge-brogata-5,-4-tr-1160387654350074455",23-24m²,bostadsratt,2026-09-22T13:02:45.037474
1457846,"https://www.hemnet.se/salda/lagenhet-1,5rum-vallingby-centrum-stockholms-kommun-vittangigatan-16-1457846",23-24m²,bostadsratt,2026-09-22T13:02:45.037474
5411263184875248678,https://www.hemnet.se/salda/lagenhet-1rum-gullmarsplan-stockholms-kommun-gullmarsvagen-8-5411263184875248678,23-24m²,bostadsratt,2026-09-22T13:02:45.037475
5653552290328351189,https://www.hemnet.se/salda/lagenhet-1rum-bagarmossen-stockholms-kommun-bergsradsvagen-36-5653552290328351189,23-24m²,bostadsratt,2026-09-22T13:02:45.037476
756812025413485504,https://www.hemnet.se/salda/lagenhet-1rum-malarhojden-stockholms-kommun-klubbacken-32-756812025413485504,23-24m²,bostadsratt,2026-09-22T13:02:45.037477
5543052650096680678,https://www.hemnet.se/salda/lagenhet-1rum-hogalid-stockholms-kommun-slipgatan-14-5543052650096680678,23-24m²,bostadsratt,2026-09-22T13:02:45.037478
1495165,"https://www.hemnet.se/salda/lagenhet-1rum-kungsholmen-fredhall-stockholms-kommun-ralambsvagen-52,-1tr-1495165",23-24m²,bostadsratt,2026-09-22T13:02:45.037478
2895332900719319938,https://www.hemnet.se/salda/lagenhet-1rum-lund-centrum-lunds-kommun-winstrupsgatan-14-2895332900719319938,23-24m²,bostadsratt,2026-09-22T13:02:45.037479
48486793169750488,https://www.hemnet.se/salda/lagenhet-1rum-kungsholmen-stockholms-kommun-kungsklippan-11-48486793169750488,23-24m²,bostadsratt,2026-09-22T13:02:45.037480
210210610386785495,https://www.hemnet.se/salda/lagenhet-1rum-kungsholmen-stockholms-kommun-alstromergatan-32d-210210610386785495,23-24m²,bostadsratt,2026-09-22T13:02:45.037481
1442514,https://www.hemnet.se/salda/lagenhet-1rum-valla-linkopings-kommun-ostsvangen-1c-1442514,23-24m²,bostadsratt,2026-09-22T13:02:45.037482
1466520,"https://www.hemnet.se/salda/lagenhet-1rum-vasastan-stockholms-kommun-torsgatan-33,-5-tr-1466520",23-24m²,bostadsratt,2026-09-22T13:02:45.037483
2066446161205923756,https://www.hemnet.se/salda/lagenhet-1rum-vallingby-centrum-stockholms-kommun-jamtlandsgatan-90-2066446161205923756,23-24m²,bostadsratt,2026-09-22T13:02:45.037483
3185151985461033747,https://www.hemnet.se/salda/lagenhet-1rum-ostermalm-gardet-stockholms-kommun-rindogatan-4-6-tr-3185151985461033747,23-24m²,bostadsratt,2026-09-22T13:02:45.037484
1486987,https://www.hemnet.se/salda/lagenhet-1rum-s-t-knut-malmo-kommun-master-henriksgatan-10a-1486987,23-24m²,bostadsratt,2026-09-22T13:02:45.037485
812230349151857503,https://www.hemnet.se/salda/lagenhet-1rum-tingvallastaden-karlstads-kommun-herrgardsgatan-12-812230349151857503,23-24m²,bostadsratt,2026-09-22T13:02:45.037486
6715096498029600399,https://www.hemnet.se/salda/lagenhet-1rum-sodermalm-mosebacke-stockholms-kommun-svartensgatan-10-6715096498029600399,23-24m²,bostadsratt,2026-09-22T13:02:45.037487
5327832123998048251,https://www.hemnet.se/salda/lagenhet-2rum-slite-gotlands-kommun-strandvagen-46-5327832123998048251,23-24m²,bostadsratt,2026-09-22T13:02:45.037488
1381532,https://www.hemnet.se/salda/lagenhet-1rum-saltsjobaden-nacka-kommun-karl-gerhards-vag-29-1381532,23-24m²,bostadsratt,2026-09-22T13:02:45.037488
4721853504240026063,https://www.hemnet.se/salda/lagenhet-1rum-centrum-stromstadsvagen-uddevalla-kommun-stromstadsvagen-6b-4721853504240026063,23-24m²,bostadsratt,2026-09-22T13:02:45.037489
4399110325394276566,https://www.hemnet.se/salda/lagenhet-1rum-rosenkalla-nykopings-kommun-erikslundsvagen-1-4399110325394276566,23-24m²,bostadsratt,2026-09-22T13:02:45.037490
9177236350244506447,https://www.hemnet.se/salda/lagenhet-1rum-gottfridsberg-linkopings-kommun-ostsvangen-1c-9177236350244506447,23-24m²,bostadsratt,2026-09-22T13:02:45.037491
1946929418689638908,"https://www.hemnet.se/salda/lagenhet-1rum-vasastan-birkastan-stockholms-kommun-drejargatan-4,-5tr-1946929418689638908",23-24m²,bostadsratt,2026-09-22T13:02:45.037492
991815963367753775,https://www.hemnet.se/salda/lagenhet-1rum-folkets-park-malmo-kommun-solvesborgsgatan-3b-991815963367753775,23-24m²,bostadsratt,2026-09-22T13:02:45.037493
4155338749214194183,"https://www.hemnet.se/salda/lagenhet-1rum-ostermalm-stockholms-kommun-kommendorsgatan-38,-hogst-upp-i-huset-4155338749214194183",23-24m²,bostadsratt,2026-09-22T13:02:45.037495
5570102050329408765,https://www.hemnet.se/salda/lagenhet-1rum-davidshall-malmo-kommun-erik-dahlbergsgatan-12-5570102050329408765,23-24m²,bostadsratt,2026-09-22T13:02:45.037497
1411445,https://www.hemnet.se/salda/lagenhet-1rum-luthagen-uppsala-kommun-borjegatan-54a-1411445,23-24m²,bostadsratt,2026-09-22T13:02:45.037498
2079748687998321779,"https://www.hemnet.se/salda/lagenhet-1rum-hogalid-stockholms-kommun-bergsunds-strand-5,-6-tr-2079748687998321779",23-24m²,bostadsratt,2026-09-22T13:02:45.037499
9060735920955021819,"https://www.hemnet.se/salda/lagenhet-1rum-sodermalm-stockholms-kommun-tavastgatan-5,-4-tr-9060735920955021819",23-24m²,bostadsratt,2026-09-22T13:02:45.037499
599239951193363218,"https://www.hemnet.se/salda/lagenhet-1rum-nacka-finntorp-nacka-kommun-tallidsvagen-7,2tr-599239951193363218",23-24m²,bostadsratt,2026-09-22T13:02:45.037500
1809692152571186247,https://www.hemnet.se/salda/lagenhet-1rum-sodermalm-nytorget-stockholms-kommun-bjurholmsplan-23-1809692152571186247,23-24m²,bostadsratt,2026-09-22T13:02:45.037501
7234451500160099586,"https://www.hemnet.se/salda/lagenhet-1rum-vastertorp-stockholms-kommun-skridskovagen-9a,-accepterat-pris-7234451500160099586",23-24m²,bostadsratt,2026-09-22T13:02:45.037513
4366409378303573953,https://www.hemnet.se/salda/lagenhet-1rum-sodermalm-hornstull-stockholms-kommun-hogalidsgatan-33-4366409378303573953,23-24m²,bostadsratt,2026-09-22T13:02:45.037514
8413293003175449099,https://www.hemnet.se/salda/lagenhet-1rum-flemingsberg-huddinge-kommun-terapivagen-16c-8413293003175449099,23-24m²,bostadsratt,2026-09-22T13:02:45.037515
6681042756635727782,https://www.hemnet.se/salda/lagenhet-1rum-kungsholmen-nedre-kungsholmen-stockholms-kommun-kungsklippan-11-6681042756635727782,23-24m²,bostadsratt,2026-09-22T13:02:45.037516
1478741391767454258,https://www.hemnet.se/salda/lagenhet-1rum-danderyd-danderyds-kommun-morbylund-7c-1478741391767454258,23-24m²,bostadsratt,2026-09-22T13:02:45.037517
7003561159818533908,https://www.hemnet.se/salda/lagenhet-1rum-molndal-bosgarden-molndals-kommun-haradsgatan-30-a-7003561159818533908,23-24m²,bostadsratt,2026-09-22T13:02:45.037518
3553412669767408866,https://www.hemnet.se/salda/lagenhet-1rum-brannan-harnosands-kommun-johan-nybergs-vag-16-b-3553412669767408866,23-24m²,bostadsratt,2026-09-22T13:02:45.037519
217180345772113038,https://www.hemnet.se/salda/lagenhet-1rum-vasastan-roda-bergen-stockholms-kommun-torbjorn-klockares-gata-13-217180345772113038,23-24m²,bostadsratt,2026-09-22T13:02:45.037520
5092575143278755129,https://www.hemnet.se/salda/lagenhet-1rum-lerum-centralt-lerums-kommun-bagges-torg-7-5092575143278755129,23-24m²,bostadsratt,2026-09-22T13:02:45.037521
9134722644229355512,"https://www.hemnet.se/salda/lagenhet-1rum-hagerstensasen-stockholms-kommun-arvodesvagen-23,-1tr-9134722644229355512",23-24m²,bostadsratt,2026-09-22T13:02:45.037522
2439270539118243744,https://www.hemnet.se/salda/lagenhet-1rum-sodermalm-hogalid-stockholms-kommun-hogalidsgatan-38b-2439270539118243744,23-24m²,bostadsratt,2026-09-22T13:02:45.037522
1402141,https://www.hemnet.se/salda/lagenhet-1rum-salabacke-uppsala-kommun-grona-gatan-31-a-1402141,23-24m²,bostadsratt,2026-09-22T13:02:45.037523
1646188315069256920,"https://www.hemnet.se/salda/lagenhet-1rum-kungsholmen-norr-malarstrand-stockholms-kommun-john-ericssonsgatan-18,-3tr-1646188315069256920",23-24m²,bostadsratt,2026-09-22T13:02:45.037524
8328386922000372948,https://www.hemnet.se/salda/lagenhet-1rum-tagaborg-helsingborgs-kommun-flemminggatan-10-8328386922000372948,23-24m²,bostadsratt,2026-09-22T13:02:45.037525
6530258536957564333,https://www.hemnet.se/salda/lagenhet-1rum-hovmantorp-lessebo-kommun-storgatan-90-6530258536957564333,23-24m²,bostadsratt,2026-09-22T13:02:45.037526
1571793767716190545,https://www.hemnet.se/salda/lagenhet-1rum-bandhagen-stockholms-kommun-bandhagsplan-11-1571793767716190545,23-24m²,bostadsratt,2026-09-22T13:02:45.037527
4217617272984454141,https://www.hemnet.se/salda/lagenhet-1rum-morbylund-danderyds-kommun-morbylund-11b-4217617272984454141,23-24m²,bostadsratt,2026-09-22T13:02:45.037527
5923907935202011336,https://www.hemnet.se/salda/lagenhet-1rum-nobel-annelund-malmo-kommun-vitemollegatan-10f-5923907935202011336,23-24m²,bostadsratt,2026-09-22T13:02:45.037528
3438086023377991130,"https://www.hemnet.se/salda/lagenhet-1rum-vasastan-sibirien-stockholms-kommun-roslagsgatan-29a,-2-tr-3438086023377991130",23-24m²,bostadsratt,2026-09-22T13:02:45.037529
5188287756007623239,https://www.hemnet.se/salda/lagenhet-1rum-ostermalm-stockholms-kommun-grevgatan-23a-5188287756007623239,23-24m²,bostadsratt,2026-09-22T13:02:45.037530
6853142655943603215,https://www.hemnet.se/salda/lagenhet-1rum-ostermalm-stockholms-kommun-floragatan-7-6853142655943603215,23-24m²,bostadsratt,2026-09-22T13:02:45.037531
4707781149449656263,https://www.hemnet.se/salda/lagenhet-1rum-bandhagen-stockholms-kommun-bandhagsplan-9-4707781149449656263,23-24m²,bostadsratt,2026-09-22T13:02:45.037533
289129839792141719,https://www.hemnet.se/salda/lagenhet-1rum-vasastan-stockholms-kommun-volundsgatan-1-289129839792141719,23-24m²,bostadsratt,2026-09-22T13:02:45.037534
4726595017564539462,"https://www.hemnet.se/salda/lagenhet-1rum-kungsholmen-stockholms-kommun-kungsklippan-11,-2-tr-4726595017564539462",23-24m²,bostadsratt,2026-09-22T13:02:45.037535
5046790853267139187,https://www.hemnet.se/salda/lagenhet-1rum-finntorp-nacka-kommun-finntorpsvagen-3-5046790853267139187,23-24m²,bostadsratt,2026-09-22T13:02:45.037537
6163022669214342299,https://www.hemnet.se/salda/lagenhet-1rum-sodermalm-stockholms-kommun-maria-skolgata-87-6163022669214342299,23-24m²,bostadsratt,2026-09-22T13:02:45.037538
5752320190077151792,https://www.hemnet.se/salda/lagenhet-1rum-porslinskvarteren-varmdo-kommun-stig-lindbergs-gata-17a-5752320190077151792,23-24m²,bostadsratt,2026-09-22T13:02:45.037538
3650500598211906430,https://www.hemnet.se/salda/lagenhet-1rum-kungsholmen-stockholms-kommun-sysslomansgatan-24-3650500598211906430,23-24m²,bostadsratt,2026-09-22T13:02:45.037539
2296817961494819793,"https://www.hemnet.se/salda/lagenhet-1rum-morbylund-danderyds-kommun-morbylund-15b,-8tr-2296817961494819793",23-24m²,bostadsratt,2026-09-22T13:02:45.037540
1479073,https://www.hemnet.se/salda/lagenhet-1rum-folkets-park-malmo-kommun-solvesborgsgatan-3b-1479073,23-24m²,bostadsratt,2026-09-22T13:02:45.037541
3926354612651671644,"https://www.hemnet.se/salda/lagenhet-1rum-gardet-ostermalm-stockholms-kommun-vartavagen-59,-6tr-3926354612651671644",23-24m²,bostadsratt,2026-09-22T13:02:45.037542
8011819507604927672,https://www.hemnet.se/salda/lagenhet-1rum-blekingsborg-malmo-kommun-per-albin-hanssons-vag-52-b-8011819507604927672,23-24m²,bostadsratt,2026-09-22T13:02:45.037543
1489851,https://www.hemnet.se/salda/lagenhet-1rum-liseberg-stockholms-kommun-lisebergsvagen-123-1489851,23-24m²,bostadsratt,2026-09-22T13:02:45.037544
5437892747044885436,"https://www.hemnet.se/salda/lagenhet-1rum-luossavaara-kiruna-kommun-dubengatan-29-c-van,2-5437892747044885436",23-24m²,bostadsratt,2026-09-22T13:02:45.037544
5208306607406043006,https://www.hemnet.se/salda/lagenhet-1rum-falhagen-uppsala-kommun-falhagsleden-4c-5208306607406043006,23-24m²,bostadsratt,2026-09-22T13:02:45.037545
8812680807453230813,"https://www.hemnet.se/salda/lagenhet-1rum-kungsholmen-radhuset-stockholms-kommun-kungsklippan-11,-van-5-8812680807453230813",23-24m²,bostadsratt,2026-09-22T13:02:45.037546
2535832079342086453,https://www.hemnet.se/salda/lagenhet-1rum-vallingby-centrum-stockholms-kommun-jamtlandsgatan-86-2535832079342086453,23-24m²,bostadsratt,2026-09-22T13:02:45.037547
6320839057993287415,"https://www.hemnet.se/salda/lagenhet-1rum-haga-norra-solna-kommun-kolonnvagen-10,-2-tr-6320839057993287415",23-24m²,bostadsratt,2026-09-22T13:02:45.037548
1502004,https://www.hemnet.se/salda/lagenhet-1rum-kungsholmen-stockholms-kommun-bergsgatan-29-1502004,23-24m²,bostadsratt,2026-09-22T13:02:45.037548
4787615457838403488,https://www.hemnet.se/salda/lagenhet-1rum-skoghall-hammaro-kommun-lunserudsvagen-12d-4787615457838403488,23-24m²,bostadsratt,2026-09-22T13:02:45.037549
8293892132733755691,https://www.hemnet.se/salda/lagenhet-1rum-centrala-sundbyberg-sundbybergs-kommun-tradgardsgatan-5-8293892132733755691,23-24m²,bostadsratt,2026-09-22T13:02:45.037550
715242737239337885,https://www.hemnet.se/salda/lagenhet-1rum-martebacken-malung-salens-kommun-martebacken-69c-715242737239337885,23-24m²,bostadsratt,2026-09-22T13:02:45.037551
7871383733525967317,"https://www.hemnet.se/salda/lagenhet-1rum-vasastan-city-norrmalm-stockholms-kommun-kammakargatan-18,-2tr-7871383733525967317",23-24m²,bostadsratt,2026-09-22T13:02:45.037552
6339334445621320055,https://www.hemnet.se/salda/lagenhet-1rum-katarina-stockholms-kommun-gotlandsgatan-64-6339334445621320055,23-24m²,bostadsratt,2026-09-22T13:02:45.037553
245657043425197106,https://www.hemnet.se/salda/lagenhet-1rum-kungsholmen-stockholms-kommun-john-ericssonsgatan-16-245657043425197106,23-24m²,bostadsratt,2026-09-22T13:02:45.037553
2559617621406925707,https://www.hemnet.se/salda/lagenhet-1rum-ostermalm-vasastan-stockholms-kommun-korsbarsvagen-6-2559617621406925707,23-24m²,bostadsratt,2026-09-22T13:02:45.037554
2539946880800861340,https://www.hemnet.se/salda/lagenhet-1rum-mobilia-malmo-kommun-per-albin-hanssons-vag-50a-2539946880800861340,23-24m²,bostadsratt,2026-09-22T13:02:45.037555
7027624877675891429,https://www.hemnet.se/salda/lagenhet-1rum-trollbacken-alleplan-tyreso-kommun-kumla-alle-18-7027624877675891429,23-24m²,bostadsratt,2026-09-22T13:02:45.037556
5970262458179282171,https://www.hemnet.se/salda/lagenhet-1rum-morbylund-danderyds-kommun-morbylund-13b-5970262458179282171,23-24m²,bostadsratt,2026-09-22T13:02:45.037558
2922294259469622584,https://www.hemnet.se/salda/lagenhet-1rum-salabacke-uppsala-kommun-murargatan-12-2922294259469622584,23-24m²,bostadsratt,2026-09-22T13:02:45.037559
8036727383020221173,https://www.hemnet.se/salda/lagenhet-1rum-hagastaden-karolinska-solna-kommun-olof-af-acrels-vag-3-8036727383020221173,23-24m²,bostadsratt,2026-09-22T13:02:45.037560
7750978696861920944,https://www.hemnet.se/salda/lagenhet-1rum-ostervarn-malmo-kommun-vargatan-3b-7750978696861920944,23-24m²,bostadsratt,2026-09-22T13:02:45.037561
3115310436520773624,https://www.hemnet.se/salda/lagenhet-1rum-luthagen-uppsala-kommun-gotgatan-20a-3115310436520773624,23-24m²,bostadsratt,2026-09-22T13:02:45.037562
8568887125997772852,https://www.hemnet.se/salda/lagenhet-1rum-nasby-park-taby-kommun-eskadervagen-12-8568887125997772852,23-24m²,bostadsratt,2026-09-22T13:02:45.037562
7296513059752826534,https://www.hemnet.se/salda/lagenhet-1rum-kungsholmen-norr-malarstrand-stockholms-kommun-karlsviksgatan-1-7296513059752826534,23-24m²,bostadsratt,2026-09-22T13:02:45.037563
5450711725858270260,https://www.hemnet.se/salda/lagenhet-1rum-korfaltet-ostersunds-kommun-reveljgrand-23-b-5450711725858270260,23-24m²,bostadsratt,2026-09-22T13:02:45.037564
1866507016946599081,https://www.hemnet.se/salda/lagenhet-1rum-nobeltorget-malmo-kommun-bodekullsgatan-29a-1866507016946599081,23-24m²,bostadsratt,2026-09-22T13:02:45.037566
3627683525166929579,https://www.hemnet.se/salda/lagenhet-1rum-vasastan-stockholms-kommun-sveavagen-122-3627683525166929579,23-24m²,bostadsratt,2026-09-22T13:02:45.037567
5370373394899710088,https://www.hemnet.se/salda/lagenhet-1rum-falhagen-uppsala-kommun-hjalmar-brantingsgatan-5b-5370373394899710088,23-24m²,bostadsratt,2026-09-22T13:02:45.037568
1012029585240762152,https://www.hemnet.se/salda/lagenhet-1rum-blekingsborg-malmo-kommun-per-albin-hanssons-vag-54b-1012029585240762152,23-24m²,bostadsratt,2026-09-22T13:02:45.037570
9071211044890594520,https://www.hemnet.se/salda/lagenhet-1rum-morbylund-danderyds-kommun-morbylund-13b-9071211044890594520,23-24m²,bostadsratt,2026-09-22T13:02:45.037571
2994963671053215272,"https://www.hemnet.se/salda/lagenhet-1rum-sodermalm-stockholms-kommun-heleneborgsgatan-9b,-gardshus,-van-2-2994963671053215272",23-24m²,bostadsratt,2026-09-22T13:02:45.037572
301016960415890203,https://www.hemnet.se/salda/lagenhet-1rum-sickla-finntorp-nacka-kommun-finntorpsvagen-3-301016960415890203,23-24m²,bostadsratt,2026-09-22T13:02:45.037573
1360769,https://www.hemnet.se/salda/lagenhet-1rum-ostermalm-gardet-stockholms-kommun-smedsbacksgatan-30-1360769,23-24m²,bostadsratt,2026-09-22T13:02:45.037574
8781102043282669598,https://www.hemnet.se/salda/lagenhet-1rum-kungsholmen-stockholms-kommun-kronobergsgatan-20-8781102043282669598,23-24m²,bostadsratt,2026-09-22T13:02:45.037575
4706833429109620963,https://www.hemnet.se/salda/lagenhet-1rum-torpa-jonkopings-kommun-grona-gatan-13-a-4706833429109620963,23-24m²,bostadsratt,2026-09-22T13:02:45.037575
8654748783488976998,https://www.hemnet.se/salda/lagenhet-1rum-globen-stockholms-kommun-skulptorvagen-15-8654748783488976998,23-24m²,bostadsratt,2026-09-22T13:02:45.037576
24865599991872908,https://www.hemnet.se/salda/lagenhet-1rum-haggvik-sollentuna-kommun-skalbyvagen-2-24865599991872908,23-24m²,bostadsratt,2026-09-22T13:02:45.037577
3135772143213742621,https://www.hemnet.se/salda/lagenhet-1rum-sodermalm-hogalid-stockholms-kommun-slipgatan-14-3135772143213742621,23-24m²,bostadsratt,2026-09-22T13:02:45.037578
2258767046922459338,"https://www.hemnet.se/salda/lagenhet-1rum-grondal-stockholms-kommun-grondalsvagen-120,-4tr-2258767046922459338",23-24m²,bostadsratt,2026-09-22T13:02:45.037579
3321150079808363872,https://www.hemnet.se/salda/lagenhet-1rum-sodermalm-stockholms-kommun-hornsgatan-151-3321150079808363872,23-24m²,bostadsratt,2026-09-22T13:02:45.037579
439398127085280867,https://www.hemnet.se/salda/lagenhet-1rum-rasunda-solna-kommun-vasavagen-22-439398127085280867,23-24m²,bostadsratt,2026-09-22T13:02:45.037580
7142342060856843613,https://www.hemnet.se/salda/lagenhet-1rum-triangeln-malmo-kommun-solters-plan-1b-7142342060856843613,23-24m²,bostadsratt,2026-09-22T13:02:45.037581
5681041659220694978,https://www.hemnet.se/salda/lagenhet-1rum-seved-malmo-kommun-kopmansgatan-5-5681041659220694978,23-24m²,bostadsratt,2026-09-22T13:02:45.037582
5183346292794704243,https://www.hemnet.se/salda/lagenhet-1rum-lerum-centralt-lerums-kommun-lagman-eskils-vag-3-5183346292794704243,23-24m²,bostadsratt,2026-09-22T13:02:45.037584
6688091771174164114,"https://www.hemnet.se/salda/lagenhet-2rum-gubbangen-stockholms-kommun-skrinvagen-7,-2,5tr-6688091771174164114",23-24m²,bostadsratt,2026-09-22T13:02:45.037585
1740516543592977861,https://www.hemnet.se/salda/lagenhet-1rum-kungsholmen-stockholms-kommun-sankt-goransgatan-167-1740516543592977861,23-24m²,bostadsratt,2026-09-22T13:02:45.037586
1340354474986235923,https://www.hemnet.se/salda/lagenhet-1rum-centrum-uppsala-kommun-drottninggatan-6c-1340354474986235923,23-24m²,bostadsratt,2026-09-22T13:02:45.037586
1605810794523006797,https://www.hemnet.se/salda/lagenhet-1rum-soder-gavle-kommun-brunnsgatan-51b-1605810794523006797,23-24m²,bostadsratt,2026-09-22T13:02:45.037587
6918047727682908876,https://www.hemnet.se/salda/lagenhet-1rum-vallastaden-linkopings-kommun-nanna-svartz-gata-6a-6918047727682908876,23-24m²,bostadsratt,2026-09-22T13:02:45.037588
1441041,https://www.hemnet.se/salda/lagenhet-1rum-kungsholmen-stockholms-kommun-kungsholmsgatan-9-1441041,23-24m²,bostadsratt,2026-09-22T13:02:45.037589
6278128143712319630,https://www.hemnet.se/salda/lagenhet-1rum-luthagen-uppsala-kommun-tegnergatan-33b-6278128143712319630,23-24m²,bostadsratt,2026-09-22T13:02:45.037590
8215461180812150063,https://www.hemnet.se/salda/lagenhet-1rum-ranten-falkopings-kommun-jarnvagsgatan-22a-8215461180812150063,23-24m²,bostadsratt,2026-09-22T13:02:45.037591
3333140508497837236,https://www.hemnet.se/salda/lagenhet-1rum-saltsjobaden-nacka-kommun-karl-gerhards-vag-23-3333140508497837236,23-24m²,bostadsratt,2026-09-22T13:02:45.037591
1458633,https://www.hemnet.se/salda/lagenhet-1rum-dammfri-malmo-kommun-angdalavagen-29-1458633,23-24m²,bostadsratt,2026-09-22T13:02:45.037592
498825215234459554,https://www.hemnet.se/salda/lagenhet-1rum-solna-rasunda-solna-kommun-s-t-ansgars-vag-10-a-498825215234459554,23-24m²,bostadsratt,2026-09-22T13:02:45.037593
5334926411899414076,https://www.hemnet.se/salda/lagenhet-1rum-gardet-ostermalm-stockholms-kommun-rindogatan-28-5334926411899414076,23-24m²,bostadsratt,2026-09-22T13:02:45.037594
1430732,https://www.hemnet.se/salda/lagenhet-1rum-ostermalm-nedre-gardet-stockholms-kommun-olaus-petrigatan-10-1430732,23-24m²,bostadsratt,2026-09-22T13:02:45.037595
197890806646497191,https://www.hemnet.se/salda/lagenhet-1rum-gottfridsberg-linkopings-kommun-ostsvangen-1c-197890806646497191,23-24m²,bostadsratt,2026-09-22T13:02:45.037597
6940175977805287298,https://www.hemnet.se/salda/lagenhet-1rum-hagerneholm-taby-kommun-hagerneholmsvagen-7a-6940175977805287298,23-24m²,bostadsratt,2026-09-22T13:02:45.037598
1389164,https://www.hemnet.se/salda/lagenhet-1rum-centralt-nara-sporthallen-motala-kommun-ostermalmsgatan-37b-1389164,23-24m²,bostadsratt,2026-09-22T13:02:45.037598
5438220784713273140,https://www.hemnet.se/salda/lagenhet-1rum-sodermalm-stockholms-kommun-hogbergsgatan-22-5438220784713273140,23-24m²,bostadsratt,2026-09-22T13:02:45.037599
3606830925146656424,"https://www.hemnet.se/salda/lagenhet-1rum-haga-norra-solna-kommun-sylvangatan-9,-van-4-3606830925146656424",23-24m²,bostadsratt,2026-09-22T13:02:45.038142
2874739693838008246,https://www.hemnet.se/salda/lagenhet-1rum-sodermalm-stockholms-kommun-tobaksspinnargatan-6-2874739693838008246,23-24m²,bostadsratt,2026-09-22T13:02:45.038145
1435154,"https://www.hemnet.se/salda/lagenhet-1rum-gardet-ostermalm-stockholms-kommun-rindogatan-30,-3-tr-1435154",23-24m²,bostadsratt,2026-09-22T13:02:45.038146
6844594766353654198,"https://www.hemnet.se/salda/lagenhet-1rum-vasastan-birkastan-stockholms-kommun-tomtebogatan-39,-1tr,-6844594766353654198",23-24m²,bostadsratt,2026-09-22T13:02:45.038148
7099634060795920887,https://www.hemnet.se/salda/lagenhet-1rum-hasselby-norra-villastad-stockholms-kommun-snodroppsgrand-29-uteplats-7099634060795920887,23-24m²,bostadsratt,2026-09-22T13:02:45.038148
2474065368458818143,https://www.hemnet.se/salda/lagenhet-1rum-strand-karlstads-kommun-4-e-villagatan-14-2474065368458818143,23-24m²,bostadsratt,2026-09-22T13:02:45.038149
763963716380029786,"https://www.hemnet.se/salda/lagenhet-1rum-solna-solna-kommun-rasundavagen-134,-3-tr-763963716380029786",23-24m²,bostadsratt,2026-09-22T13:02:45.038150
724146521153074587,https://www.hemnet.se/salda/lagenhet-1rum-fredhall-stockholms-kommun-ralambsvagen-54-724146521153074587,23-24m²,bostadsratt,2026-09-22T13:02:45.038151
1391897,https://www.hemnet.se/salda/lagenhet-1rum-luthagen-uppsala-kommun-geijersgatan-42c-1391897,23-24m²,bostadsratt,2026-09-22T13:02:45.038152
2994255827890025709,https://www.hemnet.se/salda/lagenhet-1rum-danderyd-danderyds-kommun-morbylund-15b-2994255827890025709,23-24m²,bostadsratt,2026-09-22T13:02:45.038153
2071092341786584625,"https://www.hemnet.se/salda/lagenhet-1rum-vasastan-ostermalm-stockholms-kommun-valhallavagen-47,-5tr-2071092341786584625",23-24m²,bostadsratt,2026-09-22T13:02:45.038154
5885203800626431606,https://www.hemnet.se/salda/lagenhet-1rum-kungsholmen-stora-essingen-stockholms-kommun-badstrandsvagen-31-5885203800626431606,23-24m²,bostadsratt,2026-09-22T13:02:45.038155
3423303603876247694,https://www.hemnet.se/salda/lagenhet-1rum-framre-luthagen-uppsala-kommun-sysslomansgatan-7-3423303603876247694,23-24m²,bostadsratt,2026-09-22T13:02:45.038155
8125415375830713586,"https://www.hemnet.se/salda/lagenhet-1rum-lilla-essingen-stockholms-kommun-essinge-brogata-22,-van-5-5-8125415375830713586",23-24m²,bostadsratt,2026-09-22T13:02:45.038157
1369025,"https://www.hemnet.se/salda/lagenhet-1rum-rasunda-solna-kommun-rasundavagen-134,-3tr-1369025",23-24m²,bostadsratt,2026-09-22T13:02:45.038157
1474147,"https://www.hemnet.se/salda/lagenhet-1rum-ostermalm-stockholms-kommun-skeppargatan-54,-4-tr-1474147",23-24m²,bostadsratt,2026-09-22T13:02:45.038158
2924002931932324101,"https://www.hemnet.se/salda/lagenhet-1rum-vallingby-centrum-stockholms-kommun-jamtlandsgatan-74,-van-3-2924002931932324101",23-24m²,bostadsratt,2026-09-22T13:02:45.038159
7035198715183782292,"https://www.hemnet.se/salda/lagenhet-1rum-dalaplan,-malmo-malmo-kommun-narkesgatan-3-7035198715183782292",23-24m²,bostadsratt,2026-09-22T13:02:45.038160
1170610536775691811,https://www.hemnet.se/salda/lagenhet-1rum-kungsholmen-stockholms-kommun-kungsholmsgatan-9-1170610536775691811,23-24m²,bostadsratt,2026-09-22T13:02:45.038161
7993152840356236425,https://www.hemnet.se/salda/lagenhet-1rum-ostermalm-stockholms-kommun-valhallavagen-131-7993152840356236425,23-24m²,bostadsratt,2026-09-22T13:02:45.038162
2805279092345843196,https://www.hemnet.se/salda/lagenhet-1rum-norrmalm-city-stockholms-kommun-kammakargatan-21-2805279092345843196,23-24m²,bostadsratt,2026-09-22T13:02:45.038163
4326969976358165278,https://www.hemnet.se/salda/lagenhet-2rum-ostermalm-stockholms-kommun-storgatan-32-4326969976358165278,23-24m²,bostadsratt,2026-09-22T13:02:45.038164
2427711139234808825,"https://www.hemnet.se/salda/lagenhet-1rum-vasastan-birkastan-stockholms-kommun-norrbackagatan-14,-4tr-2427711139234808825",23-24m²,bostadsratt,2026-09-22T13:02:45.038164
6090799200755572396,https://www.hemnet.se/salda/lagenhet-1rum-lindholmen-karlastaden-goteborgs-kommun-lodjursstraket-1-karlatornet-van5-6090799200755572396,23-24m²,bostadsratt,2026-09-22T13:02:45.038165
9189878701490134700,https://www.hemnet.se/salda/lagenhet-1rum-brynas-gavle-kommun-brynasgrand-14-9189878701490134700,23-24m²,bostadsratt,2026-09-22T13:02:45.038166
2325504139030579559,https://www.hemnet.se/salda/lagenhet-1rum-gustavsberg-osby-sjopark-varmdo-kommun-skogsbovagen-20-2325504139030579559,23-24m²,bostadsratt,2026-09-22T13:02:45.038169
1434121,https://www.hemnet.se/salda/lagenhet-1rum-hoganas-uppsala-kommun-botvidsgatan-6d-1434121,23-24m²,bostadsratt,2026-09-22T13:02:45.038170
6386222366602941077,https://www.hemnet.se/salda/lagenhet-1rum-ostermalm-stockholms-kommun-nybrogatan-77-6386222366602941077,23-24m²,bostadsratt,2026-09-22T13:02:45.038171
4959273095317779230,"https://www.hemnet.se/salda/lagenhet-1rum-kungsholmen-stockholms-kommun-bergsgatan-29,-4tr-4959273095317779230",23-24m²,bostadsratt,2026-09-22T13:02:45.038172
1408473,https://www.hemnet.se/salda/lagenhet-1rum-ostermalm-nedre-gardet-stockholms-kommun-askrikegatan-11-1408473,23-24m²,bostadsratt,2026-09-22T13:02:45.038173
1383546,https://www.hemnet.se/salda/lagenhet-1rum-luthagen-uppsala-kommun-tegnergatan-33c-1383546,23-24m²,bostadsratt,2026-09-22T13:02:45.038173
7265983972256727510,https://www.hemnet.se/salda/lagenhet-1rum-bromma-blackeberg-stockholms-kommun-ibsengatan-86-b-7265983972256727510,23-24m²,bostadsratt,2026-09-22T13:02:45.038174
8893992846890076244,https://www.hemnet.se/salda/lagenhet-1rum-sodercentrum-kalmar-kommun-kylegatan-17a-8893992846890076244,23-24m²,bostadsratt,2026-09-22T13:02:45.038175
1468605,https://www.hemnet.se/salda/lagenhet-1rum-luthagen-uppsala-kommun-geijersgatan-15b-1468605,23-24m²,bostadsratt,2026-09-22T13:02:45.038176
1602447851505532170,https://www.hemnet.se/salda/lagenhet-1rum-nobeltorget-malmo-kommun-lantmannagatan-6a-1602447851505532170,23-24m²,bostadsratt,2026-09-22T13:02:45.038177
7674956721012990431,https://www.hemnet.se/salda/lagenhet-1rum-ostermalm-stockholms-kommun-sibyllegatan-21-7674956721012990431,23-24m²,bostadsratt,2026-09-22T13:02:45.038178
2668312184237883943,https://www.hemnet.se/salda/lagenhet-1rum-birkastan-vasastan-stockholms-kommun-rorstrandsgatan-42a-2668312184237883943,23-24m²,bostadsratt,2026-09-22T13:02:45.038178
1665450371620073303,https://www.hemnet.se/salda/lagenhet-1rum-johanneberg-goteborgs-kommun-gyllenkrooksgatan-15-1665450371620073303,23-24m²,bostadsratt,2026-09-22T13:02:45.038179
7374355910273028397,"https://www.hemnet.se/salda/lagenhet-1rum-flemingsberg-huddinge-kommun-terapivagen-14d,-accepterat-pris-7374355910273028397",23-24m²,bostadsratt,2026-09-22T13:02:45.038180
8495775112898555676,"https://www.hemnet.se/salda/lagenhet-1rum-sodermalm-stockholms-kommun-bjurholmsplan-23,-2tr-8495775112898555676",23-24m²,bostadsratt,2026-09-22T13:02:45.038181
2451137807800742938,"https://www.hemnet.se/salda/lagenhet-1rum-aspudden-ornsberg-stockholms-kommun-hagerstensvagen-209,-van-3-3-2451137807800742938",23-24m²,bostadsratt,2026-09-22T13:02:45.038182
8402355166879363833,https://www.hemnet.se/salda/lagenhet-1rum-farsta-strand-stockholms-kommun-filipstadsbacken-48-8402355166879363833,23-24m²,bostadsratt,2026-09-22T13:02:45.038183
7365040847973664294,https://www.hemnet.se/salda/lagenhet-1rum-centrala-vasby-upplands-vasby-kommun-optimusvagen-3b-7365040847973664294,23-24m²,bostadsratt,2026-09-22T13:02:45.038184
3551532720514078780,https://www.hemnet.se/salda/lagenhet-2rum-ingaro-brunn-varmdo-kommun-gamla-brunnsvagen-46a-3551532720514078780,23-24m²,bostadsratt,2026-09-22T13:02:45.038185
1007714838782054020,https://www.hemnet.se/salda/lagenhet-1rum-hornstull-hogalid-stockholms-kommun-hogalidsgatan-29-1007714838782054020,23-24m²,bostadsratt,2026-09-22T13:02:45.038185
3869086437819753986,https://www.hemnet.se/salda/lagenhet-1rum-laholm-laholms-kommun-margaretagatan-18-3869086437819753986,23-24m²,bostadsratt,2026-09-22T13:02:45.038186
1444430,https://www.hemnet.se/salda/lagenhet-1rum-sodermalm-skanstull-stockholms-kommun-grindsgatan-29-1444430,23-24m²,bostadsratt,2026-09-22T13:02:45.038187
3890449657252445021,https://www.hemnet.se/salda/lagenhet-1rum-beckomberga-stockholms-kommun-follingbogatan-18-accepterat-pris-3890449657252445021,23-24m²,bostadsratt,2026-09-22T13:02:45.038188
7619128084627002466,https://www.hemnet.se/salda/lagenhet-1rum-hammarby-vasteras-kommun-narvavagen-71-7619128084627002466,23-24m²,bostadsratt,2026-09-22T13:02:45.038189
1431402,https://www.hemnet.se/salda/lagenhet-1rum-bymarken-jonkopings-kommun-bjornebergsvagen-18a-1431402,23-24m²,bostadsratt,2026-09-22T13:02:45.038190
8272289842424616833,https://www.hemnet.se/salda/lagenhet-1rum-ladugardsgardet-stockholms-kommun-rindogatan-6-8272289842424616833,23-24m²,bostadsratt,2026-09-22T13:02:45.038190
1453294,https://www.hemnet.se/salda/lagenhet-1rum-stattena-helsingborgs-kommun-tagagatan-76-1453294,23-24m²,bostadsratt,2026-09-22T13:02:45.038191
5820929976707629562,https://www.hemnet.se/salda/lagenhet-1rum-bagaregarden-goteborgs-kommun-bagaregardsgatan-8a-5820929976707629562,23-24m²,bostadsratt,2026-09-22T13:02:45.038192
3185657664782476467,https://www.hemnet.se/salda/lagenhet-1rum-vasastaden-goteborgs-kommun-haga-kyrkogata-20d-3185657664782476467,23-24m²,bostadsratt,2026-09-22T13:02:45.038193
1432339,https://www.hemnet.se/salda/lagenhet-1rum-vasastan-stockholms-kommun-torsgatan-33-1432339,23-24m²,bostadsratt,2026-09-22T13:02:45.038194
8699457951096502720,"https://www.hemnet.se/salda/lagenhet-1rum-karrtorp-stockholms-kommun-fyrskeppsvagen-41,-2-tr-8699457951096502720",23-24m²,bostadsratt,2026-09-22T13:02:45.038196
4240148868826566591,https://www.hemnet.se/salda/lagenhet-1rum-midsommarkransen-stockholms-kommun-svandammsplan-8-4240148868826566591,23-24m²,bostadsratt,2026-09-22T13:02:45.038197
4619706850501812047,https://www.hemnet.se/salda/lagenhet-1rum-gullmarsplan-johanneshov-stockholms-kommun-gullmarsvagen-8-4619706850501812047,23-24m²,bostadsratt,2026-09-22T13:02:45.038198
7069761401472687538,"https://www.hemnet.se/salda/lagenhet-1rum-rasunda-solna-kommun-rasundavagen-134,-van-4-7069761401472687538",23-24m²,bostadsratt,2026-09-22T13:02:45.038199
7172609582857049255,https://www.hemnet.se/salda/lagenhet-1rum-bromma-blackeberg-stockholms-kommun-holbergsgatan-44-7172609582857049255,23-24m²,bostadsratt,2026-09-22T13:02:45.038200
4414326545852318666,https://www.hemnet.se/salda/lagenhet-1rum-centrum-uppsala-kommun-dragarbrunnsgatan-33-4414326545852318666,23-24m²,bostadsratt,2026-09-22T13:02:45.038201
1453353,"https://www.hemnet.se/salda/lagenhet-1rum-sodermalm-stockholms-kommun-folkskolegatan-3,-4-tr-1453353",23-24m²,bostadsratt,2026-09-22T13:02:45.038201
8896865443235394839,https://www.hemnet.se/salda/lagenhet-1rum-vallingby-centrum-stockholms-kommun-vittangigatan-1-8896865443235394839,23-24m²,bostadsratt,2026-09-22T13:02:45.038202
1072761904022696370,"https://www.hemnet.se/salda/lagenhet-1rum-vallingby-grimsta-stockholms-kommun-nickelgrand-6,-van-1-1072761904022696370",23-24m²,bostadsratt,2026-09-22T13:02:45.038203
8044182898268821453,https://www.hemnet.se/salda/lagenhet-1rum-blekingsborg-malmo-kommun-per-albin-hanssons-vag-52b-8044182898268821453,23-24m²,bostadsratt,2026-09-22T13:02:45.038204
6353959870525394705,"https://www.hemnet.se/salda/lagenhet-1rum-lilla-essingen-kungsholmen-stockholms-kommun-essinge-brogata-39,-van-4-4-6353959870525394705",23-24m²,bostadsratt,2026-09-22T13:02:45.038205
5223591265169984434,https://www.hemnet.se/salda/lagenhet-1rum-gottfridsberg-linkopings-kommun-skolgatan-23a-5223591265169984434,23-24m²,bostadsratt,2026-09-22T13:02:45.038206
3752456601225464666,https://www.hemnet.se/salda/lagenhet-1rum-sodertalje-centrum-sodertalje-kommun-s-ta-ragnhildsgatan-22b-3752456601225464666,23-24m²,bostadsratt,2026-09-22T13:02:45.038207
3502080625540205934,https://www.hemnet.se/salda/lagenhet-1rum-gardet-stockholms-kommun-erik-dahlbergsgatan-52-3502080625540205934,23-24m²,bostadsratt,2026-09-22T13:02:45.038208
7901604348674516791,https://www.hemnet.se/salda/lagenhet-1rum-nedre-gardet-stockholms-kommun-skeppargatan-98-7901604348674516791,23-24m²,bostadsratt,2026-09-22T13:02:45.038209
6421816113441333388,https://www.hemnet.se/salda/lagenhet-1rum-flemingsberg-huddinge-kommun-terapivagen-18c-6421816113441333388,23-24m²,bostadsratt,2026-09-22T13:02:45.038210
1980340381509014433,https://www.hemnet.se/salda/lagenhet-1rum-skelleftea-skelleftea-kommun-stenkilsgatan-46a-1980340381509014433,23-24m²,bostadsratt,2026-09-22T13:02:45.038210
2550599417036775701,https://www.hemnet.se/salda/lagenhet-1rum-sodermalm-stockholms-kommun-slipgatan-14-2550599417036775701,23-24m²,bostadsratt,2026-09-22T13:02:45.038211
779163051025818457,https://www.hemnet.se/salda/lagenhet-1rum-fredhall-kungsholmen-stockholms-kommun-ralambsvagen-54-779163051025818457,23-24m²,bostadsratt,2026-09-22T13:02:45.038212
3161142618014187860,https://www.hemnet.se/salda/lagenhet-1rum-rasunda-solna-kommun-klovervagen-3-3161142618014187860,23-24m²,bostadsratt,2026-09-22T13:02:45.038213
7213148095544998707,https://www.hemnet.se/salda/lagenhet-1rum-kungsholmen-stockholms-kommun-kungsklippan-11-7213148095544998707,23-24m²,bostadsratt,2026-09-22T13:02:45.038213
8545934138604771137,https://www.hemnet.se/salda/lagenhet-1rum-danderyd-danderyds-kommun-morbylund-15b-8545934138604771137,23-24m²,bostadsratt,2026-09-22T13:02:45.038214
367972045596856262,https://www.hemnet.se/salda/lagenhet-1rum-norrbole-skelleftea-kommun-stenkilsgatan-46c-367972045596856262,23-24m²,bostadsratt,2026-09-22T13:02:45.038215
4743563937992218873,https://www.hemnet.se/salda/lagenhet-1rum-gottfridsberg-linkopings-kommun-ostsvangen-1a-4743563937992218873,23-24m²,bostadsratt,2026-09-22T13:02:45.038216
2908418605865653428,https://www.hemnet.se/salda/lagenhet-1rum-akeshov-stockholms-kommun-snormakarvagen-29-2908418605865653428,23-24m²,bostadsratt,2026-09-22T13:02:45.038217
3992782290445358587,https://www.hemnet.se/salda/lagenhet-1rum-gardet-ostermalm-stockholms-kommun-brantingsgatan-25-3992782290445358587,23-24m²,bostadsratt,2026-09-22T13:02:45.038219
8846886981446765683,https://www.hemnet.se/salda/lagenhet-1rum-linnestaden-goteborgs-kommun-vegagatan-56-8846886981446765683,23-24m²,bostadsratt,2026-09-22T13:02:45.038220
1384676,https://www.hemnet.se/salda/lagenhet-1rum-falhagen-uppsala-kommun-petterslundsgatan-14e-1384676,23-24m²,bostadsratt,2026-09-22T13:02:45.038221
3987732365162904136,https://www.hemnet.se/salda/lagenhet-1rum-blekingsborg-malmo-kommun-per-albin-hanssons-vag-52b-3987732365162904136,23-24m²,bostadsratt,2026-09-22T13:02:45.038222
9069280908738430341,https://www.hemnet.se/salda/lagenhet-1rum-kungsholmen-lilla-essingen-stockholms-kommun-essinge-brogata-22-9069280908738430341,23-24m²,bostadsratt,2026-09-22T13:02:45.038223
3837809917673800420,https://www.hemnet.se/salda/lagenhet-1rum-falhagen-uppsala-kommun-falhagsleden-2d-3837809917673800420,23-24m²,bostadsratt,2026-09-22T13:02:45.038224
6976865799664829326,https://www.hemnet.se/salda/lagenhet-1rum-sodermalm-maria-hogalid-stockholms-kommun-hogalidsgatan-29-6976865799664829326,23-24m²,bostadsratt,2026-09-22T13:02:45.038224
1375968,https://www.hemnet.se/salda/lagenhet-1rum-dammfri-malmo-kommun-angdalavagen-31-1375968,23-24m²,bostadsratt,2026-09-22T13:02:45.038225
8365387913592914348,https://www.hemnet.se/salda/lagenhet-1rum-gottfridsberg-linkopings-kommun-ostsvangen-1a-8365387913592914348,23-24m²,bostadsratt,2026-09-22T13:02:45.038226
3737881957270097482,https://www.hemnet.se/salda/lagenhet-1rum-tingvallastaden-karlstads-kommun-herrgardsgatan-12-3737881957270097482,23-24m²,bostadsratt,2026-09-22T13:02:45.038227
3510408159381207031,"https://www.hemnet.se/salda/lagenhet-1rum-vasastan-stockholms-kommun-sveavagen-140,-3-5-tr-3510408159381207031",23-24m²,bostadsratt,2026-09-22T13:02:45.038228
1676320344773676787,https://www.hemnet.se/salda/lagenhet-1rum-gottfridsberg-linkopings-kommun-ostsvangen-1a-1676320344773676787,23-24m²,bostadsratt,2026-09-22T13:02:45.038229
7665648713130741891,"https://www.hemnet.se/salda/lagenhet-1rum-kungsholmen-stockholms-kommun-kungsklippan-11,-4-tr-7665648713130741891",23-24m²,bostadsratt,2026-09-22T13:02:45.038229
9063714541650889921,https://www.hemnet.se/salda/lagenhet-1rum-kungsholmen-stockholms-kommun-kungsklippan-11-9063714541650889921,23-24m²,bostadsratt,2026-09-22T13:02:45.038230
3487433592442465216,"https://www.hemnet.se/salda/lagenhet-1rum-ekhagen-stockholms-kommun-torphagsvagen-6,-3tr-3487433592442465216",23-24m²,bostadsratt,2026-09-22T13:02:45.038231
3380736874724607304,https://www.hemnet.se/salda/lagenhet-1rum-nobeltorget-malmo-kommun-vitemollegatan-1c-3380736874724607304,23-24m²,bostadsratt,2026-09-22T13:02:45.038232
5343825987495594514,https://www.hemnet.se/salda/lagenhet-1rum-korfaltet-ostersunds-kommun-reveljgrand-23-c-5343825987495594514,23-24m²,bostadsratt,2026-09-22T13:02:45.038233
291096671676159590,"https://www.hemnet.se/salda/lagenhet-1rum-gardet-stockholms-kommun-sandhamnsgatan-23,-9-tr-291096671676159590",23-24m²,bostadsratt,2026-09-22T13:02:45.038233
3759071840940521908,https://www.hemnet.se/salda/lagenhet-1rum-centrala-sundbyberg-sundbybergs-kommun-kyrkogatan-2-3759071840940521908,23-24m²,bostadsratt,2026-09-22T13:02:45.038234
6219026306957484703,"https://www.hemnet.se/salda/lagenhet-1rum-solna-solna-kommun-prostvagen-13,-2-tr-6219026306957484703",23-24m²,bostadsratt,2026-09-22T13:02:45.038235
5685465831354119642,https://www.hemnet.se/salda/lagenhet-1rum-framre-luthagen-uppsala-kommun-fredsgatan-4a-5685465831354119642,23-24m²,bostadsratt,2026-09-22T13:02:45.038236
7576756151042705685,https://www.hemnet.se/salda/lagenhet-1rum-sodermalm-stockholms-kommun-bergsundsgatan-13-7576756151042705685,23-24m²,bostadsratt,2026-09-22T13:02:45.038237
898066614122608788,"https://www.hemnet.se/salda/lagenhet-1rum-sodermalm-stockholms-kommun-gotgatan-96a,-2tr-898066614122608788",23-24m²,bostadsratt,2026-09-22T13:02:45.038238
6906362413200211780,"https://www.hemnet.se/salda/lagenhet-1rum-nedre-gardet-ostermalm-stockholms-kommun-skeppargatan-75,-1tr-6906362413200211780",23-24m²,bostadsratt,2026-09-22T13:02:45.038239
5089743356138088673,https://www.hemnet.se/salda/lagenhet-1rum-kungsangen-sala-kommun-ringgatan-38d-5089743356138088673,23-24m²,bostadsratt,2026-09-22T13:02:45.038240
3072331505610893966,https://www.hemnet.se/salda/lagenhet-1rum-centrala-sundbyberg-sundbybergs-kommun-kyrkogatan-2-3072331505610893966,23-24m²,bostadsratt,2026-09-22T13:02:45.038241
4331228641079063872,https://www.hemnet.se/salda/lagenhet-1rum-oxelbergen-norrkopings-kommun-vikbolandsgatan-3-4331228641079063872,23-24m²,bostadsratt,2026-09-22T13:02:45.038242
3377544996099619190,"https://www.hemnet.se/salda/lagenhet-1rum-sodermalm-sofo-stockholms-kommun-gotlandsgatan-64,-3tr-3377544996099619190",23-24m²,bostadsratt,2026-09-22T13:02:45.038244
8969259188795668330,"https://www.hemnet.se/salda/lagenhet-1rum-kungsholmen-stockholms-kommun-kungsholmsgatan-9,-4tr-8969259188795668330",23-24m²,bostadsratt,2026-09-22T13:02:45.038245
1369072,https://www.hemnet.se/salda/lagenhet-1rum-centrum-lunds-kommun-slojdgatan-12-1369072,23-24m²,bostadsratt,2026-09-22T13:02:45.038245
1396748,"https://www.hemnet.se/salda/lagenhet-1rum-lilla-essingen-kungsholmen-stockholms-kommun-essinge-brogata-5,-van-4-1396748",23-24m²,bostadsratt,2026-09-22T13:02:45.038246
1403879,https://www.hemnet.se/salda/lagenhet-1rum-luthagen-uppsala-kommun-tegnergatan-25b-1403879,23-24m²,bostadsratt,2026-09-22T13:02:45.038247
5845757812750483607,"https://www.hemnet.se/salda/lagenhet-1rum-ladugardsgardet-stockholms-kommun-rindogatan-12,-3-tr-5845757812750483607",23-24m²,bostadsratt,2026-09-22T13:02:45.038248
1650555754186617560,"https://www.hemnet.se/salda/lagenhet-1rum-gardet-ostermalm-stockholms-kommun-smedsbacksgatan-8,-3tr-1650555754186617560",23-24m²,bostadsratt,2026-09-22T13:02:45.038249
1170927089727075689,https://www.hemnet.se/salda/lagenhet-1rum-katarina-stockholms-kommun-bjurholmsplan-23-1170927089727075689,23-24m²,bostadsratt,2026-09-22T13:02:45.038250
6809834910045206193,https://www.hemnet.se/salda/lagenhet-1rum-hogalid-stockholms-kommun-heleneborgsgatan-9c-6809834910045206193,23-24m²,bostadsratt,2026-09-22T13:02:45.038251
3846000888758659560,https://www.hemnet.se/salda/lagenhet-1rum-sorgenfri-malmo-kommun-abbekasgatan-10b-3846000888758659560,23-24m²,bostadsratt,2026-09-22T13:02:45.038252
7105697270166184992,"https://www.hemnet.se/salda/lagenhet-1rum-vasastaden-stockholms-kommun-torsgatan-29,-1tr-7105697270166184992",23-24m²,bostadsratt,2026-09-22T13:02:45.038253
5872420962070794277,https://www.hemnet.se/salda/lagenhet-1rum-luthagen-uppsala-kommun-gotgatan-14a-5872420962070794277,23-24m²,bostadsratt,2026-09-22T13:02:45.038253
4713405913389493944,https://www.hemnet.se/salda/lagenhet-1rum-sodermalm-stockholms-kommun-asogatan-92-4713405913389493944,23-24m²,bostadsratt,2026-09-22T13:02:45.038254
1479764,https://www.hemnet.se/salda/lagenhet-1rum-ostermalm-stockholms-kommun-valhallavagen-47-1479764,23-24m²,bostadsratt,2026-09-22T13:02:45.038255
7381031656885299487,https://www.hemnet.se/salda/lagenhet-1rum-nedre-johanneberg-goteborgs-kommun-walleriusgatan-4-7381031656885299487,23-24m²,bostadsratt,2026-09-22T13:02:45.038256
3293862114296252988,https://www.hemnet.se/salda/lagenhet-1rum-centrum-tidaholms-kommun-dyckertsgatan-8-3293862114296252988,23-24m²,bostadsratt,2026-09-22T13:02:45.038257
6820670063075065588,https://www.hemnet.se/salda/lagenhet-1rum-katarina-sofia-stockholms-kommun-asogatan-190-6820670063075065588,23-24m²,bostadsratt,2026-09-22T13:02:45.038257
422192763634516763,https://www.hemnet.se/salda/lagenhet-1rum-korfaltet-ostersunds-kommun-reveljgrand-23-b-422192763634516763,23-24m²,bostadsratt,2026-09-22T13:02:45.038258
8888292420990015966,https://www.hemnet.se/salda/lagenhet-1rum-soder-gavle-kommun-ovre-arbetshusgatan-54b-8888292420990015966,23-24m²,bostadsratt,2026-09-22T13:02:45.038259
5401883727372831795,https://www.hemnet.se/salda/lagenhet-1rum-ovre-eriksberg-goteborgs-kommun-ullmansgatan-5a-5401883727372831795,23-24m²,bostadsratt,2026-09-22T13:02:45.038260
3978097836560326073,"https://www.hemnet.se/salda/lagenhet-1rum-grondal-stockholms-kommun-sjobjornsvagen-15b,-1tr-3978097836560326073",23-24m²,bostadsratt,2026-09-22T13:02:45.038261
7622472026273043836,"https://www.hemnet.se/salda/lagenhet-1rum-ostermalm-stockholms-kommun-sibyllegatan-26,-5-tr,-7622472026273043836",23-24m²,bostadsratt,2026-09-22T13:02:45.038262
8473348287657675684,https://www.hemnet.se/salda/lagenhet-1rum-vasastan-norrmalm-stockholms-kommun-luntmakargatan-10-8473348287657675684,23-24m²,bostadsratt,2026-09-22T13:02:45.038263
1426475,"https://www.hemnet.se/salda/lagenhet-1rum-hagerneholm,-arninge-taby-kommun-hagerneholmsvagen-7a,-vaning-2-1426475",23-24m²,bostadsratt,2026-09-22T13:02:45.038264
3068766651151947306,https://www.hemnet.se/salda/lagenhet-1rum-sofiaparken-lunds-kommun-sofiavagen-5d-3068766651151947306,23-24m²,bostadsratt,2026-09-22T13:02:45.038265
146392414841252377,https://www.hemnet.se/salda/lagenhet-1rum-kungsangen-sala-kommun-ringgatan-38a-146392414841252377,23-24m²,bostadsratt,2026-09-22T13:02:45.038265
196747092712258802,https://www.hemnet.se/salda/lagenhet-1rum-hogbeget-ludvika-kommun-furuhallsgatan-16b-196747092712258802,23-24m²,bostadsratt,2026-09-22T13:02:45.038266
2805394229974799691,https://www.hemnet.se/salda/lagenhet-1rum-arsta-uppsala-kommun-fyrislundsgatan-44-2805394229974799691,23-24m²,bostadsratt,2026-09-22T13:02:45.038267
8536739365010023850,https://www.hemnet.se/salda/lagenhet-1rum-centrum-lulea-kommun-stationsgatan-32a-8536739365010023850,23-24m²,bostadsratt,2026-09-22T13:02:45.038269
4698285440435615943,https://www.hemnet.se/salda/lagenhet-1rum-centrum-vasastaden-linkopings-kommun-sturegatan-3b-4698285440435615943,23-24m²,bostadsratt,2026-09-22T13:02:45.038270
2128641119575310570,"https://www.hemnet.se/salda/lagenhet-1rum-danderyd-danderyds-kommun-morbylund-15b,-5-tr-2128641119575310570",23-24m²,bostadsratt,2026-09-22T13:02:45.038271
6390977852930776395,"https://www.hemnet.se/salda/lagenhet-1rum-hagerstensasen-telefonplan-stockholms-kommun-arvodesvagen-6,-van-3-6390977852930776395",23-24m²,bostadsratt,2026-09-22T13:02:45.038272
1873853948764756057,https://www.hemnet.se/salda/lagenhet-1rum-kvarnbergsplan-huddinge-kommun-radsvagen-5c-1873853948764756057,23-24m²,bostadsratt,2026-09-22T13:02:45.038273
7539592015206381096,"https://www.hemnet.se/salda/lagenhet-1rum-norrmalm-stockholms-kommun-vastmannagatan-13,-bv-7539592015206381096",23-24m²,bostadsratt,2026-09-22T13:02:45.038274
916158813525009404,https://www.hemnet.se/salda/lagenhet-1rum-sodermalm-stockholms-kommun-svartensgatan-12-916158813525009404,23-24m²,bostadsratt,2026-09-22T13:02:45.038274
5512890905635490200,https://www.hemnet.se/salda/lagenhet-1rum-tagaborg-helsingborgs-kommun-flemminggatan-10-5512890905635490200,23-24m²,bostadsratt,2026-09-22T13:02:45.038275
1445510,https://www.hemnet.se/salda/lagenhet-1rum-midsommarkransen-stockholms-kommun-majstangsvagen-11-1445510,23-24m²,bostadsratt,2026-09-22T13:02:45.038276
2756184418891618864,"https://www.hemnet.se/salda/lagenhet-1rum-kungsholmen-stockholms-kommun-svarvargatan-10,-2tr-2756184418891618864",23-24m²,bostadsratt,2026-09-22T13:02:45.038277
3613591095321930172,https://www.hemnet.se/salda/lagenhet-1rum-flemingsberg-huddinge-kommun-terapivagen-14a-3613591095321930172,23-24m²,bostadsratt,2026-09-22T13:02:45.038278
1371267,"https://www.hemnet.se/salda/lagenhet-1rum-sofia-stockholms-kommun-asogatan-181,-1-tr-1371267",23-24m²,bostadsratt,2026-09-22T13:02:45.038279
5413956119750811555,"https://www.hemnet.se/salda/lagenhet-1rum-luossavaara-kiruna-kommun-dubengatan-29-c,-van-4-5413956119750811555",23-24m²,bostadsratt,2026-09-22T13:02:45.038279
1292000787682774378,https://www.hemnet.se/salda/lagenhet-1rum-nedre-gardet-ostermalm-stockholms-kommun-erik-dahlbergsgatan-18-1292000787682774378,23-24m²,bostadsratt,2026-09-22T13:02:45.038280
1438361,https://www.hemnet.se/salda/lagenhet-1rum-visby-gotlands-kommun-visborgsgatan-34b-1438361,23-24m²,bostadsratt,2026-09-22T13:02:45.038281
2217163695677772864,https://www.hemnet.se/salda/lagenhet-1rum-sodermalm-helgalunden-stockholms-kommun-grindsgatan-29-2217163695677772864,23-24m²,bostadsratt,2026-09-22T13:02:45.038282
3094932366589242390,https://www.hemnet.se/salda/lagenhet-1rum-valla-linkopings-kommun-ostsvangen-1a-3094932366589242390,23-24m²,bostadsratt,2026-09-22T13:02:45.038283
9204520878689068786,https://www.hemnet.se/salda/lagenhet-1rum-vallingby-centrum-stockholms-kommun-jamtlandsgatan-90-9204520878689068786,23-24m²,bostadsratt,2026-09-22T13:02:45.038284
5891188937217887368,"https://www.hemnet.se/salda/lagenhet-1rum-gardet-stockholms-kommun-furusundsgatan-6,-5-tr-5891188937217887368",23-24m²,bostadsratt,2026-09-22T13:02:45.038285
1892356336697321378,https://www.hemnet.se/salda/lagenhet-1rum-bjorkhagen-stockholms-kommun-skanorvagen-9-1892356336697321378,23-24m²,bostadsratt,2026-09-22T13:02:45.038286
1437923,"https://www.hemnet.se/salda/lagenhet-1rum-solna-rasunda-solna-kommun-rasundavagen-134,-4-tr-1437923",23-24m²,bostadsratt,2026-09-22T13:02:45.038287
3532164878724890421,https://www.hemnet.se/salda/lagenhet-1rum-stockholm-sodermalm-stockholms-kommun-maria-skolgata-87-3532164878724890421,23-24m²,bostadsratt,2026-09-22T13:02:45.038287
6824294112154422036,https://www.hemnet.se/salda/lagenhet-1rum-centrum-uppsala-kommun-linnegatan-5a-6824294112154422036,23-24m²,bostadsratt,2026-09-22T13:02:45.038288
8826610422924319003,https://www.hemnet.se/salda/lagenhet-1rum-birkastan-stockholms-kommun-norrbackagatan-5-8826610422924319003,23-24m²,bostadsratt,2026-09-22T13:02:45.038289
1501603,https://www.hemnet.se/salda/lagenhet-1rum-salabacke-uppsala-kommun-arstagatan-18c-1501603,23-24m²,bostadsratt,2026-09-22T13:02:45.038290
1368749,https://www.hemnet.se/salda/lagenhet-1rum-globen-gullmarsplan-stockholms-kommun-bildhuggarvagen-4-1368749,23-24m²,bostadsratt,2026-09-22T13:02:45.038291
6336812378212230879,https://www.hemnet.se/salda/lagenhet-1rum-centralt-lunds-kommun-slojdgatan-12-6336812378212230879,23-24m²,bostadsratt,2026-09-22T13:02:45.038292
7662285269458367177,https://www.hemnet.se/salda/lagenhet-1rum-aspudden-ornsberg-stockholms-kommun-hagerstensvagen-207-7662285269458367177,23-24m²,bostadsratt,2026-09-22T13:02:45.038293
4820974047756658447,https://www.hemnet.se/salda/lagenhet-1rum-fredhall-stockholms-kommun-orvar-odds-vag-2-4820974047756658447,23-24m²,bostadsratt,2026-09-22T13:02:45.038293
1791779351401855726,https://www.hemnet.se/salda/lagenhet-1rum-danderyd-danderyds-kommun-morbylund-15b-1791779351401855726,23-24m²,bostadsratt,2026-09-22T13:02:45.038299
3868006785706072533,"https://www.hemnet.se/salda/lagenhet-1rum-gardet-stockholms-kommun-furusundsgatan-6,-4-tr-3868006785706072533",23-24m²,bostadsratt,2026-09-22T13:02:45.038300
239581018804803498,https://www.hemnet.se/salda/lagenhet-1rum-kungsholmen-norr-malarstrand-stockholms-kommun-kungsholms-hamnplan-5-239581018804803498,23-24m²,bostadsratt,2026-09-22T13:02:45.038300
7789415260101254483,https://www.hemnet.se/salda/lagenhet-1rum-bromma-stockholms-kommun-snormakarvagen-29-7789415260101254483,23-24m²,bostadsratt,2026-09-22T13:02:45.038301
1675503364692936055,https://www.hemnet.se/salda/lagenhet-1rum-sorgenfri-malmo-kommun-bodekullsgatan-29a-1675503364692936055,23-24m²,bostadsratt,2026-09-22T13:02:45.038302
328743806938808945,https://www.hemnet.se/salda/lagenhet-1rum-birkastan-vasastan-stockholms-kommun-torsgatan-33-328743806938808945,23-24m²,bostadsratt,2026-09-22T13:02:45.038303
2960052149138240737,https://www.hemnet.se/salda/lagenhet-1rum-framre-luthagen-uppsala-kommun-odensgatan-4b-2960052149138240737,23-24m²,bostadsratt,2026-09-22T13:02:45.038304
1469374,https://www.hemnet.se/salda/lagenhet-1rum-slussen-malmo-kommun-fredriksbergsgatan-8-1469374,23-24m²,bostadsratt,2026-09-22T13:02:45.038305
856499293154668577,"https://www.hemnet.se/salda/lagenhet-1rum-vasastan-norrmalm-stockholms-kommun-tegnergatan-55c,-4-tr-856499293154668577",23-24m²,bostadsratt,2026-09-22T13:02:45.038305
1648375974613492511,https://www.hemnet.se/salda/lagenhet-1rum-ostermalm-stockholms-kommun-grevgatan-20-1648375974613492511,23-24m²,bostadsratt,2026-09-22T13:02:45.038306
231666416102431308,https://www.hemnet.se/salda/lagenhet-1rum-ostermalm-gardet-stockholms-kommun-sandhamnsgatan-23-231666416102431308,23-24m²,bostadsratt,2026-09-22T13:02:45.038307
2064827555139683949,https://www.hemnet.se/salda/lagenhet-1rum-centrum-hjo-kommun-lindgatan-9a-2064827555139683949,23-24m²,bostadsratt,2026-09-22T13:02:45.038308
6896237448938400207,https://www.hemnet.se/salda/lagenhet-1rum-framre-luthagen-uppsala-kommun-fredsgatan-4a-6896237448938400207,23-24m²,bostadsratt,2026-09-22T13:02:45.038309
8325511739539542918,https://www.hemnet.se/salda/lagenhet-1rum-centralt-norr-orebro-kommun-schantzgatan-10a-8325511739539542918,23-24m²,bostadsratt,2026-09-22T13:02:45.038310
5937231337407910247,"https://www.hemnet.se/salda/lagenhet-1,5rum-norra-sorunda-haninge-kommun-runstens-byvag-86b-5937231337407910247",23-24m²,bostadsratt,2026-09-22T13:02:45.038311
8124551675038071867,https://www.hemnet.se/salda/lagenhet-1rum-hisings-backa-goteborgs-kommun-tofsvipegatan-38-8124551675038071867,23-24m²,bostadsratt,2026-09-22T13:02:45.038311
4674575304041702930,"https://www.hemnet.se/salda/lagenhet-1rum-sodermalm-stockholms-kommun-krukmakargatan-65,-1-tr-accepterat-pris-4674575304041702930",23-24m²,bostadsratt,2026-09-22T13:02:45.038312
478721707560679038,https://www.hemnet.se/salda/lagenhet-1rum-dammfri-malmo-kommun-ribevagen-19a-478721707560679038,23-24m²,bostadsratt,2026-09-22T13:02:45.038313
1433261,https://www.hemnet.se/salda/lagenhet-1rum-centralt-oster-orebro-kommun-oskarstorget-14-1433261,23-24m²,bostadsratt,2026-09-22T13:02:45.038314
7721148120708328558,https://www.hemnet.se/salda/lagenhet-1rum-norra-djurgarden-stockholms-kommun-valhallavagen-49-7721148120708328558,23-24m²,bostadsratt,2026-09-22T13:02:45.038315
1418117,https://www.hemnet.se/salda/lagenhet-1rum-hammarby-vasteras-kommun-narvavagen-71-1418117,23-24m²,bostadsratt,2026-09-22T13:02:45.038316
6929533394052843825,https://www.hemnet.se/salda/lagenhet-1rum-saltangen-nacka-kommun-beckasinvagen-47a-6929533394052843825,23-24m²,bostadsratt,2026-09-22T13:02:45.038316
1169222366518031256,"https://www.hemnet.se/salda/lagenhet-1rum-hagersten-solberga-stockholms-kommun-kristallvagen-9,-2-tr-1169222366518031256",23-24m²,bostadsratt,2026-09-22T13:02:45.038317
7196910114142709999,"https://www.hemnet.se/salda/lagenhet-1rum-hagerstensasen-stockholms-kommun-bokbindarvagen-55,-2tr-7196910114142709999",23-24m²,bostadsratt,2026-09-22T13:02:45.038318
5231201758954885203,"https://www.hemnet.se/salda/lagenhet-1rum-haga-norra-solna-kommun-fyrgrand-4,-van-3-5231201758954885203",23-24m²,bostadsratt,2026-09-22T13:02:45.038319
7592384838630088651,https://www.hemnet.se/salda/lagenhet-1rum-lund-centrum-lunds-kommun-rabygatan-3-7592384838630088651,23-24m²,bostadsratt,2026-09-22T13:02:45.038320
4884240496184693474,https://www.hemnet.se/salda/lagenhet-1rum-finntorp-nacka-kommun-finntorpsvagen-3-4884240496184693474,23-24m²,bostadsratt,2026-09-22T13:02:45.038322
29967079118334684,https://www.hemnet.se/salda/lagenhet-1rum-bellevue-ystads-kommun-gustafsgatan-2a-29967079118334684,23-24m²,bostadsratt,2026-09-22T13:02:45.038324
5679854986564790176,https://www.hemnet.se/salda/lagenhet-1rum-blasut-stockholms-kommun-pastellvagen-17-5679854986564790176,23-24m²,bostadsratt,2026-09-22T13:02:45.038325
8588088399320590977,"https://www.hemnet.se/salda/lagenhet-1rum-sodermalm-katarina-sofia-stockholms-kommun-asogatan-181,-3-tr-8588088399320590977",23-24m²,bostadsratt,2026-09-22T13:02:45.038326
374516199448595422,https://www.hemnet.se/salda/lagenhet-24m2-ostra-vi-gotlands-kommun-wilhelmina-skoghs-gata-8-374516199448595422,23-24m²,bostadsratt,2026-09-22T13:02:45.038327
6960586838243526934,https://www.hemnet.se/salda/lagenhet-2rum-tofta-gotlands-kommun-tofta-kroks-612h-6960586838243526934,23-24m²,bostadsratt,2026-09-22T13:02:45.038336
4369828235206226831,https://www.hemnet.se/salda/lagenhet-1rum-dammfri-malmo-kommun-angdalavagen-31-4369828235206226831,23-24m²,bostadsratt,2026-09-22T13:02:45.038337
8351732887433839058,https://www.hemnet.se/salda/lagenhet-1rum-centralt-oskarshamns-kommun-sodra-langgatan-23b-8351732887433839058,23-24m²,bostadsratt,2026-09-22T13:02:45.038338
1471841,https://www.hemnet.se/salda/lagenhet-1rum-morbylund-danderyds-kommun-morbylund-15-b-1471841,23-24m²,bostadsratt,2026-09-22T13:02:45.038340
2871367160983957759,https://www.hemnet.se/salda/lagenhet-1rum-kungsholmen-stockholms-kommun-alstromergatan-51-2871367160983957759,23-24m²,bostadsratt,2026-09-22T13:02:45.038341
7420227020270988827,https://www.hemnet.se/salda/lagenhet-1rum-gardet-stockholms-kommun-rindogatan-28-7420227020270988827,23-24m²,bostadsratt,2026-09-22T13:02:45.038342
6054344251462188792,https://www.hemnet.se/salda/lagenhet-1rum-s-t-knut-malmo-kommun-master-henriksgatan-10a-6054344251462188792,23-24m²,bostadsratt,2026-09-22T13:02:45.038343
2461446449813713863,https://www.hemnet.se/salda/lagenhet-1rum-hammarbyhojden-stockholms-kommun-johan-printz-vag-32-2461446449813713863,23-24m²,bostadsratt,2026-09-22T13:02:45.038345
4202720986930092658,https://www.hemnet.se/salda/lagenhet-2rum-vasastan-tegnerlunden-stockholms-kommun-radmansgatan-80a-4202720986930092658,23-24m²,bostadsratt,2026-09-22T13:02:45.038346
1474151,https://www.hemnet.se/salda/lagenhet-1rum-centrala-sundbyberg-sundbybergs-kommun-brunnsgatan-2b-1474151,23-24m²,bostadsratt,2026-09-22T13:02:45.038347
3973754622705373482,"https://www.hemnet.se/salda/lagenhet-1rum-hagerneholm,-arninge-ullna-taby-kommun-hagerneholmsvagen-7b-van-1-3973754622705373482",23-24m²,bostadsratt,2026-09-22T13:02:45.038348
6025352328955122592,https://www.hemnet.se/salda/lagenhet-1rum-barkarby-jarfalla-kommun-flyginfarten-14a-6025352328955122592,23-24m²,bostadsratt,2026-09-22T13:02:45.038349
8958323532709623452,"https://www.hemnet.se/salda/lagenhet-1rum-vallingby-centrum-stockholms-kommun-vittangigatan-20,-2tr-8958323532709623452",23-24m²,bostadsratt,2026-09-22T13:02:45.038350
7708392520887491314,https://www.hemnet.se/salda/lagenhet-1rum-katarina-sodermalm-stockholms-kommun-bjurholmsplan-23-7708392520887491314,23-24m²,bostadsratt,2026-09-22T13:02:45.038351
8623087254402614017,https://www.hemnet.se/salda/lagenhet-1rum-ranten-falkopings-kommun-jarnvagsgatan-22-a-8623087254402614017,23-24m²,bostadsratt,2026-09-22T13:02:45.038352
8100154909052897144,https://www.hemnet.se/salda/lagenhet-1rum-bagaregarden-goteborgs-kommun-bagaregardsgatan-8a-8100154909052897144,23-24m²,bostadsratt,2026-09-22T13:02:45.038353
5176568972522511083,https://www.hemnet.se/salda/lagenhet-1rum-skondal-stockholms-kommun-perstorpsvagen-110-5176568972522511083,23-24m²,bostadsratt,2026-09-22T13:02:45.038354
8467991494821621889,https://www.hemnet.se/salda/lagenhet-1rum-ostermalm-stockholms-kommun-sibyllegatan-21-8467991494821621889,23-24m²,bostadsratt,2026-09-22T13:02:45.038355
6651626799289444380,"https://www.hemnet.se/salda/lagenhet-1rum-ekhagen-stockholms-kommun-torphagsvagen-6,-2tr-6651626799289444380",23-24m²,bostadsratt,2026-09-22T13:02:45.038356
6390459488636751470,https://www.hemnet.se/salda/lagenhet-1rum-sodermalm-zinkensdamm-stockholms-kommun-maria-skolgata-87-6390459488636751470,23-24m²,bostadsratt,2026-09-22T13:02:45.038358
1618186688250171456,https://www.hemnet.se/salda/lagenhet-1rum-johannelund-linkopings-kommun-munkhagsgatan-86-1618186688250171456,23-24m²,bostadsratt,2026-09-22T13:02:45.038359
1096348217793439769,https://www.hemnet.se/salda/lagenhet-1rum-hjorthagen-stockholms-kommun-ahlsellvagen-6-1096348217793439769,23-24m²,bostadsratt,2026-09-22T13:02:45.038360
5900813891991608296,https://www.hemnet.se/salda/lagenhet-1rum-nedre-gardet-stockholms-kommun-skeppargatan-81-5900813891991608296,23-24m²,bostadsratt,2026-09-22T13:02:45.038363
1407102,https://www.hemnet.se/salda/lagenhet-1rum-sodermalm-katarina-stockholms-kommun-nytorgsgatan-15-1407102,23-24m²,bostadsratt,2026-09-22T13:02:45.038364
2636371735773521842,https://www.hemnet.se/salda/lagenhet-1rum-vasastan-stockholms-kommun-sankt-eriksgatan-110-2636371735773521842,23-24m²,bostadsratt,2026-09-22T13:02:45.038365
2638053440728776550,https://www.hemnet.se/salda/lagenhet-1rum-kungsholmen-radhuset-stockholms-kommun-kungsklippan-11-2638053440728776550,23-24m²,bostadsratt,2026-09-22T13:02:45.038366
9129952541260575738,https://www.hemnet.se/salda/lagenhet-1rum-centralt-oskarshamns-kommun-sodra-langgatan-23b-9129952541260575738,23-24m²,bostadsratt,2026-09-22T13:02:45.038367
374687416909883537,"https://www.hemnet.se/salda/lagenhet-1rum-vasastan-odenplan-stockholms-kommun-sveavagen-140,-4-tr-374687416909883537",23-24m²,bostadsratt,2026-09-22T13:02:45.038368
6051120839036465583,https://www.hemnet.se/salda/lagenhet-1rum-gullmarsplan-stockholms-kommun-gullmarsvagen-8-6051120839036465583,23-24m²,bostadsratt,2026-09-22T13:02:45.038370
5779934598970102467,https://www.hemnet.se/salda/lagenhet-1rum-centrum-vallentuna-kommun-centralvagen-4-5779934598970102467,23-24m²,bostadsratt,2026-09-22T13:02:45.038371
1375915070274142623,https://www.hemnet.se/salda/lagenhet-1rum-dammfri-malmo-kommun-pilakersvagen-4c-1375915070274142623,23-24m²,bostadsratt,2026-09-22T13:02:45.038372
1428810674372259194,https://www.hemnet.se/salda/lagenhet-1rum-ostermalm-gardet-stockholms-kommun-osthammarsgatan-70-b-1428810674372259194,23-24m²,bostadsratt,2026-09-22T13:02:45.038373
8356248251752641256,https://www.hemnet.se/salda/lagenhet-1rum-kungsholmen-stockholms-kommun-industrigatan-9-8356248251752641256,23-24m²,bostadsratt,2026-09-22T13:02:45.038374
3554507050329459178,https://www.hemnet.se/salda/lagenhet-1rum-sodermalm-stockholms-kommun-tobaksspinnargatan-10-3554507050329459178,23-24m²,bostadsratt,2026-09-22T13:02:45.038374
6588316825869425187,https://www.hemnet.se/salda/lagenhet-1rum-johanneshov-stockholms-kommun-finn-malmgrens-vag-2b-6588316825869425187,23-24m²,bostadsratt,2026-09-22T13:02:45.038375
1439725776547743905,"https://www.hemnet.se/salda/lagenhet-1rum-morbylund-danderyds-kommun-morbylund-15b,-9-tr-1439725776547743905",23-24m²,bostadsratt,2026-09-22T13:02:45.038376
1404781,"https://www.hemnet.se/salda/lagenhet-1rum-nedre-gardet-ostermalm-stockholms-kommun-strindbergsgatan-50,-3tr-1404781",23-24m²,bostadsratt,2026-09-22T13:02:45.038377
2352922598620503763,https://www.hemnet.se/salda/lagenhet-1rum-sodermalm-stockholms-kommun-kocksgatan-36-2352922598620503763,23-24m²,bostadsratt,2026-09-22T13:02:45.038378
1377921,"https://www.hemnet.se/salda/lagenhet-1rum-lilla-essingen-kungsholmen-stockholms-kommun-stralgatan-47,-van-4-av-4-1377921",23-24m²,bostadsratt,2026-09-22T13:02:45.038379
3413323468438913412,https://www.hemnet.se/salda/lagenhet-1rum-blekingsborg-malmo-kommun-per-albin-hanssons-vag-56a-3413323468438913412,23-24m²,bostadsratt,2026-09-22T13:02:45.038380
3977113283402481371,https://www.hemnet.se/salda/lagenhet-1rum-centralt-hassleholms-kommun-vallgatan-27-3977113283402481371,23-24m²,bostadsratt,2026-09-22T13:02:45.038381
1746566034787364599,https://www.hemnet.se/salda/lagenhet-1rum-jarnbrott-goteborgs-kommun-bildradiogatan-2-1746566034787364599,23-24m²,bostadsratt,2026-09-22T13:02:45.038381
3356578085646053146,https://www.hemnet.se/salda/lagenhet-1rum-vasastan-stockholms-kommun-vikingagatan-3-3356578085646053146,23-24m²,bostadsratt,2026-09-22T13:02:45.038382
7410910916300571430,https://www.hemnet.se/salda/lagenhet-1rum-tingvallastaden-karlstads-kommun-herrgardsgatan-12-7410910916300571430,23-24m²,bostadsratt,2026-09-22T13:02:45.038383
5571211834689159559,https://www.hemnet.se/salda/lagenhet-1rum-sodermalm-stockholms-kommun-ljusterogatan-5-5571211834689159559,23-24m²,bostadsratt,2026-09-22T13:02:45.038384
3238461713913860492,https://www.hemnet.se/salda/lagenhet-1rum-moron-skelleftea-kommun-myntgatan-17-3238461713913860492,23-24m²,bostadsratt,2026-09-22T13:02:45.038385
6988900017138008877,https://www.hemnet.se/salda/lagenhet-1rum-kungsholmen-stockholms-kommun-kungsklippan-11-6988900017138008877,23-24m²,bostadsratt,2026-09-22T13:02:45.038386
19004182157070314,https://www.hemnet.se/salda/lagenhet-1rum-kulladal-malmo-kommun-per-albin-hanssons-vag-52b-19004182157070314,23-24m²,bostadsratt,2026-09-22T13:02:45.038387
5095263741804954485,https://www.hemnet.se/salda/lagenhet-1rum-centralt-oster-orebro-kommun-oskarstorget-14-5095263741804954485,23-24m²,bostadsratt,2026-09-22T13:02:45.038387
5170631051021466079,https://www.hemnet.se/salda/lagenhet-1rum-sodermalm-stockholms-kommun-rutger-fuchsgatan-4-5170631051021466079,23-24m²,bostadsratt,2026-09-22T13:02:45.038390
4333627480709852434,https://www.hemnet.se/salda/lagenhet-1rum-gottfridsberg-linkopings-kommun-ostsvangen-1a-4333627480709852434,23-24m²,bostadsratt,2026-09-22T13:02:45.038390
4076502974786903070,https://www.hemnet.se/salda/lagenhet-1rum-tyreso-strand-tyreso-kommun-pastellgrand-4-4076502974786903070,23-24m²,bostadsratt,2026-09-22T13:02:45.038391
2639360773256307770,https://www.hemnet.se/salda/lagenhet-1rum-ostermalm-ekhagen-stockholms-kommun-ekhagsvagen-10-2639360773256307770,23-24m²,bostadsratt,2026-09-22T13:02:45.038392
5051040167411249254,"https://www.hemnet.se/salda/lagenhet-1rum-sodermalm-stockholms-kommun-slipgatan-5,-1-tr-5051040167411249254",23-24m²,bostadsratt,2026-09-22T13:02:45.038393
7851700221564849007,"https://www.hemnet.se/salda/lagenhet-1rum-vasastan-stockholms-kommun-radmansgatan-46,-4-tr-7851700221564849007",23-24m²,bostadsratt,2026-09-22T13:02:45.038394
1303149853843195395,https://www.hemnet.se/salda/lagenhet-23m2-gardet-stockholms-kommun-furusundsgatan-21b-1303149853843195395,23-24m²,bostadsratt,2026-09-22T13:02:45.038395
9195912947767400870,https://www.hemnet.se/salda/lagenhet-1rum-hjo-hjo-kommun-lindgatan-9a-9195912947767400870,23-24m²,bostadsratt,2026-09-22T13:02:45.038396
7577327886824881644,https://www.hemnet.se/salda/lagenhet-1rum-vasastan-atlas-stockholms-kommun-vulcanusgatan-9-7577327886824881644,23-24m²,bostadsratt,2026-09-22T13:02:45.038397
616195183357378387,https://www.hemnet.se/salda/lagenhet-1rum-ostermalm-motala-kommun-ostermalmsgatan-37a-616195183357378387,23-24m²,bostadsratt,2026-09-22T13:02:45.038397
228501413787262364,"https://www.hemnet.se/salda/lagenhet-1rum-kungsholmen-fridhemsplan-stockholms-kommun-alstromergatan-51,-2tr-228501413787262364",23-24m²,bostadsratt,2026-09-22T13:02:45.038398
5439996988745736429,https://www.hemnet.se/salda/lagenhet-1rum-stuvsta-huddinge-kommun-yrkesvagen-21-b-5439996988745736429,23-24m²,bostadsratt,2026-09-22T13:02:45.038399
1439485,https://www.hemnet.se/salda/lagenhet-1rum-morbylund-danderyds-kommun-morbylund-11b-1439485,23-24m²,bostadsratt,2026-09-22T13:02:45.038400
3088874187918737206,https://www.hemnet.se/salda/lagenhet-1rum-gustavsberg-varmdo-kommun-skogsbovagen-22-3088874187918737206,23-24m²,bostadsratt,2026-09-22T13:02:45.038401
4710265965175666833,https://www.hemnet.se/salda/lagenhet-1rum-solna-solna-kommun-sylvangatan-5-4710265965175666833,23-24m²,bostadsratt,2026-09-22T13:02:45.038402
4331815292201038493,https://www.hemnet.se/salda/lagenhet-1rum-gustavsberg-osby-sjopark-varmdo-kommun-skogsbovagen-18-4331815292201038493,23-24m²,bostadsratt,2026-09-22T13:02:45.038403
6049460883932084769,https://www.hemnet.se/salda/lagenhet-1rum-ostermalm-stockholms-kommun-linnegatan-90-6049460883932084769,23-24m²,bostadsratt,2026-09-22T13:02:45.038404
1444451,https://www.hemnet.se/salda/lagenhet-1rum-mollevangen-malmo-kommun-bangatan-4c-1444451,23-24m²,bostadsratt,2026-09-22T13:02:45.038404
7617308645157059851,https://www.hemnet.se/salda/lagenhet-1rum-kungsholmen-stockholms-kommun-sankt-eriksgatan-4-7617308645157059851,23-24m²,bostadsratt,2026-09-22T13:02:45.038405
2315222846198139570,https://www.hemnet.se/salda/lagenhet-1rum-sodermalm-stockholms-kommun-krukmakargatan-38-2315222846198139570,23-24m²,bostadsratt,2026-09-22T13:02:45.038406
2126584809742905327,https://www.hemnet.se/salda/lagenhet-1rum-blackeberg-stockholms-kommun-arvid-mornes-vag-52-2126584809742905327,23-24m²,bostadsratt,2026-09-22T13:02:45.038407
4399083647378955081,https://www.hemnet.se/salda/lagenhet-1rum-rosenkalla-nykopings-kommun-erikslundsvagen-7-4399083647378955081,23-24m²,bostadsratt,2026-09-22T13:02:45.038408
203419986300560463,https://www.hemnet.se/salda/lagenhet-1rum-alhem-skelleftea-kommun-kagevagen-40a-203419986300560463,23-24m²,bostadsratt,2026-09-22T13:02:45.038409
7282758797254857033,https://www.hemnet.se/salda/lagenhet-1rum-sodermalm-mariatorget-stockholms-kommun-fredmansgatan-9-7282758797254857033,23-24m²,bostadsratt,2026-09-22T13:02:45.038409
6825674821134820965,https://www.hemnet.se/salda/lagenhet-1rum-finntorp-nacka-kommun-finntorpsvagen-3-6825674821134820965,23-24m²,bostadsratt,2026-09-22T13:02:45.038410
3204226473764738402,"https://www.hemnet.se/salda/lagenhet-1rum-haga-norra-solna-kommun-sylvangatan-5,-van-4-3204226473764738402",23-24m²,bostadsratt,2026-09-22T13:02:45.038411
1442541,"https://www.hemnet.se/salda/lagenhet-1rum-sodermalm-sofo-stockholms-kommun-kocksgatan-36,-3-tr,-1442541",23-24m²,bostadsratt,2026-09-22T13:02:45.038412
3515729407146145955,https://www.hemnet.se/salda/lagenhet-1rum-hammarbyhojden-stockholms-kommun-wahlbergsgatan-11-3515729407146145955,23-24m²,bostadsratt,2026-09-22T13:02:45.038414
3995135010789949517,https://www.hemnet.se/salda/lagenhet-1rum-vallentuna-vallentuna-kommun-centralvagen-6-3995135010789949517,23-24m²,bostadsratt,2026-09-22T13:02:45.038415
3907034926456160055,https://www.hemnet.se/salda/lagenhet-1rum-vallingby-centrum-stockholms-kommun-vittangigatan-16-vaning-5-3907034926456160055,23-24m²,bostadsratt,2026-09-22T13:02:45.038416
1375300,"https://www.hemnet.se/salda/lagenhet-1rum-nedre-gardet-stockholms-kommun-valhallavagen-131,-3-tr-1375300",23-24m²,bostadsratt,2026-09-22T13:02:45.038417
8841462822992506438,https://www.hemnet.se/salda/lagenhet-1rum-soder-ostersunds-kommun-bangardsgatan-56-8841462822992506438,23-24m²,bostadsratt,2026-09-22T13:02:45.038418
7277734336703873870,https://www.hemnet.se/salda/lagenhet-1rum-kungsholmen-stockholms-kommun-fleminggatan-58-7277734336703873870,23-24m²,bostadsratt,2026-09-22T13:02:45.038419
6043543215961514651,https://www.hemnet.se/salda/lagenhet-1rum-vasastan-roda-bergen-stockholms-kommun-rodabergsgatan-2-6043543215961514651,23-24m²,bostadsratt,2026-09-22T13:02:45.038420
8802134929572721626,https://www.hemnet.se/salda/lagenhet-1rum-rasunda-solna-kommun-klovervagen-5-8802134929572721626,23-24m²,bostadsratt,2026-09-22T13:02:45.038421
5163389726527881087,https://www.hemnet.se/salda/lagenhet-1rum-kungsholmen-stockholms-kommun-kungsklippan-11-5163389726527881087,23-24m²,bostadsratt,2026-09-22T13:02:45.038422
2894145566872082386,https://www.hemnet.se/salda/lagenhet-1rum-vallingby-centrum-stockholms-kommun-jamtlandsgatan-96-van-2-2894145566872082386,23-24m²,bostadsratt,2026-09-22T13:02:45.038423
264569357953674428,"https://www.hemnet.se/salda/lagenhet-1rum-aspudden-ornsberg-stockholms-kommun-hagerstensvagen-207,-1-tr,-264569357953674428",23-24m²,bostadsratt,2026-09-22T13:02:45.038423
7985560341661285051,https://www.hemnet.se/salda/lagenhet-1rum-hoganas-uppsala-kommun-botvidsgatan-6-a-7985560341661285051,23-24m²,bostadsratt,2026-09-22T13:02:45.038425
6470484258060615778,"https://www.hemnet.se/salda/lagenhet-1rum-hagerneholm,-arninge-ullna-taby-kommun-hagerneholmsvagen-7a-1-tr-6470484258060615778",23-24m²,bostadsratt,2026-09-22T13:02:45.038425
6282072013832704415,"https://www.hemnet.se/salda/lagenhet-1rum-djursholms-torg-danderyds-kommun-gudmundvagen-1-b,-1tr-6282072013832704415",23-24m²,bostadsratt,2026-09-22T13:02:45.038426
2178723751301026046,https://www.hemnet.se/salda/lagenhet-1rum-centrum-vallentuna-kommun-centralvagen-4-2178723751301026046,23-24m²,bostadsratt,2026-09-22T13:02:45.038427
8953494292510884120,https://www.hemnet.se/salda/lagenhet-1rum-kristineberg-stockholms-kommun-levertinsgatan-3-8953494292510884120,23-24m²,bostadsratt,2026-09-22T13:02:45.038428
4467059868061327016,"https://www.hemnet.se/salda/lagenhet-1rum-sodermalm-stockholms-kommun-tjustgatan-2,-6-tr-4467059868061327016",23-24m²,bostadsratt,2026-09-22T13:02:45.038429
1374986,https://www.hemnet.se/salda/lagenhet-1rum-vallingby-centrum-stockholms-kommun-jamtlandsgatan-92-1374986,23-24m²,bostadsratt,2026-09-22T13:02:45.038429
6107354497337020993,https://www.hemnet.se/salda/lagenhet-1rum-gamla-rasunda-solna-kommun-nyckelvagen-4-6107354497337020993,23-24m²,bostadsratt,2026-09-22T13:02:45.038430
5821829382856435119,"https://www.hemnet.se/salda/lagenhet-1rum-vasastan-roda-bergen-stockholms-kommun-falugatan-23,-3-tr-5821829382856435119",23-24m²,bostadsratt,2026-09-22T13:02:45.038431
5981649096026064783,https://www.hemnet.se/salda/lagenhet-1rum-vallingby-centrum-stockholms-kommun-jamtlandsgatan-76-5981649096026064783,23-24m²,bostadsratt,2026-09-22T13:02:45.038432
1370589295345565629,https://www.hemnet.se/salda/lagenhet-1rum-varvsstaden-malmo-kommun-neptunigatan-71-1370589295345565629,23-24m²,bostadsratt,2026-09-22T13:02:45.038433
247120367888952863,"https://www.hemnet.se/salda/lagenhet-1rum-gardet-ostermalm-stockholms-kommun-vartavagen-59,-6tr-247120367888952863",23-24m²,bostadsratt,2026-09-22T13:02:45.038434
5272747892193748668,https://www.hemnet.se/salda/lagenhet-1rum-kallered-molndals-kommun-streteredsvagen-61a-5272747892193748668,23-24m²,bostadsratt,2026-09-22T13:02:45.038435
1451350,"https://www.hemnet.se/salda/lagenhet-1rum-danderyd-danderyds-kommun-morbylund-15b,-6tr-1451350",23-24m²,bostadsratt,2026-09-22T13:02:45.038435
3904973166992661493,https://www.hemnet.se/salda/lagenhet-1rum-blekingsborg-malmo-kommun-per-albin-hanssons-vag-56b-3904973166992661493,23-24m²,bostadsratt,2026-09-22T13:02:45.038436
8721529719555464039,https://www.hemnet.se/salda/lagenhet-1rum-sodermalm-stockholms-kommun-slipgatan-12-8721529719555464039,23-24m²,bostadsratt,2026-09-22T13:02:45.038437
1024417642704417914,"https://www.hemnet.se/salda/lagenhet-1rum-sodermalm-hogalid-stockholms-kommun-heleneborgsgatan-20,-3-tr-1024417642704417914",23-24m²,bostadsratt,2026-09-22T13:02:45.038440
4218456301626513642,"https://www.hemnet.se/salda/lagenhet-1rum-maria-stockholms-kommun-tavastgatan-18,-4-tr-4218456301626513642",23-24m²,bostadsratt,2026-09-22T13:02:45.038441
8334103524111476595,https://www.hemnet.se/salda/lagenhet-1rum-haga-norra-solna-kommun-sylvangatan-5-8334103524111476595,23-24m²,bostadsratt,2026-09-22T13:02:45.038441
5201657361482924658,"https://www.hemnet.se/salda/lagenhet-1rum-gardet-stockholms-kommun-rindogatan-28,-2tr-5201657361482924658",23-24m²,bostadsratt,2026-09-22T13:02:45.038442
4540988701039285890,https://www.hemnet.se/salda/lagenhet-1rum-korsta-sundsvalls-kommun-klippgatan-14-4540988701039285890,23-24m²,bostadsratt,2026-09-22T13:02:45.038443
2216245078538209546,https://www.hemnet.se/salda/lagenhet-1rum-liljeholmen-jonkopings-kommun-mellangatan-49b-2216245078538209546,23-24m²,bostadsratt,2026-09-22T13:02:45.038444
1467327,"https://www.hemnet.se/salda/lagenhet-1rum-mariehall-stockholms-kommun-kratsbodavagen-36,-3-tr-1467327",23-24m²,bostadsratt,2026-09-22T13:02:45.038445
8510411775206464537,https://www.hemnet.se/salda/lagenhet-1rum-lund-centrum-lunds-kommun-kung-oskars-vag-5a-8510411775206464537,23-24m²,bostadsratt,2026-09-22T13:02:45.038446
6363630167174987882,"https://www.hemnet.se/salda/lagenhet-1rum-kungsholmen-stockholms-kommun-fleminggatan-77,-4-tr-6363630167174987882",23-24m²,bostadsratt,2026-09-22T13:02:45.038447
9132903057687669057,"https://www.hemnet.se/salda/lagenhet-1rum-gullmarsplan-johanneshov-stockholms-kommun-skulptorvagen-15,-5tr-9132903057687669057",23-24m²,bostadsratt,2026-09-22T13:02:45.038447
7744122394905527171,"https://www.hemnet.se/salda/lagenhet-1rum-sodermalm-sofo-stockholms-kommun-kocksgatan-36,-3-tr,-7744122394905527171",23-24m²,bostadsratt,2026-09-22T13:02:45.038448
7578409046893327055,https://www.hemnet.se/salda/lagenhet-1rum-framre-luthagen-uppsala-kommun-vasagatan-1b-7578409046893327055,23-24m²,bostadsratt,2026-09-22T13:02:45.038449
8802799159835392688,https://www.hemnet.se/salda/lagenhet-1rum-centrala-sundbyberg-sundbybergs-kommun-vintergatan-2e-8802799159835392688,23-24m²,bostadsratt,2026-09-22T13:02:45.038450
7540555225091934908,https://www.hemnet.se/salda/lagenhet-1rum-sodermalm-stockholms-kommun-gotgatan-96a-7540555225091934908,23-24m²,bostadsratt,2026-09-22T13:02:45.038451
2883366794232348247,https://www.hemnet.se/salda/lagenhet-1rum-blasut-stockholms-kommun-pastellvagen-17-2883366794232348247,23-24m²,bostadsratt,2026-09-22T13:02:45.038451
6246148525129933229,https://www.hemnet.se/salda/lagenhet-1rum-hammarbyhojden-stockholms-kommun-finn-malmgrens-vag-2b-6246148525129933229,23-24m²,bostadsratt,2026-09-22T13:02:45.038452
1410856,"https://www.hemnet.se/salda/lagenhet-1rum-nacka-finntorp-nacka-kommun-finntorpsvagen-3,-2-tr-1410856",23-24m²,bostadsratt,2026-09-22T13:02:45.038453
1495836,https://www.hemnet.se/salda/lagenhet-1rum-kungsholmen-stockholms-kommun-inedalsgatan-15-1495836,23-24m²,bostadsratt,2026-09-22T13:02:45.038454
5570566791556268815,https://www.hemnet.se/salda/lagenhet-1rum-ostermalm-stockholms-kommun-floragatan-7-5570566791556268815,23-24m²,bostadsratt,2026-09-22T13:02:45.038455
6084336181072884160,https://www.hemnet.se/salda/lagenhet-1rum-folkets-park-malmo-kommun-solvesborgsgatan-3b-6084336181072884160,23-24m²,bostadsratt,2026-09-22T13:02:45.038456
1444085,https://www.hemnet.se/salda/lagenhet-1rum-ostermalm-stockholms-kommun-oxenstiernsgatan-35-1444085,23-24m²,bostadsratt,2026-09-22T13:02:45.038457
4943564920583094260,https://www.hemnet.se/salda/lagenhet-1rum-sodermalm-maria-stockholms-kommun-bysistorget-6-4943564920583094260,23-24m²,bostadsratt,2026-09-22T13:02:45.038457
925236390785964444,https://www.hemnet.se/salda/lagenhet-1rum-sodermalm-stockholms-kommun-tjustgatan-4-925236390785964444,23-24m²,bostadsratt,2026-09-22T13:02:45.038458
1496390,https://www.hemnet.se/salda/lagenhet-1rum-bjorkhagen-stockholms-kommun-skanorvagen-9-1496390,23-24m²,bostadsratt,2026-09-22T13:02:45.038459
6202978038256139311,https://www.hemnet.se/salda/lagenhet-1rum-vasastaden-stockholms-kommun-sigtunagatan-16-6202978038256139311,23-24m²,bostadsratt,2026-09-22T13:02:45.038460
3223596656721556596,"https://www.hemnet.se/salda/lagenhet-1rum-sibirien-stockholms-kommun-birger-jarlsgatan-83,-4tr-3223596656721556596",23-24m²,bostadsratt,2026-09-22T13:02:45.038461
7572483168508584326,https://www.hemnet.se/salda/lagenhet-1rum-sodermalm-stockholms-kommun-sagargatan-17-7572483168508584326,23-24m²,bostadsratt,2026-09-22T13:02:45.038462
1373949,"https://www.hemnet.se/salda/lagenhet-1rum-solna-haga-norra-solna-kommun-fyrgrand-4,-4-tr-1373949",23-24m²,bostadsratt,2026-09-22T13:02:45.038463
3066104704316339820,https://www.hemnet.se/salda/lagenhet-1rum-sodermalm-hornstull-stockholms-kommun-hogalidsgatan-33-3066104704316339820,23-24m²,bostadsratt,2026-09-22T13:02:45.038465
7440273746871563807,https://www.hemnet.se/salda/lagenhet-2rum-orrliden-malung-salens-kommun-hjortstigen-12a-7440273746871563807,23-24m²,bostadsratt,2026-09-22T13:02:45.038466
5592810623505233752,https://www.hemnet.se/salda/lagenhet-1rum-vasastan-roda-bergen-stockholms-kommun-rodabergsgatan-2-5592810623505233752,23-24m²,bostadsratt,2026-09-22T13:02:45.038467
6909424089107731408,https://www.hemnet.se/salda/lagenhet-1rum-hagersten-malarhojden-stockholms-kommun-klubbacken-32-6909424089107731408,23-24m²,bostadsratt,2026-09-22T13:02:45.038468
2995230656028191014,"https://www.hemnet.se/salda/lagenhet-1rum-nedre-gardet-ostermalm-stockholms-kommun-strindbergsgatan-50,-6tr-2995230656028191014",23-24m²,bostadsratt,2026-09-22T13:02:45.038469
8144137792000869921,https://www.hemnet.se/salda/lagenhet-2rum-glado-kvarn-huddinge-kommun-osterangsvagen-22a-8144137792000869921,23-24m²,bostadsratt,2026-09-22T13:02:45.038469
6992390975684447943,https://www.hemnet.se/salda/lagenhet-1rum-nobeltorget-malmo-kommun-lantmannagatan-4a-6992390975684447943,23-24m²,bostadsratt,2026-09-22T13:02:45.038470
5537686665991850115,https://www.hemnet.se/salda/lagenhet-1rum-falhagen-uppsala-kommun-petterslundsgatan-14e-5537686665991850115,23-24m²,bostadsratt,2026-09-22T13:02:45.038471
5316331562455241444,https://www.hemnet.se/salda/lagenhet-1rum-johanneberg-goteborgs-kommun-walleriusgatan-4-5316331562455241444,23-24m²,bostadsratt,2026-09-22T13:02:45.038472
5448949667910370696,https://www.hemnet.se/salda/lagenhet-1rum-framre-luthagen-uppsala-kommun-gotgatan-14b-5448949667910370696,23-24m²,bostadsratt,2026-09-22T13:02:45.038473
5433668103756075417,https://www.hemnet.se/salda/lagenhet-1rum-ostermalm-stockholms-kommun-brahegatan-28-5433668103756075417,23-24m²,bostadsratt,2026-09-22T13:02:45.038473
6166923433339644955,https://www.hemnet.se/salda/lagenhet-1rum-centrala-huddinge-huddinge-kommun-horningsnasvagen-34-6166923433339644955,23-24m²,bostadsratt,2026-09-22T13:02:45.038474
7059982967834972565,https://www.hemnet.se/salda/lagenhet-1rum-ostermalm-gardet-stockholms-kommun-sandhamnsgatan-23-7059982967834972565,23-24m²,bostadsratt,2026-09-22T13:02:45.038475
6917321115500288451,https://www.hemnet.se/salda/lagenhet-1rum-bromma-beckomberga-stockholms-kommun-follingbogatan-18-6917321115500288451,23-24m²,bostadsratt,2026-09-22T13:02:45.038476
5671072467329440340,https://www.hemnet.se/salda/lagenhet-1rum-malmo-malmo-kommun-per-albin-hanssons-vag-56b-5671072467329440340,23-24m²,bostadsratt,2026-09-22T13:02:45.038477
8997105429354065583,"https://www.hemnet.se/salda/lagenhet-1,5rum-centrala-hisingen-kvillebacken-goteborgs-kommun-skiftesgatan-4c-8997105429354065583",23-24m²,bostadsratt,2026-09-22T13:02:45.038478
4551528112488693987,"https://www.hemnet.se/salda/lagenhet-1rum-kungsholmen-fredhall-stockholms-kommun-svedbergsplan-5,-1-tr-4551528112488693987",23-24m²,bostadsratt,2026-09-22T13:02:45.038479
4404011697477738003,"https://www.hemnet.se/salda/lagenhet-1rum-gardet-ostermalm-stockholms-kommun-vartavagen-59,-2-tr-4404011697477738003",23-24m²,bostadsratt,2026-09-22T13:02:45.038480
5466209365661216762,https://www.hemnet.se/salda/lagenhet-1rum-flemingsberg-huddinge-kommun-terapivagen-18c-5466209365661216762,23-24m²,bostadsratt,2026-09-22T13:02:45.038481
220804846282559430,https://www.hemnet.se/salda/lagenhet-1rum-kungsholmen-kungsklippan-stockholms-kommun-kungsklippan-11-220804846282559430,23-24m²,bostadsratt,2026-09-22T13:02:45.038482
5275695375861113419,https://www.hemnet.se/salda/lagenhet-1rum-vidablick-norrkopings-kommun-rosgangen-41-5275695375861113419,23-24m²,bostadsratt,2026-09-22T13:02:45.038483
7455092882881552803,"https://www.hemnet.se/salda/lagenhet-1rum-vasastan-norrmalm-stockholms-kommun-wallingatan-11,-2tr-7455092882881552803",23-24m²,bostadsratt,2026-09-22T13:02:45.038483
1369483,"https://www.hemnet.se/salda/lagenhet-1,5rum-bromma-nockebyhov-stockholms-kommun-gubbkarrsvagen-29s-4tr-1369483",23-24m²,bostadsratt,2026-09-22T13:02:45.038484
3298888423118198871,https://www.hemnet.se/salda/lagenhet-24m2-ostra-vi-gotlands-kommun-wilhelmina-skoghs-gata-8-3298888423118198871,23-24m²,bostadsratt,2026-09-22T13:02:45.038485
8326841819287869107,"https://www.hemnet.se/salda/lagenhet-1rum-stockholm-stockholms-kommun-skeppargatan-54,-1-tr-8326841819287869107",23-24m²,bostadsratt,2026-09-22T13:02:45.038486
8355023637040676625,https://www.hemnet.se/salda/lagenhet-1rum-flemingsberg-huddinge-kommun-terapivagen-12c-8355023637040676625,23-24m²,bostadsratt,2026-09-22T13:02:45.038487
1506259,https://www.hemnet.se/salda/lagenhet-1rum-hagalund-solna-kommun-kyrkbacken-9-1506259,23-24m²,bostadsratt,2026-09-22T13:02:45.038488
693496402615847225,"https://www.hemnet.se/salda/lagenhet-1rum-ostermalm-gardet-stockholms-kommun-furusundsgatan-6,-5-av-5tr-693496402615847225",23-24m²,bostadsratt,2026-09-22T13:02:45.038490
8506736754786636844,https://www.hemnet.se/salda/lagenhet-1rum-hammarbyhojden-skarmarbrink-stockholms-kommun-olaus-magnus-vag-48-8506736754786636844,23-24m²,bostadsratt,2026-09-22T13:02:45.038491
2538765015874765369,https://www.hemnet.se/salda/lagenhet-1rum-kungsholmen-kungsklippan-stockholms-kommun-kungsklippan-11-2538765015874765369,23-24m²,bostadsratt,2026-09-22T13:02:45.038491
717501041173874919,https://www.hemnet.se/salda/lagenhet-1rum-vallingby-centrum-stockholms-kommun-vittangigatan-1-717501041173874919,23-24m²,bostadsratt,2026-09-22T13:02:45.038493
1454576780803412430,https://www.hemnet.se/salda/lagenhet-1rum-ostermalm-stockholms-kommun-brahegatan-28-1454576780803412430,23-24m²,bostadsratt,2026-09-22T13:02:45.038493
4338765031003034129,https://www.hemnet.se/salda/lagenhet-1rum-rasunda-vasalund-solna-kommun-klovervagen-5-4338765031003034129,23-24m²,bostadsratt,2026-09-22T13:02:45.038494
6929024111066146229,https://www.hemnet.se/salda/lagenhet-1rum-kungsholmen-stockholms-kommun-fridhemsplan-25-6929024111066146229,23-24m²,bostadsratt,2026-09-22T13:02:45.038495
5771521396685229699,https://www.hemnet.se/salda/lagenhet-1rum-centrum-sala-kommun-ringgatan-38d-5771521396685229699,23-24m²,bostadsratt,2026-09-22T13:02:45.038496
7011953537890732096,https://www.hemnet.se/salda/lagenhet-1rum-luthagen-uppsala-kommun-borjegatan-54a-7011953537890732096,23-24m²,bostadsratt,2026-09-22T13:02:45.038497
8355030227002260903,https://www.hemnet.se/salda/lagenhet-1rum-haga-norra-solna-kommun-sylvangatan-5-8355030227002260903,23-24m²,bostadsratt,2026-09-22T13:02:45.038498
2277712006388458536,https://www.hemnet.se/salda/lagenhet-1rum-skonsmon-sundsvalls-kommun-harmonigatan-34-2277712006388458536,23-24m²,bostadsratt,2026-09-22T13:02:45.038499
2174757424254418323,"https://www.hemnet.se/salda/lagenhet-1rum-gardet-ostermalm-stockholms-kommun-rindogatan-4,-5tr-2174757424254418323",23-24m²,bostadsratt,2026-09-22T13:02:45.038499
1234128730925000077,https://www.hemnet.se/salda/lagenhet-1rum-vasastan-birkastan-stockholms-kommun-rorstrandsgatan-25-1234128730925000077,23-24m²,bostadsratt,2026-09-22T13:02:45.038500
5586654776377085674,"https://www.hemnet.se/salda/lagenhet-1rum-kungsholmen-stockholms-kommun-kungsbro-strand-21,-van-2-5586654776377085674",23-24m²,bostadsratt,2026-09-22T13:02:45.038501
1851955669618559123,https://www.hemnet.se/salda/lagenhet-1rum-solna-centrum-solna-kommun-hannebergsgatan-28-1851955669618559123,23-24m²,bostadsratt,2026-09-22T13:02:45.038502
9087897156832809897,https://www.hemnet.se/salda/lagenhet-1rum-rosenkalla-nykopings-kommun-erikslundsvagen-3-9087897156832809897,23-24m²,bostadsratt,2026-09-22T13:02:45.038503
8949775588590967033,https://www.hemnet.se/salda/lagenhet-1rum-falhagen-uppsala-kommun-petterslundsgatan-14e-8949775588590967033,23-24m²,bostadsratt,2026-09-22T13:02:45.038504
5858412934227551101,"https://www.hemnet.se/salda/lagenhet-1rum-sodermalm-stockholms-kommun-gotgatan-79,-5-tr-5858412934227551101",23-24m²,bostadsratt,2026-09-22T13:02:45.038505
1816558932871367064,https://www.hemnet.se/salda/lagenhet-1rum-skondal-stockholms-kommun-perstorpsvagen-110-1816558932871367064,23-24m²,bostadsratt,2026-09-22T13:02:45.038505
6294677534456375042,"https://www.hemnet.se/salda/lagenhet-1rum-hagerneholm,-arninge-ullna-taby-kommun-hagerneholmsvagen-7a-van-2-6294677534456375042",23-24m²,bostadsratt,2026-09-22T13:02:45.038506
1226566787297071368,https://www.hemnet.se/salda/lagenhet-1rum-vasastan-sibirien-stockholms-kommun-surbrunnsgatan-19-1226566787297071368,23-24m²,bostadsratt,2026-09-22T13:02:45.038507
648387994294812826,https://www.hemnet.se/salda/lagenhet-1rum-prastbordet-skelleftea-kommun-faltjagarvagen-41b-648387994294812826,23-24m²,bostadsratt,2026-09-22T13:02:45.038508
718791262907665526,https://www.hemnet.se/salda/lagenhet-1rum-city-vasteras-kommun-engelbrektsgatan-13-718791262907665526,23-24m²,bostadsratt,2026-09-22T13:02:45.038509
7821293042615005989,https://www.hemnet.se/salda/lagenhet-1rum-flemingsberg-huddinge-kommun-terapivagen-14a-7821293042615005989,23-24m²,bostadsratt,2026-09-22T13:02:45.038510
1434470,https://www.hemnet.se/salda/lagenhet-1rum-tuna-lunds-kommun-dag-hammarskjolds-vag-1d-1434470,23-24m²,bostadsratt,2026-09-22T13:02:45.038511
3213104693748976380,https://www.hemnet.se/salda/lagenhet-1rum-johanneshov-stockholms-kommun-skulptorvagen-15-3213104693748976380,23-24m²,bostadsratt,2026-09-22T13:02:45.038512
1405448,"https://www.hemnet.se/salda/lagenhet-1rum-vasastan-birkastan-stockholms-kommun-norrbackagatan-14,-4tr-1405448",23-24m²,bostadsratt,2026-09-22T13:02:45.038513
3115249304032162463,"https://www.hemnet.se/salda/lagenhet-1rum-vasastan-stockholms-kommun-roslagsgatan-21-b,-2-tr-og-3115249304032162463",23-24m²,bostadsratt,2026-09-22T13:02:45.038515
1421374,https://www.hemnet.se/salda/lagenhet-1rum-sodermalm-stockholms-kommun-folkungagatan-146b-1421374,23-24m²,bostadsratt,2026-09-22T13:02:45.038516
5085590188398552375,https://www.hemnet.se/salda/lagenhet-1rum-haggvik-sollentuna-kommun-skalbyvagen-2-5085590188398552375,23-24m²,bostadsratt,2026-09-22T13:02:45.038517
922580074351792057,https://www.hemnet.se/salda/lagenhet-1rum-trollbacken-tyreso-kommun-kumla-alle-18-922580074351792057,23-24m²,bostadsratt,2026-09-22T13:02:45.038518
7722608004113203165,https://www.hemnet.se/salda/lagenhet-1rum-norr-orebro-kommun-schantzgatan-10a-7722608004113203165,23-24m²,bostadsratt,2026-09-22T13:02:45.038519
4379347491966428862,"https://www.hemnet.se/salda/lagenhet-1rum-gardet-stockholms-kommun-rindogatan-4,-2tr-4379347491966428862",23-24m²,bostadsratt,2026-09-22T13:02:45.038520
202364941191704056,https://www.hemnet.se/salda/lagenhet-1rum-vasastan-odenplan-stockholms-kommun-sigtunagatan-16-202364941191704056,23-24m²,bostadsratt,2026-09-22T13:02:45.038521
1468562,"https://www.hemnet.se/salda/lagenhet-1rum-kungsholmen-fredhall-stockholms-kommun-ralambsvagen-54,-1,5-tr-1468562",23-24m²,bostadsratt,2026-09-22T13:02:45.038521
2053978473490201561,"https://www.hemnet.se/salda/lagenhet-1rum-ostermalm-stockholms-kommun-sibyllegatan-26,-5-5-tr-2053978473490201561",23-24m²,bostadsratt,2026-09-22T13:02:45.038522
4477454753052901727,"https://www.hemnet.se/salda/lagenhet-1rum-sodermalm-stockholms-kommun-ostgotagatan-32,-1-tr-4477454753052901727",23-24m²,bostadsratt,2026-09-22T13:02:45.038523
7126307350550351171,https://www.hemnet.se/salda/lagenhet-1rum-arsta-stockholms-kommun-svardlangsvagen-45-7126307350550351171,23-24m²,bostadsratt,2026-09-22T13:02:45.038524
3558233558130703747,https://www.hemnet.se/salda/lagenhet-1rum-sodermalm-hornstull-hogalid-stockholms-kommun-heleneborgsgatan-20-3558233558130703747,23-24m²,bostadsratt,2026-09-22T13:02:45.038525
1462430,https://www.hemnet.se/salda/lagenhet-1rum-karlsdal-vasteras-kommun-krutkallarvagen-1-1462430,23-24m²,bostadsratt,2026-09-22T13:02:45.038526
1489802,https://www.hemnet.se/salda/lagenhet-1rum-finntorp-nacka-kommun-finntorpsvagen-3-1489802,23-24m²,bostadsratt,2026-09-22T13:02:45.038526
8927444124271485479,https://www.hemnet.se/salda/lagenhet-1rum-gottfridsberg-valla-linkopings-kommun-ostsvangen-1a-8927444124271485479,23-24m²,bostadsratt,2026-09-22T13:02:45.038527
6273388349179116019,"https://www.hemnet.se/salda/lagenhet-1rum-norr-malarstrand-kungsholmen-stockholms-kommun-norr-malarstrand-94,-2-tr-6273388349179116019",23-24m²,bostadsratt,2026-09-22T13:02:45.038529
1950718889827993930,https://www.hemnet.se/salda/lagenhet-1rum-gardet-ostermalm-stockholms-kommun-askrikegatan-17-1950718889827993930,23-24m²,bostadsratt,2026-09-22T13:02:45.038529
2162185473015816597,https://www.hemnet.se/salda/lagenhet-1rum-kungsholmen-norr-malarstrand-stockholms-kommun-karlsviksgatan-9-2162185473015816597,23-24m²,bostadsratt,2026-09-22T13:02:45.038530
5602380916534792241,https://www.hemnet.se/salda/lagenhet-1rum-sodermalm-hogalid-stockholms-kommun-tobaksspinnargatan-10-5602380916534792241,23-24m²,bostadsratt,2026-09-22T13:02:45.038531
6693341709597764810,https://www.hemnet.se/salda/lagenhet-1rum-gustavsberg-varmdo-kommun-stig-lindbergs-gata-19a-6693341709597764810,23-24m²,bostadsratt,2026-09-22T13:02:45.038532
6065324103278203381,https://www.hemnet.se/salda/lagenhet-1rum-salenfjallen-malung-salens-kommun-martebacken-69c-6065324103278203381,23-24m²,bostadsratt,2026-09-22T13:02:45.038533
1653197398287659615,"https://www.hemnet.se/salda/lagenhet-1rum-norra-lannersta,-nacka,-saltsjo-boo-nacka-kommun-fagelstigen-4f-1653197398287659615",23-24m²,bostadsratt,2026-09-22T13:02:45.038534
2370484497650318724,https://www.hemnet.se/salda/lagenhet-1rum-falhagen-hoganas-uppsala-kommun-petterslundsgatan-14e-2370484497650318724,23-24m²,bostadsratt,2026-09-22T13:02:45.038535
8312540379361378096,"https://www.hemnet.se/salda/lagenhet-1rum-kungsholmen-stora-essingen-stockholms-kommun-essingestraket-34,-1-tr-8312540379361378096",23-24m²,bostadsratt,2026-09-22T13:02:45.038536
4820754512771657091,https://www.hemnet.se/salda/lagenhet-1rum-vasastaden-linkopings-kommun-sturegatan-3b-4820754512771657091,23-24m²,bostadsratt,2026-09-22T13:02:45.038537
1423647,https://www.hemnet.se/salda/lagenhet-1rum-danderyd-danderyds-kommun-morbylund-11b-1423647,23-24m²,bostadsratt,2026-09-22T13:02:45.038538
8615631863272303215,https://www.hemnet.se/salda/lagenhet-1rum-falhagen-uppsala-kommun-hjalmar-brantingsgatan-5b-8615631863272303215,23-24m²,bostadsratt,2026-09-22T13:02:45.038539
8857319190412153372,"https://www.hemnet.se/salda/lagenhet-1rum-hagerneholm,-arninge-ullna-taby-kommun-hagerneholmsvagen-7a-1-tr-8857319190412153372",23-24m²,bostadsratt,2026-09-22T13:02:45.038541
3246088594631783521,https://www.hemnet.se/salda/lagenhet-1rum-vastertorp-stockholms-kommun-skridskovagen-9a-3246088594631783521,23-24m²,bostadsratt,2026-09-22T13:02:45.038542
75780328783285630,https://www.hemnet.se/salda/lagenhet-1rum-danderyd-danderyds-kommun-morbylund-11b-75780328783285630,23-24m²,bostadsratt,2026-09-22T13:02:45.038543
273781410505993086,"https://www.hemnet.se/salda/lagenhet-1rum-sodermalm-stockholms-kommun-renstiernas-gata-30,-5tr-273781410505993086",23-24m²,bostadsratt,2026-09-22T13:02:45.038544
8629740558916816005,https://www.hemnet.se/salda/lagenhet-1rum-sodermalm-katarina-stockholms-kommun-kocksgatan-40-8629740558916816005,23-24m²,bostadsratt,2026-09-22T13:02:45.038545
4989183748430442430,https://www.hemnet.se/salda/lagenhet-1rum-bandhagen-stockholms-kommun-bandhagsplan-11-4989183748430442430,23-24m²,bostadsratt,2026-09-22T13:02:45.038546
1685448659309812476,https://www.hemnet.se/salda/lagenhet-1rum-vallingby-centrum-stockholms-kommun-jamtlandsgatan-102-vaning-2-1685448659309812476,23-24m²,bostadsratt,2026-09-22T13:02:45.038547
7092625567190881392,"https://www.hemnet.se/salda/lagenhet-1rum-kungsholmen-stockholms-kommun-kungsklippan-11,-3-tr-7092625567190881392",23-24m²,bostadsratt,2026-09-22T13:02:45.038548
1300523456359340495,https://www.hemnet.se/salda/lagenhet-1rum-johannelund-linkopings-kommun-munkhagsgatan-88-1300523456359340495,23-24m²,bostadsratt,2026-09-22T13:02:45.038549
1479263,https://www.hemnet.se/salda/lagenhet-1rum-falhagen-uppsala-kommun-hjalmar-brantingsgatan-5b-1479263,23-24m²,bostadsratt,2026-09-22T13:02:45.038549
2603450816578119503,https://www.hemnet.se/salda/lagenhet-1rum-sodermalm-stockholms-kommun-maria-skolgata-87-2603450816578119503,23-24m²,bostadsratt,2026-09-22T13:02:45.038550
1368679422195907464,https://www.hemnet.se/salda/lagenhet-1rum-brynas-gavle-kommun-sjatte-tvargatan-39-1368679422195907464,23-24m²,bostadsratt,2026-09-22T13:02:45.038551
1433281,"https://www.hemnet.se/salda/lagenhet-1rum-vasastan-rodabergen-stockholms-kommun-torsgatan-74,-2tr-1433281",23-24m²,bostadsratt,2026-09-22T13:02:45.038552
6160042717838844078,https://www.hemnet.se/salda/lagenhet-1rum-ostermalm-stockholms-kommun-artillerigatan-33-6160042717838844078,23-24m²,bostadsratt,2026-09-22T13:02:45.038553
1508335,https://www.hemnet.se/salda/lagenhet-1rum-centralt-tidaholms-kommun-dyckertsgatan-6-1508335,23-24m²,bostadsratt,2026-09-22T13:02:45.038554
7229562759043767491,"https://www.hemnet.se/salda/lagenhet-1rum-hokarangen-stockholms-kommun-russinvagen-7,-1-tr-7229562759043767491",23-24m²,bostadsratt,2026-09-22T13:02:45.038555
8803586384465675198,https://www.hemnet.se/salda/lagenhet-1rum-centralt-linkopings-kommun-sturegatan-3b-8803586384465675198,23-24m²,bostadsratt,2026-09-22T13:02:45.038555
8289601481223507943,https://www.hemnet.se/salda/lagenhet-1rum-valla-linkopings-kommun-ostsvangen-1c-8289601481223507943,23-24m²,bostadsratt,2026-09-22T13:02:45.038556
3899203387254553421,"https://www.hemnet.se/salda/lagenhet-1rum-hagerstensasen-stockholms-kommun-arvodesvagen-6,-van-2-3899203387254553421",23-24m²,bostadsratt,2026-09-22T13:02:45.038557
3858681670507746016,https://www.hemnet.se/salda/lagenhet-1rum-rasunda-solna-kommun-uppfartsvagen-4-3858681670507746016,23-24m²,bostadsratt,2026-09-22T13:02:45.038558
4078745126218200634,"https://www.hemnet.se/salda/lagenhet-1rum-sodermalm-stockholms-kommun-folkskolegatan-3,-3-tr-4078745126218200634",23-24m²,bostadsratt,2026-09-22T13:02:45.038559
1452952,"https://www.hemnet.se/salda/lagenhet-1rum-fridhemsplan-stockholms-kommun-industrigatan-16,-7-tr-1452952",23-24m²,bostadsratt,2026-09-22T13:02:45.038560
1363194,https://www.hemnet.se/salda/lagenhet-1rum-haga-norra-solna-kommun-fyrgrand-4-1363194,23-24m²,bostadsratt,2026-09-22T13:02:45.038560
6416263186366443830,https://www.hemnet.se/salda/lagenhet-1rum-lund-centrum-lunds-kommun-slojdgatan-12-6416263186366443830,23-24m²,bostadsratt,2026-09-22T13:02:45.038561
1371584,"https://www.hemnet.se/salda/lagenhet-1rum-kungsholmen-stockholms-kommun-john-bergs-plan-7,-2-tr-1371584",23-24m²,bostadsratt,2026-09-22T13:02:45.038562
1388299,https://www.hemnet.se/salda/lagenhet-1rum-ostermalm-stockholms-kommun-valhallavagen-73-1388299,23-24m²,bostadsratt,2026-09-22T13:02:45.038563
8550163684351507606,https://www.hemnet.se/salda/lagenhet-1rum-sanda-gotlands-kommun-sanda-stora-varbos-840-bjorkhaga-stuga-52-8550163684351507606,23-24m²,bostadsratt,2026-09-22T13:02:45.038564
913831665195827888,"https://www.hemnet.se/salda/lagenhet-1rum-vasastaden-stockholms-kommun-roslagsgatan-54,-1,5-tr-913831665195827888",23-24m²,bostadsratt,2026-09-22T13:02:45.038565
1397230,https://www.hemnet.se/salda/lagenhet-1rum-lilla-essingen-kungsholmen-stockholms-kommun-luxgatan-5-1397230,23-24m²,bostadsratt,2026-09-22T13:02:45.038566
1461941254362882779,"https://www.hemnet.se/salda/lagenhet-1rum-kungsholmen-stockholms-kommun-wennerbergsgatan-6b,-6-tr-med-balkong-i-sydvast-1461941254362882779",23-24m²,bostadsratt,2026-09-22T13:02:45.038567
1483389,https://www.hemnet.se/salda/lagenhet-1rum-vasastan-stockholms-kommun-volundsgatan-1-1483389,23-24m²,bostadsratt,2026-09-22T13:02:45.038569
1787803357332652478,https://www.hemnet.se/salda/lagenhet-1rum-rasunda-solna-kommun-rasundavagen-134-1787803357332652478,23-24m²,bostadsratt,2026-09-22T13:02:45.038570
3607084694412943316,https://www.hemnet.se/salda/lagenhet-1rum-kungsholmen-norr-malarstrand-stockholms-kommun-norr-malarstrand-24-3607084694412943316,23-24m²,bostadsratt,2026-09-22T13:02:45.038570
5927588128468964173,https://www.hemnet.se/salda/lagenhet-1rum-kapellgardet-uppsala-kommun-orgelgatan-13-5927588128468964173,23-24m²,bostadsratt,2026-09-22T13:02:45.038571
1477386,https://www.hemnet.se/salda/lagenhet-1rum-eriksberg-goteborgs-kommun-ullmansgatan-5b-1477386,23-24m²,bostadsratt,2026-09-22T13:02:45.038572
4521009873885474804,https://www.hemnet.se/salda/lagenhet-1rum-skarmarbrink-stockholms-kommun-pelargatan-7-4521009873885474804,23-24m²,bostadsratt,2026-09-22T13:02:45.038573
2604862945920166282,"https://www.hemnet.se/salda/lagenhet-1rum-luossavaara-kiruna-kommun-dubengatan-29-b,-van-4-2604862945920166282",23-24m²,bostadsratt,2026-09-22T13:02:45.038574
7522124709301911015,https://www.hemnet.se/salda/lagenhet-1rum-bandhagen-stockholms-kommun-bandhagsplan-11-7522124709301911015,23-24m²,bostadsratt,2026-09-22T13:02:45.038575
3804708343963157040,https://www.hemnet.se/salda/lagenhet-1rum-tullingeberg-botkyrka-kommun-manstorpsvagen-2-3804708343963157040,23-24m²,bostadsratt,2026-09-22T13:02:45.038575
219115127394999156,https://www.hemnet.se/salda/lagenhet-1rum-karsta-vallentuna-kommun-bergsjovagen-33-219115127394999156,23-24m²,bostadsratt,2026-09-22T13:02:45.038576
8383232343709617398,https://www.hemnet.se/salda/lagenhet-1rum-rosendal-uppsala-kommun-arne-tiselius-gata-60a-8383232343709617398,23-24m²,bostadsratt,2026-09-22T13:02:45.038577
1439486,https://www.hemnet.se/salda/lagenhet-1rum-blekingsborg-malmo-kommun-per-albin-hanssons-vag-54b-1439486,23-24m²,bostadsratt,2026-09-22T13:02:45.038578
4726132579820953967,https://www.hemnet.se/salda/lagenhet-1rum-vasastan-stockholms-kommun-rodabergsbrinken-7-4726132579820953967,23-24m²,bostadsratt,2026-09-22T13:02:45.038579
8441428282125939154,https://www.hemnet.se/salda/lagenhet-1rum-enskede-gamla-enskede-stockholms-kommun-nynasvagen-339-8441428282125939154,23-24m²,bostadsratt,2026-09-22T13:02:45.038580
4245521090605894464,https://www.hemnet.se/salda/lagenhet-1rum-dammfri-malmo-kommun-angdalavagen-29-4245521090605894464,23-24m²,bostadsratt,2026-09-22T13:02:45.038581
1430221,"https://www.hemnet.se/salda/lagenhet-1rum-nedre-gardet-ostermalm-stockholms-kommun-valhallavagen-153,-tr-1430221",23-24m²,bostadsratt,2026-09-22T13:02:45.038581
1437763,https://www.hemnet.se/salda/lagenhet-1rum-hagerstensasen-stockholms-kommun-bokbindarvagen-55-1437763,23-24m²,bostadsratt,2026-09-22T13:02:45.038582
3730472709887539720,https://www.hemnet.se/salda/lagenhet-1rum-sodermalm-katarina-stockholms-kommun-blekingegatan-36-3730472709887539720,23-24m²,bostadsratt,2026-09-22T13:02:45.038583
8396354734797535410,"https://www.hemnet.se/salda/lagenhet-1rum-rasunda-solna-kommun-virebergsvagen-3,-van-5-8396354734797535410",23-24m²,bostadsratt,2026-09-22T13:02:45.038584
627704422948770175,https://www.hemnet.se/salda/lagenhet-1rum-vasastan-roda-bergen-stockholms-kommun-torsgatan-74-627704422948770175,23-24m²,bostadsratt,2026-09-22T13:02:45.038585
1709750911786288332,https://www.hemnet.se/salda/lagenhet-1rum-johannelund-linkopings-kommun-munkhagsgatan-90-1709750911786288332,23-24m²,bostadsratt,2026-09-22T13:02:45.038586
1427608,https://www.hemnet.se/salda/lagenhet-1rum-blekingsborg-malmo-kommun-per-albin-hanssons-vag-50a-1427608,23-24m²,bostadsratt,2026-09-22T13:02:45.038587
1426605,https://www.hemnet.se/salda/lagenhet-1rum-falhagen-uppsala-kommun-petterslundsgatan-14e-1426605,23-24m²,bostadsratt,2026-09-22T13:02:45.038588
4418380898662222390,https://www.hemnet.se/salda/lagenhet-1rum-ronneholm-malmo-kommun-beridaregatan-20b-4418380898662222390,23-24m²,bostadsratt,2026-09-22T13:02:45.038589
1241443616637522853,https://www.hemnet.se/salda/lagenhet-1rum-brandbergen-haninge-kommun-tvillingarnas-gata-313b-1241443616637522853,23-24m²,bostadsratt,2026-09-22T13:02:45.038589
1504048,https://www.hemnet.se/salda/lagenhet-1rum-blasut-stockholms-kommun-pastellvagen-17-1504048,23-24m²,bostadsratt,2026-09-22T13:02:45.038590
7148865368912262608,"https://www.hemnet.se/salda/lagenhet-1rum-kungsholmen-fridhemsplan-stockholms-kommun-fleminggatan-81,-4tr-7148865368912262608",23-24m²,bostadsratt,2026-09-22T13:02:45.038591
1390111,https://www.hemnet.se/salda/lagenhet-1rum-norr-orebro-kommun-schantzgatan-10-a-1390111,23-24m²,bostadsratt,2026-09-22T13:02:45.038592
546307814739530832,https://www.hemnet.se/salda/lagenhet-1rum-maria-gamla-stan-hogalid-stockholms-kommun-skinnarviksringen-2-546307814739530832,23-24m²,bostadsratt,2026-09-22T13:02:45.038593
447164984133144662,https://www.hemnet.se/salda/lagenhet-1rum-nobel-malmo-kommun-vitemollegatan-4c-447164984133144662,23-24m²,bostadsratt,2026-09-22T13:02:45.038594
7313890777729126902,"https://www.hemnet.se/salda/lagenhet-1rum-hagerneholm,-arninge-ullna-taby-kommun-hagerneholmsvagen-7b-7313890777729126902",23-24m²,bostadsratt,2026-09-22T13:02:45.038596
6663535428109428691,https://www.hemnet.se/salda/lagenhet-1rum-slottsstaden-malmo-kommun-mariedalsvagen-49a-6663535428109428691,23-24m²,bostadsratt,2026-09-22T13:02:45.038597
7429469472714483521,"https://www.hemnet.se/salda/lagenhet-1rum-hagerneholm,-arninge-taby-kommun-hagerneholmsvagen-7b,-2tr-7429469472714483521",23-24m²,bostadsratt,2026-09-22T13:02:45.038597
2651688469267807199,https://www.hemnet.se/salda/lagenhet-1rum-skelleftea-skelleftea-kommun-stenkilsgatan-46a-2651688469267807199,23-24m²,bostadsratt,2026-09-22T13:02:45.038598
9146762970913450092,"https://www.hemnet.se/salda/lagenhet-1rum-vasastan-birkastan-stockholms-kommun-rorstrandsgatan-48-a,-1,5tr-9146762970913450092",23-24m²,bostadsratt,2026-09-22T13:02:45.038599
1179869028030404894,https://www.hemnet.se/salda/lagenhet-1rum-centrala-sundbyberg-lilla-alby-sundbybergs-kommun-tradgardsgatan-3-1179869028030404894,23-24m²,bostadsratt,2026-09-22T13:02:45.038600
3731168451617591896,https://www.hemnet.se/salda/lagenhet-1rum-hagerstensasen-stockholms-kommun-sparbanksvagen-10-3731168451617591896,23-24m²,bostadsratt,2026-09-22T13:02:45.038601
1428253,https://www.hemnet.se/salda/lagenhet-1rum-valla-linkopings-kommun-ostsvangen-1a-1428253,23-24m²,bostadsratt,2026-09-22T13:02:45.038602
3097581489173474961,https://www.hemnet.se/salda/lagenhet-1rum-haga-sundsvalls-kommun-baldersvagen-21a-3097581489173474961,23-24m²,bostadsratt,2026-09-22T13:02:45.038603
1424171,https://www.hemnet.se/salda/lagenhet-1rum-gullmarsplan-stockholms-kommun-skulptorvagen-17-1424171,23-24m²,bostadsratt,2026-09-22T13:02:45.038604
7699334507901755533,https://www.hemnet.se/salda/lagenhet-1rum-globen-johanneshov-stockholms-kommun-arkadvagen-1-7699334507901755533,23-24m²,bostadsratt,2026-09-22T13:02:45.038604
7825013348802090822,https://www.hemnet.se/salda/lagenhet-1rum-lilla-alby-sundbybergs-kommun-tradgardsgatan-5-7825013348802090822,23-24m²,bostadsratt,2026-09-22T13:02:45.038606
6249357995978903282,https://www.hemnet.se/salda/lagenhet-1rum-or-sundbybergs-kommun-kavaljersbacken-4b-6249357995978903282,23-24m²,bostadsratt,2026-09-22T13:02:45.038607
5716855163825779419,https://www.hemnet.se/salda/lagenhet-1rum-kungshojd-goteborgs-kommun-kungsgatan-7b-5716855163825779419,23-24m²,bostadsratt,2026-09-22T13:02:45.038607
7603724100469939013,https://www.hemnet.se/salda/lagenhet-1rum-masthugget-goteborgs-kommun-klostergangen-11-7603724100469939013,23-24m²,bostadsratt,2026-09-22T13:02:45.038608
4891251242526637548,https://www.hemnet.se/salda/lagenhet-1rum-lilla-alby-sundbybergs-kommun-tradgardsgatan-3-4891251242526637548,23-24m²,bostadsratt,2026-09-22T13:02:45.038609
2242800783311665922,https://www.hemnet.se/salda/lagenhet-1rum-jarnbrott-goteborgs-kommun-bildradiogatan-6-2242800783311665922,23-24m²,bostadsratt,2026-09-22T13:02:45.038610
1436308415972308073,https://www.hemnet.se/salda/lagenhet-1rum-ostermalm-stockholms-kommun-narvavagen-33-1436308415972308073,23-24m²,bostadsratt,2026-09-22T13:02:45.038611
3471467769260382638,https://www.hemnet.se/salda/lagenhet-1rum-kvarnberget-karlstads-kommun-kvarnbergsgatan-32-3471467769260382638,23-24m²,bostadsratt,2026-09-22T13:02:45.038611
7280466157669877513,https://www.hemnet.se/salda/lagenhet-1rum-vallastaden-linkopings-kommun-nanna-svartz-gata-6d-7280466157669877513,23-24m²,bostadsratt,2026-09-22T13:02:45.038612
1484236,https://www.hemnet.se/salda/lagenhet-1rum-centralt-lerums-kommun-bagges-torg-1b-1484236,23-24m²,bostadsratt,2026-09-22T13:02:45.038613
2923207856755381773,https://www.hemnet.se/salda/lagenhet-1rum-tagaborg-helsingborgs-kommun-flemminggatan-10-2923207856755381773,23-24m²,bostadsratt,2026-09-22T13:02:45.038614
1361766996122157672,https://www.hemnet.se/salda/lagenhet-1rum-beckomberga-stockholms-kommun-follingbogatan-22-accepterat-pris-1361766996122157672,23-24m²,bostadsratt,2026-09-22T13:02:45.038615
3369146253850815800,https://www.hemnet.se/salda/lagenhet-1rum-vasastan-atlasomradet-stockholms-kommun-volundsgatan-7-3369146253850815800,23-24m²,bostadsratt,2026-09-22T13:02:45.038616
877826528698215366,https://www.hemnet.se/salda/lagenhet-1rum-flemingsberg-huddinge-kommun-terapivagen-16d-877826528698215366,23-24m²,bostadsratt,2026-09-22T13:02:45.038616
7114737545841979960,https://www.hemnet.se/salda/lagenhet-1rum-kungsholmen-stockholms-kommun-kungsklippan-11-7114737545841979960,23-24m²,bostadsratt,2026-09-22T13:02:45.038617
1510703,https://www.hemnet.se/salda/lagenhet-1rum-sorgenfri-malmo-kommun-eslovsgatan-1c-1510703,23-24m²,bostadsratt,2026-09-22T13:02:45.038618
1474316,"https://www.hemnet.se/salda/lagenhet-1rum-vasastan-sibirien-stockholms-kommun-roslagsgatan-29a,-2tr-1474316",23-24m²,bostadsratt,2026-09-22T13:02:45.038619
1549003522452274361,https://www.hemnet.se/salda/lagenhet-1rum-slussen-malmo-kommun-fredriksbergsgatan-8-1549003522452274361,23-24m²,bostadsratt,2026-09-22T13:02:45.038621
3784275462098298463,https://www.hemnet.se/salda/lagenhet-1rum-kungsholmen-stockholms-kommun-kungsklippan-11-3784275462098298463,23-24m²,bostadsratt,2026-09-22T13:02:45.038622
1483147,https://www.hemnet.se/salda/lagenhet-1rum-centralt-ornskoldsviks-kommun-villagatan-63b-1483147,23-24m²,bostadsratt,2026-09-22T13:02:45.038623
4956928746647297732,https://www.hemnet.se/salda/lagenhet-1rum-haga-norra-solna-kommun-sylvangatan-5-4956928746647297732,23-24m²,bostadsratt,2026-09-22T13:02:45.038623
1912697407066463069,https://www.hemnet.se/salda/lagenhet-1rum-kubikenborg-sundsvalls-kommun-harmonigatan-38-1912697407066463069,23-24m²,bostadsratt,2026-09-22T13:02:45.038624
1671164495189898679,https://www.hemnet.se/salda/lagenhet-1rum-centrum-trelleborgs-kommun-hantverkaregatan-14-1671164495189898679,23-24m²,bostadsratt,2026-09-22T13:02:45.038625
2011824098332265825,"https://www.hemnet.se/salda/lagenhet-1rum-luossavaara-kiruna-kommun-dubengatan-29-c-van,-2-2011824098332265825",23-24m²,bostadsratt,2026-09-22T13:02:45.038626
4518194158331512063,"https://www.hemnet.se/salda/lagenhet-1rum-sodermalm-stockholms-kommun-slipgatan-11,-5tr-4518194158331512063",23-24m²,bostadsratt,2026-09-22T13:02:45.038627
1396775,https://www.hemnet.se/salda/lagenhet-1rum-blasut-stockholms-kommun-pastellvagen-17-1396775,23-24m²,bostadsratt,2026-09-22T13:02:45.038627
8822731946830429470,https://www.hemnet.se/salda/lagenhet-1rum-ovre-eriksberg-goteborgs-kommun-ullmansgatan-5a-8822731946830429470,23-24m²,bostadsratt,2026-09-22T13:02:45.038628
1492015,https://www.hemnet.se/salda/lagenhet-1rum-grossgardet-norrtalje-kommun-kungsgatan-22a-1492015,23-24m²,bostadsratt,2026-09-22T13:02:45.038629
5584359552519210801,https://www.hemnet.se/salda/lagenhet-1rum-sodercentrum-kalmar-kommun-kylegatan-17a-5584359552519210801,23-24m²,bostadsratt,2026-09-22T13:02:45.038630
3635261922430860236,https://www.hemnet.se/salda/lagenhet-1rum-sundbyberg-sundbybergs-kommun-fredsgatan-11-3635261922430860236,23-24m²,bostadsratt,2026-09-22T13:02:45.038631
1488886439959179751,https://www.hemnet.se/salda/lagenhet-1rum-nobeltorget-annelund-malmo-kommun-vitemollegatan-4c-1488886439959179751,23-24m²,bostadsratt,2026-09-22T13:02:45.038632
401471682825762503,https://www.hemnet.se/salda/lagenhet-1rum-luthagen-uppsala-kommun-tegnergatan-25b-401471682825762503,23-24m²,bostadsratt,2026-09-22T13:02:45.038632
5414218333786939986,https://www.hemnet.se/salda/lagenhet-1rum-rasunda-solna-kommun-rasundavagen-168-5414218333786939986,23-24m²,bostadsratt,2026-09-22T13:02:45.038633
7347006675464878194,"https://www.hemnet.se/salda/lagenhet-1rum-vasastaden-stockholms-kommun-roslagsgatan-29a,-3tr-og-7347006675464878194",23-24m²,bostadsratt,2026-09-22T13:02:45.038634
1475146,https://www.hemnet.se/salda/lagenhet-1rum-beckomberga-stockholms-kommun-follingbogatan-22-1475146,23-24m²,bostadsratt,2026-09-22T13:02:45.038635
1445272094857855633,https://www.hemnet.se/salda/lagenhet-1rum-edsberg-sollentuna-kommun-flintlasvagen-42-1445272094857855633,23-24m²,bostadsratt,2026-09-22T13:02:45.038636
8697549022019445969,https://www.hemnet.se/salda/lagenhet-1rum-sodermalm-nytorget-sofo-stockholms-kommun-klippgatan-14-c-van-3-3-8697549022019445969,23-24m²,bostadsratt,2026-09-22T13:02:45.038637
6755148657476036289,https://www.hemnet.se/salda/lagenhet-1rum-kvillebacken-goteborgs-kommun-gullrisgatan-5b-6755148657476036289,23-24m²,bostadsratt,2026-09-22T13:02:45.038638
7258995880761149102,https://www.hemnet.se/salda/lagenhet-1rum-ostermalm-stockholms-kommun-valhallavagen-148-b-7258995880761149102,23-24m²,bostadsratt,2026-09-22T13:02:45.038638
2821066706742106769,"https://www.hemnet.se/salda/lagenhet-1rum-sodermalm-stockholms-kommun-asogatan-181,-2tr-2821066706742106769",23-24m²,bostadsratt,2026-09-22T13:02:45.038639
5941077569438167139,https://www.hemnet.se/salda/lagenhet-1rum-lilla-alby-sundbybergs-kommun-tradgardsgatan-5-5941077569438167139,23-24m²,bostadsratt,2026-09-22T13:02:45.038640
1016044199191403573,"https://www.hemnet.se/salda/lagenhet-1rum-haga-norra-solna-kommun-sylvangatan-5,-3tr-1016044199191403573",23-24m²,bostadsratt,2026-09-22T13:02:45.038641
8206905887472944722,https://www.hemnet.se/salda/lagenhet-1rum-vasastan-stockholms-kommun-vastmannagatan-13-8206905887472944722,23-24m²,bostadsratt,2026-09-22T13:02:45.038642
141293257241322717,https://www.hemnet.se/salda/lagenhet-1rum-hagastaden-stockholms-kommun-valfrid-palmgrens-gata-7-141293257241322717,23-24m²,bostadsratt,2026-09-22T13:02:45.038643
1431114,https://www.hemnet.se/salda/lagenhet-1rum-centrum-gottfridsberg-linkopings-kommun-ostsvangen-1a-1431114,23-24m²,bostadsratt,2026-09-22T13:02:45.038643
4556174958918059376,https://www.hemnet.se/salda/lagenhet-1rum-salenfjallen-malung-salens-kommun-hjortstigen-15a-4556174958918059376,23-24m²,bostadsratt,2026-09-22T13:02:45.038645
8462786176285346388,https://www.hemnet.se/salda/lagenhet-1rum-bromma-blackeberg-stockholms-kommun-arvid-mornes-vag-54-8462786176285346388,23-24m²,bostadsratt,2026-09-22T13:02:45.038646
935604568290107020,https://www.hemnet.se/salda/lagenhet-1rum-jarna-sodertalje-kommun-liljestigen-2-935604568290107020,23-24m²,bostadsratt,2026-09-22T13:02:45.038647
2470873080357432599,https://www.hemnet.se/salda/lagenhet-1rum-blackeberg-stockholms-kommun-arvid-mornes-vag-58-2470873080357432599,23-24m²,bostadsratt,2026-09-22T13:02:45.038648
1161489665383455210,https://www.hemnet.se/salda/lagenhet-1rum-or-sundbybergs-kommun-kavaljersbacken-4c-1161489665383455210,23-24m²,bostadsratt,2026-09-22T13:02:45.038649
1414520,https://www.hemnet.se/salda/lagenhet-1rum-hammarbyhojden-stockholms-kommun-nathorstvagen-17-1414520,23-24m²,bostadsratt,2026-09-22T13:02:45.038650
8463688691733120128,https://www.hemnet.se/salda/lagenhet-1rum-hagerstensasen-stockholms-kommun-arvodesvagen-23-8463688691733120128,23-24m²,bostadsratt,2026-09-22T13:02:45.038650
6523365421129399006,https://www.hemnet.se/salda/lagenhet-1rum-visby-gotlands-kommun-wilhelmina-skoghs-gata-8-lokal-2-6523365421129399006,23-24m²,bostadsratt,2026-09-22T13:02:45.038651
2185723614228335764,"https://www.hemnet.se/salda/lagenhet-1rum-sodermalm-maria-stockholms-kommun-tavastgatan-18,-3-tr-2185723614228335764",23-24m²,bostadsratt,2026-09-22T13:02:45.038652
9176337573769073380,"https://www.hemnet.se/salda/lagenhet-1rum-sodermalm-sofia-stockholms-kommun-bondegatan-79,-1tr-9176337573769073380",23-24m²,bostadsratt,2026-09-22T13:02:45.038653
1488489,https://www.hemnet.se/salda/lagenhet-1rum-tanndalen-funasdalen-harjedalens-kommun-rorosvagen-494-e-1488489,23-24m²,bostadsratt,2026-09-22T13:02:45.038654
1467341,"https://www.hemnet.se/salda/lagenhet-1,5rum-kungsholmen-stockholms-kommun-sysslomansgatan-24,-van-3-1467341",23-24m²,bostadsratt,2026-09-22T13:02:45.038655
7289364542950522838,https://www.hemnet.se/salda/lagenhet-1rum-hagerstensasen-stockholms-kommun-backvagen-149-7289364542950522838,23-24m²,bostadsratt,2026-09-22T13:02:45.038656
4959333136760656962,https://www.hemnet.se/salda/lagenhet-1rum-gardet-stockholms-kommun-vartavagen-59-4959333136760656962,23-24m²,bostadsratt,2026-09-22T13:02:45.038656
518457485683029828,"https://www.hemnet.se/salda/lagenhet-1rum-gardet-ostermalm-stockholms-kommun-rindogatan-25,-4tr-518457485683029828",23-24m²,bostadsratt,2026-09-22T13:02:45.038657
5590807685940764600,https://www.hemnet.se/salda/lagenhet-1rum-malmo-malmo-kommun-per-albin-hanssons-vag-50-b-5590807685940764600,23-24m²,bostadsratt,2026-09-22T13:02:45.038658
5402830198745533113,https://www.hemnet.se/salda/lagenhet-1rum-centrala-huddinge-huddinge-kommun-horningsnasvagen-34-5402830198745533113,23-24m²,bostadsratt,2026-09-22T13:02:45.038659
4290012814667360645,https://www.hemnet.se/salda/lagenhet-1rum-brynas-gavle-kommun-sjatte-tvargatan-39-4290012814667360645,23-24m²,bostadsratt,2026-09-22T13:02:45.038660
9172347353977812260,https://www.hemnet.se/salda/lagenhet-1rum-vasastan-birkastan-stockholms-kommun-norrbackagatan-14-9172347353977812260,23-24m²,bostadsratt,2026-09-22T13:02:45.038661
3383257246564884546,"https://www.hemnet.se/salda/lagenhet-1rum-enskede-stureby-stockholms-kommun-skonviksvagen-299,-van-3-av-3-3383257246564884546",23-24m²,bostadsratt,2026-09-22T13:02:45.038662
5824166609434351986,https://www.hemnet.se/salda/lagenhet-1rum-blackeberg-stockholms-kommun-ibsengatan-86b-5824166609434351986,23-24m²,bostadsratt,2026-09-22T13:02:45.038662
1832897268382144336,https://www.hemnet.se/salda/lagenhet-1rum-morby-danderyds-kommun-morbylund-7b-1832897268382144336,23-24m²,bostadsratt,2026-09-22T13:02:45.038663
1406881,https://www.hemnet.se/salda/lagenhet-1rum-sodermalm-stockholms-kommun-tjustgatan-3-1406881,23-24m²,bostadsratt,2026-09-22T13:02:45.038664
5638104712971611453,https://www.hemnet.se/salda/lagenhet-1rum-lorensberg-goteborgs-kommun-chalmersgatan-27c-5638104712971611453,23-24m²,bostadsratt,2026-09-22T13:02:45.038665
7830577247112907946,https://www.hemnet.se/salda/lagenhet-1rum-ekhagen-stockholms-kommun-ekhagsvagen-8-7830577247112907946,23-24m²,bostadsratt,2026-09-22T13:02:45.038666
2732744582883890553,"https://www.hemnet.se/salda/lagenhet-1rum-kungsholmen-stockholms-kommun-alstromergatan-51,-4tr-2732744582883890553",23-24m²,bostadsratt,2026-09-22T13:02:45.038666
5456654332901649781,https://www.hemnet.se/salda/lagenhet-1rum-johanneshov-stockholms-kommun-pelargatan-7-5456654332901649781,23-24m²,bostadsratt,2026-09-22T13:02:45.038667
8877937108717812731,https://www.hemnet.se/salda/lagenhet-1rum-kungsholmen-stockholms-kommun-kungsklippan-11-8877937108717812731,23-24m²,bostadsratt,2026-09-22T13:02:45.038669
246944284442151535,https://www.hemnet.se/salda/lagenhet-1rum-stockholm-vasastan-norrmalm-stockholms-kommun-sveavagen-140-246944284442151535,23-24m²,bostadsratt,2026-09-22T13:02:45.038670
1464561,https://www.hemnet.se/salda/lagenhet-1rum-blekingsborg-malmo-kommun-per-albin-hanssons-vag-54a-1464561,23-24m²,bostadsratt,2026-09-22T13:02:45.038671
6240697333302825480,https://www.hemnet.se/salda/lagenhet-1rum-ostermalm-vasastan-stockholms-kommun-birger-jarlsgatan-104f-6240697333302825480,23-24m²,bostadsratt,2026-09-22T13:02:45.038672
2294905361769687973,https://www.hemnet.se/salda/lagenhet-1rum-centrala-vasby-upplands-vasby-kommun-optimusvagen-3c-2294905361769687973,23-24m²,bostadsratt,2026-09-22T13:02:45.038673
5648460908945194213,https://www.hemnet.se/salda/lagenhet-1rum-centrala-sundbyberg-sundbybergs-kommun-bergsgatan-6-5648460908945194213,23-24m²,bostadsratt,2026-09-22T13:02:45.038674
4987559926720399144,https://www.hemnet.se/salda/lagenhet-1rum-davidshall-malmo-kommun-storgatan-43h-4987559926720399144,23-24m²,bostadsratt,2026-09-22T13:02:45.038675
332221148915467791,"https://www.hemnet.se/salda/lagenhet-1,5rum-karolinska-solna-kommun-olof-af-acrels-vag-5-332221148915467791",23-24m²,bostadsratt,2026-09-22T13:02:45.038675
4680068251409679949,"https://www.hemnet.se/salda/lagenhet-1rum-gardet-ostermalm-stockholms-kommun-furusundsgatan-15,-1tr-4680068251409679949",23-24m²,bostadsratt,2026-09-22T13:02:45.038676
4561914730132267477,"https://www.hemnet.se/salda/lagenhet-1rum-lilla-essingen-stockholms-kommun-essinge-brogata-5,-5-5-tr-4561914730132267477",23-24m²,bostadsratt,2026-09-22T13:02:45.038677
7957435650612370404,https://www.hemnet.se/salda/lagenhet-1rum-vallingby-centrum-stockholms-kommun-jamtlandsgatan-114-7957435650612370404,23-24m²,bostadsratt,2026-09-22T13:02:45.038678
5598983527762489955,https://www.hemnet.se/salda/lagenhet-1rum-alunda-osthammars-kommun-centrumvagen-7c-5598983527762489955,23-24m²,bostadsratt,2026-09-22T13:02:45.038679
2912630047283328677,"https://www.hemnet.se/salda/lagenhet-1rum-centrala-vasby-upplands-vasby-kommun-centralvagen-8a,-2-tr-2912630047283328677",23-24m²,bostadsratt,2026-09-22T13:02:45.038680
4460764338240575431,"https://www.hemnet.se/salda/lagenhet-1rum-centrum-vallentuna-kommun-centralvagen-4,-1-tr-4460764338240575431",23-24m²,bostadsratt,2026-09-22T13:02:45.038680
9188282441847782668,https://www.hemnet.se/salda/lagenhet-1rum-haga-norra-solna-kommun-sylvangatan-5-9188282441847782668,23-24m²,bostadsratt,2026-09-22T13:02:45.038681
4098413679100191515,https://www.hemnet.se/salda/lagenhet-1rum-maria-stockholms-kommun-grindsgatan-29-4098413679100191515,23-24m²,bostadsratt,2026-09-22T13:02:45.038682
2913142333249251534,https://www.hemnet.se/salda/lagenhet-1rum-centrum-sala-kommun-gruvgatan-9a-2913142333249251534,23-24m²,bostadsratt,2026-09-22T13:02:45.038683
1152807407586143866,https://www.hemnet.se/salda/lagenhet-1rum-vilhelmsro-jonkopings-kommun-ebba-ramsays-vag-18-1152807407586143866,23-24m²,bostadsratt,2026-09-22T13:02:45.038684
1354773275446762996,"https://www.hemnet.se/salda/lagenhet-1rum-kungsholmen-stockholms-kommun-john-ericssonsgatan-18,-3tr-1354773275446762996",23-24m²,bostadsratt,2026-09-22T13:02:45.038685
1412409,"https://www.hemnet.se/salda/lagenhet-1rum-gardet-ostermalm-stockholms-kommun-erik-dahlbergsgatan-36,-4tr-1412409",23-24m²,bostadsratt,2026-09-22T13:02:45.038685
5880752776938071987,https://www.hemnet.se/salda/lagenhet-1rum-bagaregarden-goteborgs-kommun-stockholmsgatan-40b-5880752776938071987,23-24m²,bostadsratt,2026-09-22T13:02:45.038686
8486211898787311367,https://www.hemnet.se/salda/lagenhet-1rum-rosenkalla-nykopings-kommun-erikslundsvagen-7-8486211898787311367,23-24m²,bostadsratt,2026-09-22T13:02:45.038687
2929342563654086804,https://www.hemnet.se/salda/lagenhet-1rum-kungsholmen-stockholms-kommun-celsiusgatan-8-2929342563654086804,23-24m²,bostadsratt,2026-09-22T13:02:45.038688
5065609768982471133,https://www.hemnet.se/salda/lagenhet-1rum-kungsholmen-fridhemsplan-stockholms-kommun-gjutargatan-6-5065609768982471133,23-24m²,bostadsratt,2026-09-22T13:02:45.038689
1389566,https://www.hemnet.se/salda/lagenhet-1rum-sodermalm-stockholms-kommun-brannkyrkagatan-83-1389566,23-24m²,bostadsratt,2026-09-22T13:02:45.038690
1430918,https://www.hemnet.se/salda/lagenhet-1rum-kungsholmen-radhuset-stockholms-kommun-bergsgatan-29-1430918,23-24m²,bostadsratt,2026-09-22T13:02:45.038691
4232194088299367697,https://www.hemnet.se/salda/lagenhet-1rum-centrum-gavle-kommun-norrtullsgatan-4-a-4232194088299367697,23-24m²,bostadsratt,2026-09-22T13:02:45.038692
1448830,https://www.hemnet.se/salda/lagenhet-1rum-midsommarkransen-stockholms-kommun-svandammsplan-8-1448830,23-24m²,bostadsratt,2026-09-22T13:02:45.038693
2558865734652850405,https://www.hemnet.se/salda/lagenhet-1rum-gardet-ostermalm-stockholms-kommun-furusundsgatan-6-2558865734652850405,23-24m²,bostadsratt,2026-09-22T13:02:45.038695
2589732997087523114,https://www.hemnet.se/salda/lagenhet-1rum-dalby-lunds-kommun-allegatan-3f-2589732997087523114,23-24m²,bostadsratt,2026-09-22T13:02:45.038696
3182502329431457785,https://www.hemnet.se/salda/lagenhet-1rum-sodermalm-hornstull-stockholms-kommun-tobaksspinnargatan-6-3182502329431457785,23-24m²,bostadsratt,2026-09-22T13:02:45.038697
8408733322282172691,https://www.hemnet.se/salda/lagenhet-1rum-haga-norra-solna-kommun-sylvangatan-9-8408733322282172691,23-24m²,bostadsratt,2026-09-22T13:02:45.038697
8260593735124763892,https://www.hemnet.se/salda/lagenhet-1rum-centrala-sundbyberg-sundbybergs-kommun-kyrkogatan-4-8260593735124763892,23-24m²,bostadsratt,2026-09-22T13:02:45.038698
8753134010845488312,https://www.hemnet.se/salda/lagenhet-1rum-huskvarna-centralt-jonkopings-kommun-torsgatan-15-a-8753134010845488312,23-24m²,bostadsratt,2026-09-22T13:02:45.038699
7581109656090019328,https://www.hemnet.se/salda/lagenhet-1rum-centrala-vasby-upplands-vasby-kommun-centralvagen-8a-7581109656090019328,23-24m²,bostadsratt,2026-09-22T13:02:45.038700
1439391,"https://www.hemnet.se/salda/lagenhet-1rum-rasunda-solna-kommun-sylvangatan-9,-3-tr-1439391",23-24m²,bostadsratt,2026-09-22T13:02:45.038701
8033809163215625335,https://www.hemnet.se/salda/lagenhet-1rum-gotland-vastra-gotlands-kommun-visborgsgatan-34b-8033809163215625335,23-24m²,bostadsratt,2026-09-22T13:02:45.038702
1423801630582396421,https://www.hemnet.se/salda/lagenhet-1rum-kungsholmen-stockholms-kommun-alstromergatan-35-1423801630582396421,23-24m²,bostadsratt,2026-09-22T13:02:45.038703
7604320897311466361,https://www.hemnet.se/salda/lagenhet-1rum-globen-johanneshov-stockholms-kommun-bildhuggarvagen-4-7604320897311466361,23-24m²,bostadsratt,2026-09-22T13:02:45.038703
1391935985334114409,https://www.hemnet.se/salda/lagenhet-1rum-barkarby-jarfalla-kommun-flyginfarten-14a-1391935985334114409,23-24m²,bostadsratt,2026-09-22T13:02:45.038704
1448555,"https://www.hemnet.se/salda/lagenhet-1rum-vasastan-sibirien-stockholms-kommun-roslagsgatan-54,-1,5-tr-1448555",23-24m²,bostadsratt,2026-09-22T13:02:45.038705
1369960,https://www.hemnet.se/salda/lagenhet-1rum-lerum-lerums-kommun-bagges-torg-1b-1369960,23-24m²,bostadsratt,2026-09-22T13:02:45.038706
6509009591823001621,https://www.hemnet.se/salda/lagenhet-1rum-hjorthagen-stockholms-kommun-artemisgatan-13-6509009591823001621,23-24m²,bostadsratt,2026-09-22T13:02:45.038707
8366994177130555062,https://www.hemnet.se/salda/lagenhet-1rum-sodermalm-stockholms-kommun-lundagatan-46-8366994177130555062,23-24m²,bostadsratt,2026-09-22T13:02:45.038708
4330516916674729966,https://www.hemnet.se/salda/lagenhet-1rum-krokslatt-molndals-kommun-krokslatts-parkgata-18b-4330516916674729966,23-24m²,bostadsratt,2026-09-22T13:02:45.038709
3664265549788186769,https://www.hemnet.se/salda/lagenhet-1rum-falhagen-uppsala-kommun-petterslundsgatan-14-e-3664265549788186769,23-24m²,bostadsratt,2026-09-22T13:02:45.038710
8681486063709287757,https://www.hemnet.se/salda/lagenhet-1rum-bagarmossen-stockholms-kommun-emagatan-12-8681486063709287757,23-24m²,bostadsratt,2026-09-22T13:02:45.038711
5184621024081548086,"https://www.hemnet.se/salda/lagenhet-1,5rum-norra-lannersta-nacka-kommun-fagelstigen-15g-5184621024081548086",23-24m²,bostadsratt,2026-09-22T13:02:45.038712
5531473195377040552,https://www.hemnet.se/salda/lagenhet-1rum-kungsholmen-stockholms-kommun-igeldammsgatan-38-5531473195377040552,23-24m²,bostadsratt,2026-09-22T13:02:45.038713
6564572556226911532,"https://www.hemnet.se/salda/lagenhet-1,5rum-sodermalm-stockholms-kommun-moregatan-7-6564572556226911532",23-24m²,bostadsratt,2026-09-22T13:02:45.038714
8719365587818265181,https://www.hemnet.se/salda/lagenhet-1rum-ranten-falkopings-kommun-jarnvagsgatan-22a-8719365587818265181,23-24m²,bostadsratt,2026-09-22T13:02:45.038715
1361493,"https://www.hemnet.se/salda/lagenhet-1rum-vasastan-stockholms-kommun-vanadisvagen-31b,-5tr-1361493",23-24m²,bostadsratt,2026-09-22T13:02:45.038716
7477153879948532102,https://www.hemnet.se/salda/lagenhet-1rum-vasastaden-stockholms-kommun-vulcanusgatan-9-7477153879948532102,23-24m²,bostadsratt,2026-09-22T13:02:45.038716
876992754701414351,https://www.hemnet.se/salda/lagenhet-1rum-vaster-lunds-kommun-slojdgatan-12-876992754701414351,23-24m²,bostadsratt,2026-09-22T13:02:45.038717
1456338,"https://www.hemnet.se/salda/lagenhet-1rum-vasastan-stockholms-kommun-tre-liljor-6,-hogst-upp-1456338",23-24m²,bostadsratt,2026-09-22T13:02:45.038718
3123491093972667549,https://www.hemnet.se/salda/lagenhet-1rum-valla-gottfridsberg-linkopings-kommun-ostsvangen-1a-3123491093972667549,23-24m²,bostadsratt,2026-09-22T13:02:45.038719
3248355313943666960,"https://www.hemnet.se/salda/lagenhet-1rum-kungsholmen-lilla-essingen-stockholms-kommun-luxgatan-5,-2-tr-3248355313943666960",23-24m²,bostadsratt,2026-09-22T13:02:45.038720
1411060,https://www.hemnet.se/salda/lagenhet-1rum-luthagen-uppsala-kommun-tegnergatan-33a-1411060,23-24m²,bostadsratt,2026-09-22T13:02:45.038722
333438233350043202,https://www.hemnet.se/salda/lagenhet-1rum-ostermalm-stockholms-kommun-kommendorsgatan-33a-333438233350043202,23-24m²,bostadsratt,2026-09-22T13:02:45.038723
1439319,https://www.hemnet.se/salda/lagenhet-1rum-framre-luthagen-uppsala-kommun-fredsgatan-4a-1439319,23-24m²,bostadsratt,2026-09-22T13:02:45.038724
1484273,"https://www.hemnet.se/salda/lagenhet-1rum-kungsholmen-kungsholms-strand-stockholms-kommun-industrigatan-16,-van-6-1484273",23-24m²,bostadsratt,2026-09-22T13:02:45.038725
6935452688077585192,https://www.hemnet.se/salda/lagenhet-1rum-bankeryd-jonkopings-kommun-kortebovagen-51-6935452688077585192,23-24m²,bostadsratt,2026-09-22T13:02:45.038726
8040038533836974908,"https://www.hemnet.se/salda/lagenhet-1rum-kungsholmen-stockholms-kommun-kungsklippan-11,-3-tr-8040038533836974908",23-24m²,bostadsratt,2026-09-22T13:02:45.038726
8508770753546812433,https://www.hemnet.se/salda/lagenhet-1rum-vasastan-atlas-stockholms-kommun-volundsgatan-10-8508770753546812433,23-24m²,bostadsratt,2026-09-22T13:02:45.038727
5459314810853746123,https://www.hemnet.se/salda/lagenhet-1rum-luthagen-uppsala-kommun-tegnergatan-33-a-5459314810853746123,23-24m²,bostadsratt,2026-09-22T13:02:45.038728
1431266,https://www.hemnet.se/salda/lagenhet-1rum-stockholm-bromma-stockholms-kommun-snormakarvagen-35b-1431266,23-24m²,bostadsratt,2026-09-22T13:02:45.038729
3732457337252260677,"https://www.hemnet.se/salda/lagenhet-1rum-gardet-ostermalm-stockholms-kommun-sandhamnsgatan-23,-3tr-3732457337252260677",23-24m²,bostadsratt,2026-09-22T13:02:45.038730
4010714550772372574,https://www.hemnet.se/salda/lagenhet-1rum-kungsholmen-stockholms-kommun-pontonjargatan-20-4010714550772372574,23-24m²,bostadsratt,2026-09-22T13:02:45.038730
7746827092167469776,https://www.hemnet.se/salda/lagenhet-1rum-centralt-vasastaden-linkopings-kommun-sturegatan-5-7746827092167469776,23-24m²,bostadsratt,2026-09-22T13:02:45.038731
608250372547231155,https://www.hemnet.se/salda/lagenhet-1rum-centrala-sundbyberg-sundbybergs-kommun-tulegatan-29b-608250372547231155,23-24m²,bostadsratt,2026-09-22T13:02:45.038733
5013692736321490947,https://www.hemnet.se/salda/lagenhet-1rum-bagaregarden-goteborgs-kommun-falkgatan-11-5013692736321490947,23-24m²,bostadsratt,2026-09-22T13:02:45.038735
2321071336670804904,https://www.hemnet.se/salda/lagenhet-1rum-gustavsberg-skogsbo-varmdo-kommun-skogsbovagen-20-2321071336670804904,23-24m²,bostadsratt,2026-09-22T13:02:45.038736
771566272807148729,"https://www.hemnet.se/salda/lagenhet-1rum-kungsholmen-radhuset-stockholms-kommun-bergsgatan-20,-2-tr-771566272807148729",23-24m²,bostadsratt,2026-09-22T13:02:45.038737
1535517057161130077,https://www.hemnet.se/salda/lagenhet-1rum-tidaholm-tidaholms-kommun-hjalmgatan-2-1535517057161130077,23-24m²,bostadsratt,2026-09-22T13:02:45.038738
1151514074796063413,https://www.hemnet.se/salda/lagenhet-1rum-sodermalm-bjurholmsplan-stockholms-kommun-bjurholmsplan-23-1151514074796063413,23-24m²,bostadsratt,2026-09-22T13:02:45.038738
6887448475041638189,"https://www.hemnet.se/salda/lagenhet-1rum-fredhall-stockholms-kommun-ralambsvagen-52,-1,5tr-6887448475041638189",23-24m²,bostadsratt,2026-09-22T13:02:45.038739
2518357195255071430,"https://www.hemnet.se/salda/lagenhet-1rum-gardet-stockholms-kommun-rindogatan-28,-3tr-2518357195255071430",23-24m²,bostadsratt,2026-09-22T13:02:45.038741
2608196409751829656,https://www.hemnet.se/salda/lagenhet-1rum-flemingsberg-huddinge-kommun-terapivagen-18d-2608196409751829656,23-24m²,bostadsratt,2026-09-22T13:02:45.038742
2318724122842533221,"https://www.hemnet.se/salda/lagenhet-1rum-stockholm-vasastan-norrmalm-stockholms-kommun-roslagsgatan-29a-o,g,-vaning-4-av-4-2318724122842533221",23-24m²,bostadsratt,2026-09-22T13:02:45.038744
6140910368197039732,https://www.hemnet.se/salda/lagenhet-1rum-sodermalm-katarina-stockholms-kommun-blekingegatan-36-6140910368197039732,23-24m²,bostadsratt,2026-09-22T13:02:45.038744
6985058644570268596,https://www.hemnet.se/salda/lagenhet-1rum-sodermalm-katarina-stockholms-kommun-hogbergsgatan-22-6985058644570268596,23-24m²,bostadsratt,2026-09-22T13:02:45.038745
1546851635550295384,https://www.hemnet.se/salda/lagenhet-1rum-orby-stockholms-kommun-gamla-huddingevagen-439-1546851635550295384,23-24m²,bostadsratt,2026-09-22T13:02:45.038746
709234141245138384,https://www.hemnet.se/salda/lagenhet-1rum-sigtuna-wenngarn-sigtuna-kommun-venngarn-304l-709234141245138384,23-24m²,bostadsratt,2026-09-22T13:02:45.038747
7427081618959531773,https://www.hemnet.se/salda/lagenhet-1rum-rasunda-solna-kommun-norra-vagen-2-7427081618959531773,23-24m²,bostadsratt,2026-09-22T13:02:45.038748
1371076,https://www.hemnet.se/salda/lagenhet-1rum-tynnered-goteborgs-kommun-briljantgatan-80a-1371076,23-24m²,bostadsratt,2026-09-22T13:02:45.038750
8237882532773516230,https://www.hemnet.se/salda/lagenhet-1rum-alvsjostaden-stockholms-kommun-kabelverksgatan-14-8237882532773516230,23-24m²,bostadsratt,2026-09-22T13:02:45.038751
1439542,"https://www.hemnet.se/salda/lagenhet-1rum-vasastan-stockholms-kommun-volundsgatan-11,-2-tr-1439542",23-24m²,bostadsratt,2026-09-22T13:02:45.038751
5057343859978209129,"https://www.hemnet.se/salda/lagenhet-1rum-fredhall-stockholms-kommun-orvar-odds-vag-2,-1tr-5057343859978209129",23-24m²,bostadsratt,2026-09-22T13:02:45.038752
1383834,"https://www.hemnet.se/salda/lagenhet-1rum-lilla-essingen-kungsholmen-stockholms-kommun-stralgatan-21,-van-4-av-4-1383834",23-24m²,bostadsratt,2026-09-22T13:02:45.038753
1444921,"https://www.hemnet.se/salda/lagenhet-1rum-spanga-rinkeby-stockholms-kommun-hjulstavagen-92,-7tr-1444921",23-24m²,bostadsratt,2026-09-22T13:02:45.038754
8826104375168582893,https://www.hemnet.se/salda/lagenhet-1rum-kungsholmen-stockholms-kommun-kungsbro-strand-21-8826104375168582893,23-24m²,bostadsratt,2026-09-22T13:02:45.038755
3794532108041218650,https://www.hemnet.se/salda/lagenhet-1rum-kvarnbergsplan-huddinge-kommun-radsvagen-5c-3794532108041218650,23-24m²,bostadsratt,2026-09-22T13:02:45.038756
5777633443462005523,https://www.hemnet.se/salda/lagenhet-1rum-trollhattan-trollhattans-kommun-riddaregatan-7b-5777633443462005523,23-24m²,bostadsratt,2026-09-22T13:02:45.038756
184279541529638152,"https://www.hemnet.se/salda/lagenhet-1rum-rasunda-solna-kommun-rasundavagen-134,-6tr-184279541529638152",23-24m²,bostadsratt,2026-09-22T13:02:45.038757
1484971,"https://www.hemnet.se/salda/lagenhet-1rum-hagalund-solna-kommun-sylvangatan-5,-van-3-1484971",23-24m²,bostadsratt,2026-09-22T13:02:45.038758
6583109630626745046,https://www.hemnet.se/salda/lagenhet-1rum-korfaltet-ostersunds-kommun-reveljgrand-23-a-6583109630626745046,23-24m²,bostadsratt,2026-09-22T13:02:45.038759
3072069134349489754,"https://www.hemnet.se/salda/lagenhet-1rum-vasastan-birkastan-stockholms-kommun-torsgatan-33,-4tr-3072069134349489754",23-24m²,bostadsratt,2026-09-22T13:02:45.038760
1370769,https://www.hemnet.se/salda/lagenhet-1rum-mollevangen-malmo-kommun-sofielundsvagen-23e-1370769,23-24m²,bostadsratt,2026-09-22T13:02:45.038761
4548422054147876590,"https://www.hemnet.se/salda/lagenhet-1rum-ekhagen-stockholms-kommun-torphagsvagen-6,-vaning-2-accepterat-pris-4548422054147876590",23-24m²,bostadsratt,2026-09-22T13:02:45.038761
5112921732821283544,https://www.hemnet.se/salda/lagenhet-1rum-grossgardet-norrtalje-kommun-kungsgatan-22b-5112921732821283544,23-24m²,bostadsratt,2026-09-22T13:02:45.038762
3929915485207487429,https://www.hemnet.se/salda/lagenhet-1rum-centrala-vallentuna-vallentuna-kommun-centralvagen-2-3929915485207487429,23-24m²,bostadsratt,2026-09-22T13:02:45.038763
4638557920445445871,https://www.hemnet.se/salda/lagenhet-1rum-rasunda-solna-kommun-rosstigen-9-4638557920445445871,23-24m²,bostadsratt,2026-09-22T13:02:45.038765
1510976,https://www.hemnet.se/salda/lagenhet-1rum-centrum-lunds-kommun-sjalbodgatan-5b-1510976,23-24m²,bostadsratt,2026-09-22T13:02:45.038766
1876370718169501736,https://www.hemnet.se/salda/lagenhet-1rum-finntorp-nacka-kommun-finntorpsvagen-3-1876370718169501736,23-24m²,bostadsratt,2026-09-22T13:02:45.038767
4261459281415952237,https://www.hemnet.se/salda/lagenhet-1rum-bromma-beckomberga-stockholms-kommun-follingbogatan-22-4261459281415952237,23-24m²,bostadsratt,2026-09-22T13:02:45.038768
1364366,"https://www.hemnet.se/salda/lagenhet-1rum-ostermalm-gardet-stockholms-kommun-rindogatan-24,-2tr-1364366",23-24m²,bostadsratt,2026-09-22T13:02:45.038769
4650557628458398885,https://www.hemnet.se/salda/lagenhet-1rum-kungsholmen-stockholms-kommun-sankt-goransgatan-161-4650557628458398885,23-24m²,bostadsratt,2026-09-22T13:02:45.038769
1473970,https://www.hemnet.se/salda/lagenhet-1rum-centrum-vaster-nykopings-kommun-bagaregatan-50-1473970,23-24m²,bostadsratt,2026-09-22T13:02:45.038770
1454147,https://www.hemnet.se/salda/lagenhet-1rum-barkarby-jarfalla-kommun-flyginfarten-14-1454147,23-24m²,bostadsratt,2026-09-22T13:02:45.038771
1429244,https://www.hemnet.se/salda/lagenhet-1rum-klostergarden-lunds-kommun-blidvadersvagen-6-a-1429244,23-24m²,bostadsratt,2026-09-22T13:02:45.038772
404860015874941243,"https://www.hemnet.se/salda/lagenhet-1rum-gardet-ostermalm-stockholms-kommun-furusundsgatan-15,-4-tr-404860015874941243",23-24m²,bostadsratt,2026-09-22T13:02:45.038773
7332281985852809416,https://www.hemnet.se/salda/lagenhet-1rum-drottningtorget-malmo-kommun-husargatan-6-7332281985852809416,23-24m²,bostadsratt,2026-09-22T13:02:45.038774
828785511518749235,https://www.hemnet.se/salda/lagenhet-1rum-lustigknopp-falu-kommun-lustigknoppsvagen-3a-828785511518749235,23-24m²,bostadsratt,2026-09-22T13:02:45.038775
4992808606674902484,"https://www.hemnet.se/salda/lagenhet-1rum-sodermalm-hornstull-stockholms-kommun-hornsgatan-151,-1-tr-4992808606674902484",23-24m²,bostadsratt,2026-09-22T13:02:45.038776
3126048929056207011,https://www.hemnet.se/salda/lagenhet-1rum-centrum-sala-kommun-drottninggatan-13c-3126048929056207011,23-24m²,bostadsratt,2026-09-22T13:02:45.038776
2796235546596608915,"https://www.hemnet.se/salda/lagenhet-1rum-vasastan-stockholms-kommun-atlasgatan-12,-1,5tr-2796235546596608915",23-24m²,bostadsratt,2026-09-22T13:02:45.038779
1758113190579184172,"https://www.hemnet.se/salda/lagenhet-1rum-kungsholmen-stockholms-kommun-pipersgatan-20,-3tr-1758113190579184172",23-24m²,bostadsratt,2026-09-22T13:02:45.038780
5243835423565911992,"https://www.hemnet.se/salda/lagenhet-1rum-gardet-ostermalm-stockholms-kommun-rindogatan-12,-3tr-5243835423565911992",23-24m²,bostadsratt,2026-09-22T13:02:45.038780
9082056166223261946,https://www.hemnet.se/salda/lagenhet-1rum-lindholmen-goteborgs-kommun-lodjursstraket-1-9082056166223261946,23-24m²,bostadsratt,2026-09-22T13:02:45.038781
241855411753390277,"https://www.hemnet.se/salda/lagenhet-1rum-vallingby-centrum-stockholms-kommun-jamtlandsgatan-74,-3-tr-241855411753390277",23-24m²,bostadsratt,2026-09-22T13:02:45.038782
5964549778788120789,"https://www.hemnet.se/salda/lagenhet-1rum-vasastan-stockholms-kommun-valhallavagen-49,-5-tr-5964549778788120789",23-24m²,bostadsratt,2026-09-22T13:02:45.038783
1463173,https://www.hemnet.se/salda/lagenhet-1rum-valla-gottfridsberg-linkopings-kommun-ostsvangen-1c-1463173,23-24m²,bostadsratt,2026-09-22T13:02:45.038784
1497750,"https://www.hemnet.se/salda/lagenhet-1rum-centrala-sundbyberg-sundbybergs-kommun-tulegatan-29a,-accepterat-pris-1497750",23-24m²,bostadsratt,2026-09-22T13:02:45.038785
4091841728375602477,https://www.hemnet.se/salda/lagenhet-1rum-vallingby-centrum-stockholms-kommun-jamtlandsgatan-96-4091841728375602477,23-24m²,bostadsratt,2026-09-22T13:02:45.038786
5923626630789015610,https://www.hemnet.se/salda/lagenhet-1rum-brunnshog-lunds-kommun-brunnshogsgatan-45b-5923626630789015610,23-24m²,bostadsratt,2026-09-22T13:02:45.038786
1378466530456222981,https://www.hemnet.se/salda/lagenhet-1rum-kungsholmen-stockholms-kommun-kungsklippan-11-1378466530456222981,23-24m²,bostadsratt,2026-09-22T13:02:45.038787
4538699797180190628,https://www.hemnet.se/salda/lagenhet-1rum-nasbypark-taby-kommun-ornstigen-31-4538699797180190628,23-24m²,bostadsratt,2026-09-22T13:02:45.038788
1837200955191208828,https://www.hemnet.se/salda/lagenhet-1rum-nedre-gardet-ostermalm-stockholms-kommun-strindbergsgatan-50-1837200955191208828,23-24m²,bostadsratt,2026-09-22T13:02:45.038790
8929896561674469762,https://www.hemnet.se/salda/lagenhet-1rum-majorna-goteborgs-kommun-klostergangen-11-8929896561674469762,23-24m²,bostadsratt,2026-09-22T13:02:45.038791
8956326574405651552,https://www.hemnet.se/salda/lagenhet-1rum-traneberg-stockholms-kommun-hallebergsvagen-26-8956326574405651552,23-24m²,bostadsratt,2026-09-22T13:02:45.038792
6922677674833253961,https://www.hemnet.se/salda/lagenhet-1rum-lustigknopp-falu-kommun-lustigknoppsvagen-3a-6922677674833253961,23-24m²,bostadsratt,2026-09-22T13:02:45.038793
7082515043667027021,"https://www.hemnet.se/salda/lagenhet-1rum-kungsholmen-radhuset-stockholms-kommun-kungsholmsgatan-9,-van-3-7082515043667027021",23-24m²,bostadsratt,2026-09-22T13:02:45.038794
2039729375149597401,https://www.hemnet.se/salda/lagenhet-1rum-vasastan-stockholms-kommun-bravallagatan-7-2039729375149597401,23-24m²,bostadsratt,2026-09-22T13:02:45.038794
2196905632491928073,"https://www.hemnet.se/salda/lagenhet-1rum-kungsholmen-stockholms-kommun-sysslomansgatan-24,-van-8-2196905632491928073",23-24m²,bostadsratt,2026-09-22T13:02:45.038796
1293984946010587081,"https://www.hemnet.se/salda/lagenhet-1,5rum-maria-stockholms-kommun-tjustgatan-2-1293984946010587081",23-24m²,bostadsratt,2026-09-22T13:02:45.038797
1439441,"https://www.hemnet.se/salda/lagenhet-1rum-vasastan-stockholms-kommun-roslagsgatan-60,-6-tr-1439441",23-24m²,bostadsratt,2026-09-22T13:02:45.038798
3855376543171227535,https://www.hemnet.se/salda/lagenhet-1rum-centrala-sodertalje-sodertalje-kommun-vastra-malarehamnen-3b-3855376543171227535,23-24m²,bostadsratt,2026-09-22T13:02:45.038799
1431999,https://www.hemnet.se/salda/lagenhet-1rum-centrum-vasastaden-linkopings-kommun-vasavagen-32-1431999,23-24m²,bostadsratt,2026-09-22T13:02:45.038800
8095608464954246819,https://www.hemnet.se/salda/lagenhet-1rum-grondal-stockholms-kommun-storsegelvagen-2-8095608464954246819,23-24m²,bostadsratt,2026-09-22T13:02:45.038801
4139756907368346064,"https://www.hemnet.se/salda/lagenhet-1,5rum-bromma-nockebyhov-stockholms-kommun-gubbkarrsvagen-29s-4tr-4139756907368346064",23-24m²,bostadsratt,2026-09-22T13:02:45.038801
1267330656103442147,"https://www.hemnet.se/salda/lagenhet-1rum-vireberg-solna-kommun-virebergsvagen-3,-hogt-upp-van-5-7-1267330656103442147",23-24m²,bostadsratt,2026-09-22T13:02:45.038802
294412111398260668,https://www.hemnet.se/salda/lagenhet-1rum-kungsholmen-stockholms-kommun-kungsklippan-11-294412111398260668,23-24m²,bostadsratt,2026-09-22T13:02:45.038803
1559325903006915906,https://www.hemnet.se/salda/lagenhet-1rum-ostermalm-gardet-stockholms-kommun-vartavagen-59-1559325903006915906,23-24m²,bostadsratt,2026-09-22T13:02:45.038805
1434423831693753991,https://www.hemnet.se/salda/lagenhet-1rum-blekingsborg-malmo-kommun-per-albin-hanssons-vag-52a-1434423831693753991,23-24m²,bostadsratt,2026-09-22T13:02:45.038806
1382213,https://www.hemnet.se/salda/lagenhet-1rum-bromma-beckomberga-stockholms-kommun-follingbogatan-18-1382213,23-24m²,bostadsratt,2026-09-22T13:02:45.038807
8797004296505973306,https://www.hemnet.se/salda/lagenhet-1rum-kvarngardet-uppsala-kommun-orgelgatan-13-8797004296505973306,23-24m²,bostadsratt,2026-09-22T13:02:45.038808
1470004,https://www.hemnet.se/salda/lagenhet-1rum-centrum-uppsala-kommun-dragarbrunnsgatan-31-1470004,23-24m²,bostadsratt,2026-09-22T13:02:45.038809
8091532768004192577,https://www.hemnet.se/salda/lagenhet-1rum-sommarro-uppsala-kommun-lindsbergsgatan-11c-8091532768004192577,23-24m²,bostadsratt,2026-09-22T13:02:45.038809
1296568437348517434,https://www.hemnet.se/salda/lagenhet-1rum-bromma-beckomberga-stockholms-kommun-follingbogatan-18-1296568437348517434,23-24m²,bostadsratt,2026-09-22T13:02:45.038810
3031437197789202661,https://www.hemnet.se/salda/lagenhet-1rum-flemingsberg-huddinge-kommun-terapivagen-14a-3031437197789202661,23-24m²,bostadsratt,2026-09-22T13:02:45.038811
4573147149981851441,https://www.hemnet.se/salda/lagenhet-1rum-centralt-norr-gavle-kommun-norrtullsgatan-4-b-4573147149981851441,23-24m²,bostadsratt,2026-09-22T13:02:45.038812
5484503917451415696,https://www.hemnet.se/salda/lagenhet-1rum-centralt-vasteras-kommun-kallgatan-11-b-5484503917451415696,23-24m²,bostadsratt,2026-09-22T13:02:45.038813
1499813,https://www.hemnet.se/salda/lagenhet-1rum-vallingby-stockholms-kommun-jamtlandsgatan-86-1499813,23-24m²,bostadsratt,2026-09-22T13:02:45.038813
7433899778517824207,"https://www.hemnet.se/salda/lagenhet-1rum-ostermalm-stockholms-kommun-kommendorsgatan-26,-2tr-7433899778517824207",23-24m²,bostadsratt,2026-09-22T13:02:45.038814
1442830,"https://www.hemnet.se/salda/lagenhet-1rum-fredhall-stockholms-kommun-orvar-odds-vag-2,-1tr-1442830",23-24m²,bostadsratt,2026-09-22T13:02:45.038815
9006070359729489670,https://www.hemnet.se/salda/lagenhet-1rum-kungsholmen-kungsholms-strand-stockholms-kommun-alstromergatan-32d-9006070359729489670,23-24m²,bostadsratt,2026-09-22T13:02:45.038816
7811757061931699057,https://www.hemnet.se/salda/lagenhet-1rum-vasastan-stockholms-kommun-hollandargatan-24-7811757061931699057,23-24m²,bostadsratt,2026-09-22T13:02:45.038817
1392796416485465198,https://www.hemnet.se/salda/lagenhet-2rum-svinninge-osterakers-kommun-lindgardsvagen-15d-1392796416485465198,23-24m²,bostadsratt,2026-09-22T13:02:45.038818
824933960212734626,"https://www.hemnet.se/salda/lagenhet-1rum-sodermalm-katarina-sofia-stockholms-kommun-svartensgatan-10,1tr-824933960212734626",23-24m²,bostadsratt,2026-09-22T13:02:45.038819
4575446228873585343,"https://www.hemnet.se/salda/lagenhet-1rum-grondal-stockholms-kommun-grondalsvagen-27,-1tr-4575446228873585343",23-24m²,bostadsratt,2026-09-22T13:02:45.038819
126786326975784559,https://www.hemnet.se/salda/lagenhet-1rum-telefonplan-stockholms-kommun-valborgsmassovagen-20d-126786326975784559,23-24m²,bostadsratt,2026-09-22T13:02:45.038820
1430903,https://www.hemnet.se/salda/lagenhet-1rum-nobeltorget-malmo-kommun-vitemollegatan-4c-1430903,23-24m²,bostadsratt,2026-09-22T13:02:45.038821
4994725489713468115,https://www.hemnet.se/salda/lagenhet-1rum-luthagen-rickomberga-uppsala-kommun-luthagsesplanaden-6b-4994725489713468115,23-24m²,bostadsratt,2026-09-22T13:02:45.038822
7384120864737351127,https://www.hemnet.se/salda/lagenhet-1rum-farsta-stockholms-kommun-filipstadsbacken-60-7384120864737351127,23-24m²,bostadsratt,2026-09-22T13:02:45.038823
5278290677167602024,"https://www.hemnet.se/salda/lagenhet-1rum-nedre-gardet-stockholms-kommun-skeppargatan-75,-1tr-5278290677167602024",23-24m²,bostadsratt,2026-09-22T13:02:45.038824
1608287977610247230,https://www.hemnet.se/salda/lagenhet-1rum-falhagen-uppsala-kommun-petterslundsgatan-14e-1608287977610247230,23-24m²,bostadsratt,2026-09-22T13:02:45.038826
1498439,https://www.hemnet.se/salda/lagenhet-1rum-solna-rasunda-solna-kommun-klovervagen-3-1498439,23-24m²,bostadsratt,2026-09-22T13:02:45.038827
2660856382295209589,https://www.hemnet.se/salda/lagenhet-1rum-sodermalm-sofia-stockholms-kommun-asogatan-190-2660856382295209589,23-24m²,bostadsratt,2026-09-22T13:02:45.038828
1746365311917325434,https://www.hemnet.se/salda/lagenhet-1rum-finntorp-nacka-kommun-finntorpsvagen-3-1746365311917325434,23-24m²,bostadsratt,2026-09-22T13:02:45.038828
7962596477059232320,https://www.hemnet.se/salda/lagenhet-1rum-salabacke-uppsala-kommun-verkmastargatan-1-c-7962596477059232320,23-24m²,bostadsratt,2026-09-22T13:02:45.038829
4483156180131358087,"https://www.hemnet.se/salda/lagenhet-1rum-sodermalm-maria-hogalid-stockholms-kommun-hogalidsgatan-29,-3tr-4483156180131358087",23-24m²,bostadsratt,2026-09-22T13:02:45.038830
1466691,"https://www.hemnet.se/salda/lagenhet-1rum-rasunda-solna-kommun-klovervagen-5,-van-3-av-4-1466691",23-24m²,bostadsratt,2026-09-22T13:02:45.038831
3712979392505896680,https://www.hemnet.se/salda/lagenhet-1rum-korfaltet-ostersunds-kommun-reveljgrand-25-a-3712979392505896680,23-24m²,bostadsratt,2026-09-22T13:02:45.038833
8004007222260438551,https://www.hemnet.se/salda/lagenhet-1rum-gardet-stockholms-kommun-smedsbacksgatan-26-8004007222260438551,23-24m²,bostadsratt,2026-09-22T13:02:45.038834
1628770314988531876,"https://www.hemnet.se/salda/lagenhet-1rum-luossavaara-kiruna-kommun-dubengatan-29-c-van,-2-1628770314988531876",23-24m²,bostadsratt,2026-09-22T13:02:45.038835
4135890297900164218,https://www.hemnet.se/salda/lagenhet-1rum-gardet-ostermalm-stockholms-kommun-furusundsgatan-15-4135890297900164218,23-24m²,bostadsratt,2026-09-22T13:02:45.038836
4073084438326763439,https://www.hemnet.se/salda/lagenhet-1rum-haga-norra-solna-kommun-fyrgrand-4-4073084438326763439,23-24m²,bostadsratt,2026-09-22T13:02:45.038837
8057732951427696038,https://www.hemnet.se/salda/lagenhet-1rum-sodermalm-stockholms-kommun-bjurholmsplan-28-8057732951427696038,23-24m²,bostadsratt,2026-09-22T13:02:45.038837
3495787354886551050,https://www.hemnet.se/salda/lagenhet-1rum-vastra-hamnen-malmo-kommun-sundspromenaden-1-3495787354886551050,23-24m²,bostadsratt,2026-09-22T13:02:45.038838
8296925892900625147,https://www.hemnet.se/salda/lagenhet-1rum-luthagen-uppsala-kommun-tegnergatan-25c-8296925892900625147,23-24m²,bostadsratt,2026-09-22T13:02:45.038839
5864855512653450986,https://www.hemnet.se/salda/lagenhet-1rum-linnestaden-goteborgs-kommun-vegagatan-56-5864855512653450986,23-24m²,bostadsratt,2026-09-22T13:02:45.038840
5924449233092180780,"https://www.hemnet.se/salda/lagenhet-1rum-finntorp-nacka-kommun-finntorpsvagen-3,-1-tr-5924449233092180780",23-24m²,bostadsratt,2026-09-22T13:02:45.038841
1447688,"https://www.hemnet.se/salda/lagenhet-1rum-haga-norra-solna-kommun-sylvangatan-5,-3-tr-av-7-1447688",23-24m²,bostadsratt,2026-09-22T13:02:45.038843
5970944753501033827,https://www.hemnet.se/salda/lagenhet-1rum-vallingby-centrum-stockholms-kommun-jamtlandsgatan-92-5970944753501033827,23-24m²,bostadsratt,2026-09-22T13:02:45.038844
6816150233500023298,https://www.hemnet.se/salda/lagenhet-1rum-hasselby-norra-villastad-stockholms-kommun-snodroppsgrand-29-6816150233500023298,23-24m²,bostadsratt,2026-09-22T13:02:45.038845
1159252621316024578,https://www.hemnet.se/salda/lagenhet-1rum-midsommarkransen-stockholms-kommun-nioortsvagen-26-1159252621316024578,23-24m²,bostadsratt,2026-09-22T13:02:45.038846
6001883403089717320,"https://www.hemnet.se/salda/lagenhet-1rum-sodermalm-hornstull-stockholms-kommun-hogalidsgatan-33,-2-tr-6001883403089717320",23-24m²,bostadsratt,2026-09-22T13:02:45.038847
2470502687561127387,https://www.hemnet.se/salda/lagenhet-2rum-norra-lannersta-nacka-kommun-fagelstigen-15d-2470502687561127387,23-24m²,bostadsratt,2026-09-22T13:02:45.038847
8985209754271684337,https://www.hemnet.se/salda/lagenhet-1rum-ren-bollnas-kommun-sodra-backvagen-6a-8985209754271684337,23-24m²,bostadsratt,2026-09-22T13:02:45.038848
6865558188853812931,https://www.hemnet.se/salda/lagenhet-1rum-vasastan-stockholms-kommun-sveavagen-140-6865558188853812931,23-24m²,bostadsratt,2026-09-22T13:02:45.038849
9192492727087288818,https://www.hemnet.se/salda/lagenhet-1rum-limhamns-sjostad-malmo-kommun-barlastgatan-4-9192492727087288818,23-24m²,bostadsratt,2026-09-22T13:02:45.038850
8599807938415063137,https://www.hemnet.se/salda/lagenhet-1rum-gavle-centrum-gavle-kommun-norrtullsgatan-4b-8599807938415063137,23-24m²,bostadsratt,2026-09-22T13:02:45.038851
267214104482266861,https://www.hemnet.se/salda/lagenhet-1rum-bromma-alsten-stockholms-kommun-vesslevagen-40-267214104482266861,23-24m²,bostadsratt,2026-09-22T13:02:45.038852
8205395711596651812,https://www.hemnet.se/salda/lagenhet-1rum-gardet-ostermalm-stockholms-kommun-rokubbsgatan-2-8205395711596651812,23-24m²,bostadsratt,2026-09-22T13:02:45.038853
6047462229140986262,https://www.hemnet.se/salda/lagenhet-1rum-linne-goteborgs-kommun-nordenskioldsgatan-30a-6047462229140986262,23-24m²,bostadsratt,2026-09-22T13:02:45.038854
4479543797321551595,https://www.hemnet.se/salda/lagenhet-1rum-ranten-falkopings-kommun-jarnvagsgatan-22a-4479543797321551595,23-24m²,bostadsratt,2026-09-22T13:02:45.038854
1394784,https://www.hemnet.se/salda/lagenhet-1rum-jarnbrott-goteborgs-kommun-bildradiogatan-2-1394784,23-24m²,bostadsratt,2026-09-22T13:02:45.038855
4899762778511755892,"https://www.hemnet.se/salda/lagenhet-1,5rum-hasselby-norra-villastad-stockholms-kommun-snodroppsgrand-31-van-2-4899762778511755892",23-24m²,bostadsratt,2026-09-22T13:02:45.038857
6510097722506218141,https://www.hemnet.se/salda/lagenhet-1rum-haga-umea-kommun-solvandan-6a-6510097722506218141,23-24m²,bostadsratt,2026-09-22T13:02:45.038859
4512591062095494931,"https://www.hemnet.se/salda/lagenhet-1rum-sodermalm-nytorget-stockholms-kommun-nytorgsgatan-33,-4-tr-4512591062095494931",23-24m²,bostadsratt,2026-09-22T13:02:45.038860
4197526411114658413,"https://www.hemnet.se/salda/lagenhet-1rum-kungsholmen-radhuset-stockholms-kommun-bergsgatan-31,-2tr-4197526411114658413",23-24m²,bostadsratt,2026-09-22T13:02:45.038861
1385114,https://www.hemnet.se/salda/lagenhet-1rum-grondal-stockholms-kommun-sjobjornsvagen-15b-1385114,23-24m²,bostadsratt,2026-09-22T13:02:45.038862
771983156516570973,https://www.hemnet.se/salda/lagenhet-1rum-danderyd-danderyds-kommun-morbylund-13-771983156516570973,23-24m²,bostadsratt,2026-09-22T13:02:45.038863
8277317680111017359,https://www.hemnet.se/salda/lagenhet-1rum-liseberg-stockholms-kommun-lisebergsvagen-123-8277317680111017359,23-24m²,bostadsratt,2026-09-22T13:02:45.038864
402133417924907230,"https://www.hemnet.se/salda/lagenhet-1rum-vasastan-stockholms-kommun-wallingatan-11,-2-tr-402133417924907230",23-24m²,bostadsratt,2026-09-22T13:02:45.038865
4349165846173716213,https://www.hemnet.se/salda/lagenhet-1rum-blasut-johanneshov-stockholms-kommun-blasutvagen-27-4349165846173716213,23-24m²,bostadsratt,2026-09-22T13:02:45.038865
1433517,"https://www.hemnet.se/salda/lagenhet-1rum-sodermalm-medborgarplatsen-stockholms-kommun-tjustgatan-2,-2-tr-1433517",23-24m²,bostadsratt,2026-09-22T13:02:45.038866
2939901893573573252,https://www.hemnet.se/salda/lagenhet-1rum-bromma-stockholms-kommun-follingbogatan-22-2939901893573573252,23-24m²,bostadsratt,2026-09-22T13:02:45.038867
6622275975924257191,https://www.hemnet.se/salda/lagenhet-1rum-centrala-huddinge-huddinge-kommun-edsvagen-9-6622275975924257191,23-24m²,bostadsratt,2026-09-22T13:02:45.038868
1435550,https://www.hemnet.se/salda/lagenhet-1rum-kungsholmen-thorildsplan-stockholms-kommun-gyllenborgsgatan-22-1435550,23-24m²,bostadsratt,2026-09-22T13:02:45.038869
4106260998141689407,https://www.hemnet.se/salda/lagenhet-1rum-ostermalm-stockholms-kommun-birger-jarlsgatan-100-4106260998141689407,23-24m²,bostadsratt,2026-09-22T13:02:45.038870
3097132373894726945,https://www.hemnet.se/salda/lagenhet-1rum-sofieberg-tyreso-kommun-klintvagen-35c-3097132373894726945,23-24m²,bostadsratt,2026-09-22T13:02:45.038871
6013047976017185016,https://www.hemnet.se/salda/lagenhet-1rum-barkarby-jarfalla-kommun-flyginfarten-14a-6013047976017185016,23-24m²,bostadsratt,2026-09-22T13:02:45.038871
4722113312490881760,https://www.hemnet.se/salda/lagenhet-1rum-ostermalm-stockholms-kommun-kommendorsgatan-24-4722113312490881760,23-24m²,bostadsratt,2026-09-22T13:02:45.038872
7617632813122272281,https://www.hemnet.se/salda/lagenhet-1rum-finntorp-nacka-kommun-finntorpsvagen-3-7617632813122272281,23-24m²,bostadsratt,2026-09-22T13:02:45.038873
6220942022344747439,https://www.hemnet.se/salda/lagenhet-1rum-karrtorp-stockholms-kommun-fyrskeppsvagen-41-6220942022344747439,23-24m²,bostadsratt,2026-09-22T13:02:45.038874
6947235688293877349,https://www.hemnet.se/salda/lagenhet-1rum-lilla-essingen-stockholms-kommun-stralgatan-19-6947235688293877349,23-24m²,bostadsratt,2026-09-22T13:02:45.038875
5456501581271854689,"https://www.hemnet.se/salda/lagenhet-1rum-kungsholmen-stockholms-kommun-kungsklippan-11,-2-tr-5456501581271854689",23-24m²,bostadsratt,2026-09-22T13:02:45.038876
3939289588343661897,https://www.hemnet.se/salda/lagenhet-1rum-vasastaden-linkopings-kommun-vasavagen-32-3939289588343661897,23-24m²,bostadsratt,2026-09-22T13:02:45.038876
8299316086862561235,https://www.hemnet.se/salda/lagenhet-1rum-norrmalm-vasteras-kommun-krutkallarvagen-1-8299316086862561235,23-24m²,bostadsratt,2026-09-22T13:02:45.038877
8609146854729580861,https://www.hemnet.se/salda/lagenhet-1rum-kungsholmen-stockholms-kommun-bergsgatan-19a-8609146854729580861,23-24m²,bostadsratt,2026-09-22T13:02:45.038878
4012277657200414279,https://www.hemnet.se/salda/lagenhet-1rum-centrala-huddinge-huddinge-kommun-horningsnasvagen-34-4012277657200414279,23-24m²,bostadsratt,2026-09-22T13:02:45.038879
4129434969023012625,https://www.hemnet.se/salda/lagenhet-1rum-vasastan-stockholms-kommun-roslagsgatan-60-4129434969023012625,23-24m²,bostadsratt,2026-09-22T13:02:45.038880
348907869455439168,https://www.hemnet.se/salda/lagenhet-1rum-vasastan-atlas-stockholms-kommun-volundsgatan-11-348907869455439168,23-24m²,bostadsratt,2026-09-22T13:02:45.038881
6178621695630724763,"https://www.hemnet.se/salda/lagenhet-1rum-sodermalm-stockholms-kommun-ringvagen-161,-4tr-6178621695630724763",23-24m²,bostadsratt,2026-09-22T13:02:45.038882
5564531426356371430,https://www.hemnet.se/salda/lagenhet-1rum-sodra-guldheden-goteborgs-kommun-doktor-hjorts-gata-1d-5564531426356371430,23-24m²,bostadsratt,2026-09-22T13:02:45.038884
6885742234245590820,https://www.hemnet.se/salda/lagenhet-1rum-tagaborg-helsingborgs-kommun-erik-dahlbergs-gata-12-6885742234245590820,23-24m²,bostadsratt,2026-09-22T13:02:45.038885
3633609930401154553,https://www.hemnet.se/salda/lagenhet-1rum-framre-luthagen-uppsala-kommun-gotgatan-14a-3633609930401154553,23-24m²,bostadsratt,2026-09-22T13:02:45.038885
5210033521425411957,https://www.hemnet.se/salda/lagenhet-1rum-sodermalm-stockholms-kommun-bjorngardsgatan-3-5210033521425411957,23-24m²,bostadsratt,2026-09-22T13:02:45.038889
2426194697744050165,"https://www.hemnet.se/salda/lagenhet-1rum-sodermalm-stockholms-kommun-ringvagen-112,-5tr-2426194697744050165",23-24m²,bostadsratt,2026-09-22T13:02:45.038890
1456328,"https://www.hemnet.se/salda/lagenhet-1rum-sodermalm-hogalid-stockholms-kommun-heleneborgsgatan-20,-1-tr-upp-1456328",23-24m²,bostadsratt,2026-09-22T13:02:45.055771
1160551247240293832,https://www.hemnet.se/salda/lagenhet-1rum-gardet-stockholms-kommun-vartavagen-59-1160551247240293832,23-24m²,bostadsratt,2026-09-22T13:02:45.055790
5950958406607681513,https://www.hemnet.se/salda/lagenhet-1rum-katarina-stockholms-kommun-gotgatan-79-5950958406607681513,23-24m²,bostadsratt,2026-09-22T13:02:45.055791
1704931049365140815,https://www.hemnet.se/salda/lagenhet-1rum-ekhagen-norra-djurgarden-stockholms-kommun-torphagsvagen-6-1704931049365140815,23-24m²,bostadsratt,2026-09-22T13:02:45.055793
3709292552034726463,https://www.hemnet.se/salda/lagenhet-1rum-centrala-linkoping-linkopings-kommun-linnegatan-10-3709292552034726463,23-24m²,bostadsratt,2026-09-22T13:02:45.055794
6769786112256336149,https://www.hemnet.se/salda/lagenhet-1rum-aspudden-stockholms-kommun-pilgrimsvagen-54c-6769786112256336149,23-24m²,bostadsratt,2026-09-22T13:02:45.055795
893639925841919322,https://www.hemnet.se/salda/lagenhet-1rum-falhagen-uppsala-kommun-petterslundsgatan-14e-893639925841919322,23-24m²,bostadsratt,2026-09-22T13:02:45.055797
8816016272531118141,https://www.hemnet.se/salda/lagenhet-1rum-valla-linkopings-kommun-ostsvangen-1c-8816016272531118141,23-24m²,bostadsratt,2026-09-22T13:02:45.055798
2605464193213914368,https://www.hemnet.se/salda/lagenhet-1rum-sodermalm-katarina-stockholms-kommun-tjustgatan-2-2605464193213914368,23-24m²,bostadsratt,2026-09-22T13:02:45.055799
8973471404578589786,"https://www.hemnet.se/salda/lagenhet-1rum-finntorp-nacka-kommun-finntorpsvagen-3,-2tr-8973471404578589786",23-24m²,bostadsratt,2026-09-22T13:02:45.055800
2442709749016226951,https://www.hemnet.se/salda/lagenhet-1rum-molndal-molndals-kommun-haradsgatan-30a-2442709749016226951,23-24m²,bostadsratt,2026-09-22T13:02:45.055801
2810120454363996850,https://www.hemnet.se/salda/lagenhet-1rum-sodermalm-sofia-stockholms-kommun-klippgatan-14c-2810120454363996850,23-24m²,bostadsratt,2026-09-22T13:02:45.055802
3844244225252603414,https://www.hemnet.se/salda/lagenhet-1rum-centralt-upplands-vasby-kommun-centralvagen-8b-3844244225252603414,23-24m²,bostadsratt,2026-09-22T13:02:45.055804
737569525973036654,"https://www.hemnet.se/salda/lagenhet-1rum-gardet-ostermalm-stockholms-kommun-furusundsgatan-4-1tr,-sutterrang-1tr-fran-gard-737569525973036654",23-24m²,bostadsratt,2026-09-22T13:02:45.055806
1441658,"https://www.hemnet.se/salda/lagenhet-1rum-sodermalm-katarina-stockholms-kommun-asogatan-92,-5tr-1441658",23-24m²,bostadsratt,2026-09-22T13:02:45.055807
3872321008138844187,https://www.hemnet.se/salda/lagenhet-1rum-skarmarbrink-stockholms-kommun-pelargatan-7-3872321008138844187,23-24m²,bostadsratt,2026-09-22T13:02:45.055808
7674064170550602798,https://www.hemnet.se/salda/lagenhet-1rum-morbylund-danderyds-kommun-morbylund-13c-7674064170550602798,23-24m²,bostadsratt,2026-09-22T13:02:45.055809
6327294684739832378,https://www.hemnet.se/salda/lagenhet-1rum-arsta-stockholms-kommun-svardlangsvagen-49-6327294684739832378,23-24m²,bostadsratt,2026-09-22T13:02:45.055810
1407731,https://www.hemnet.se/salda/lagenhet-1rum-krutkallarbacken-vasteras-kommun-krutkallarvagen-1-1407731,23-24m²,bostadsratt,2026-09-22T13:02:45.055811
1706401698868394652,https://www.hemnet.se/salda/lagenhet-1rum-solna-gamla-rasunda-solna-kommun-sodra-langgatan-41-1706401698868394652,23-24m²,bostadsratt,2026-09-22T13:02:45.055813
5737104196644549161,https://www.hemnet.se/salda/lagenhet-1rum-nasby-park-taby-kommun-eskadervagen-12-5737104196644549161,23-24m²,bostadsratt,2026-09-22T13:02:45.055814
1427666,https://www.hemnet.se/salda/lagenhet-1rum-valla-linkopings-kommun-ostsvangen-1c-1427666,23-24m²,bostadsratt,2026-09-22T13:02:45.055815
6219969174524650717,https://www.hemnet.se/salda/lagenhet-1rum-johanneshov-stockholms-kommun-bildhuggarvagen-4-6219969174524650717,23-24m²,bostadsratt,2026-09-22T13:02:45.055816
1499375,https://www.hemnet.se/salda/lagenhet-1rum-sodermalm-stockholms-kommun-sodermalmstorg-8-1499375,23-24m²,bostadsratt,2026-09-22T13:02:45.055817
1395208,https://www.hemnet.se/salda/lagenhet-1rum-johanneshov-stockholms-kommun-arkadvagen-1-1395208,23-24m²,bostadsratt,2026-09-22T13:02:45.055818
2313209741572230293,https://www.hemnet.se/salda/lagenhet-1rum-kungsholmen-stockholms-kommun-alstromergatan-32e-2313209741572230293,23-24m²,bostadsratt,2026-09-22T13:02:45.055819
1495190,https://www.hemnet.se/salda/lagenhet-1rum-vasastan-atlas-stockholms-kommun-volundsgatan-1-1495190,23-24m²,bostadsratt,2026-09-22T13:02:45.055820
7849777174850460955,"https://www.hemnet.se/salda/lagenhet-1rum-vasastan-atlasomradet-stockholms-kommun-volundsgatan-10,-4tr-7849777174850460955",23-24m²,bostadsratt,2026-09-22T13:02:45.055821
1406722,https://www.hemnet.se/salda/lagenhet-1rum-rosendal-uppsala-kommun-torgny-segerstedts-alle-110-1406722,23-24m²,bostadsratt,2026-09-22T13:02:45.055822
4136992081873516424,"https://www.hemnet.se/salda/lagenhet-1rum-katarina-stockholms-kommun-tjustgatan-4,-5tr-4136992081873516424",23-24m²,bostadsratt,2026-09-22T13:02:45.055823
2010272453076484792,https://www.hemnet.se/salda/lagenhet-1rum-karlsdal-vasteras-kommun-krutkallarvagen-1-2010272453076484792,23-24m²,bostadsratt,2026-09-22T13:02:45.055824
5189430789319760695,https://www.hemnet.se/salda/lagenhet-1rum-taby-park-taby-kommun-transgatan-a-1102-5189430789319760695,23-24m²,bostadsratt,2026-09-22T13:02:45.055826
5651751893586322295,https://www.hemnet.se/salda/lagenhet-1rum-centrala-huddinge-kvarnbergsplan-huddinge-kommun-radsvagen-5c-5651751893586322295,23-24m²,bostadsratt,2026-09-22T13:02:45.055827
1397235,https://www.hemnet.se/salda/lagenhet-1rum-mollevangen-malmo-kommun-sodervarnsgatan-3c-1397235,23-24m²,bostadsratt,2026-09-22T13:02:45.055828
7452079655130085459,https://www.hemnet.se/salda/lagenhet-1rum-luossavaara-kiruna-kommun-dubengatan-33b-7452079655130085459,23-24m²,bostadsratt,2026-09-22T13:02:45.055829
714473689669817679,https://www.hemnet.se/salda/lagenhet-1rum-blackeberg-stockholms-kommun-arvid-mornes-vag-48-714473689669817679,23-24m²,bostadsratt,2026-09-22T13:02:45.055830
3870157762824778034,"https://www.hemnet.se/salda/lagenhet-1rum-sodermalm-stockholms-kommun-hogbergsgatan-22,-van-2-3870157762824778034",23-24m²,bostadsratt,2026-09-22T13:02:45.055831
1430604,https://www.hemnet.se/salda/lagenhet-1rum-morbylund-danderyds-kommun-morbylund-15c-1430604,23-24m²,bostadsratt,2026-09-22T13:02:45.055832
3521491483743204268,"https://www.hemnet.se/salda/lagenhet-1rum-gardet-stockholms-kommun-rindogatan-4,-5-tr-3521491483743204268",23-24m²,bostadsratt,2026-09-22T13:02:45.055833
1429809,https://www.hemnet.se/salda/lagenhet-1rum-centrala-hisingen-goteborgs-kommun-virvelvindsgatan-28-1429809,23-24m²,bostadsratt,2026-09-22T13:02:45.055835
1500445,"https://www.hemnet.se/salda/lagenhet-1rum-ostermalm-nedre-gardet-stockholms-kommun-valhallavagen-131,-4-tr-1500445",23-24m²,bostadsratt,2026-09-22T13:02:45.055836
1555042185292909388,https://www.hemnet.se/salda/lagenhet-1rum-ostermalm-gardet-stockholms-kommun-vartavagen-59-1555042185292909388,23-24m²,bostadsratt,2026-09-22T13:02:45.055837
4394239336483735293,https://www.hemnet.se/salda/lagenhet-1rum-lindholmen-goteborgs-kommun-karlatornet-lodjursstraket-1-4394239336483735293,23-24m²,bostadsratt,2026-09-22T13:02:45.055838
6216865898529047788,https://www.hemnet.se/salda/lagenhet-1rum-ostermalm-stockholms-kommun-surbrunnsgatan-5-6216865898529047788,23-24m²,bostadsratt,2026-09-22T13:02:45.055839
4781416474318689019,"https://www.hemnet.se/salda/lagenhet-1rum-hagerstensasen-stockholms-kommun-bokbindarvagen-55,-van-3-4781416474318689019",23-24m²,bostadsratt,2026-09-22T13:02:45.055840
5583045480560252223,https://www.hemnet.se/salda/lagenhet-1rum-kapellgardet-uppsala-kommun-orgelgatan-15-5583045480560252223,23-24m²,bostadsratt,2026-09-22T13:02:45.055841
4216516074466250231,"https://www.hemnet.se/salda/lagenhet-2rum-vasastan-vasaparken-stockholms-kommun-dalagatan-44-a,-3-tr-4216516074466250231",23-24m²,bostadsratt,2026-09-22T13:02:45.055842
1390690,https://www.hemnet.se/salda/lagenhet-1rum-mariehall-stockholms-kommun-alpvagen-1-1390690,23-24m²,bostadsratt,2026-09-22T13:02:45.055843
1417021,https://www.hemnet.se/salda/lagenhet-1rum-centrala-huddinge-huddinge-kommun-edsvagen-9-1417021,23-24m²,bostadsratt,2026-09-22T13:02:45.055844
3774922725959728021,https://www.hemnet.se/salda/lagenhet-1rum-blasut-stockholms-kommun-skarmarbrinksvagen-12-3774922725959728021,23-24m²,bostadsratt,2026-09-22T13:02:45.055845
1192282688756252030,https://www.hemnet.se/salda/lagenhet-1rum-gardet-stockholms-kommun-smedsbacksgatan-8-1192282688756252030,23-24m²,bostadsratt,2026-09-22T13:02:45.055846
1468614,https://www.hemnet.se/salda/lagenhet-1rum-dalaplan-malmo-kommun-bragegatan-5a-1468614,23-24m²,bostadsratt,2026-09-22T13:02:45.055847
5342132493725800069,https://www.hemnet.se/salda/lagenhet-1rum-luthagen-uppsala-kommun-luthagsesplanaden-6b-5342132493725800069,23-24m²,bostadsratt,2026-09-22T13:02:45.055848
1655025687696196988,https://www.hemnet.se/salda/lagenhet-1rum-blekingsborg-malmo-kommun-per-albin-hanssons-vag-50a-1655025687696196988,23-24m²,bostadsratt,2026-09-22T13:02:45.055849
3515688482313165068,https://www.hemnet.se/salda/lagenhet-1rum-vaster-lunds-kommun-slojdgatan-12-3515688482313165068,23-24m²,bostadsratt,2026-09-22T13:02:45.055850
1430565,https://www.hemnet.se/salda/lagenhet-1rum-vasastan-stockholms-kommun-upplandsgatan-25a-1430565,23-24m²,bostadsratt,2026-09-22T13:02:45.055851
4815205215502267820,https://www.hemnet.se/salda/lagenhet-1rum-finntorp-nacka-kommun-finntorpsvagen-3-4815205215502267820,23-24m²,bostadsratt,2026-09-22T13:02:45.055852
7622347043767785188,https://www.hemnet.se/salda/lagenhet-1rum-sodermalm-stockholms-kommun-gotlandsgatan-64-7622347043767785188,23-24m²,bostadsratt,2026-09-22T13:02:45.055853
253522899622493594,https://www.hemnet.se/salda/lagenhet-1rum-innerstaden-linkopings-kommun-sturegatan-3b-253522899622493594,23-24m²,bostadsratt,2026-09-22T13:02:45.055854
7782955502895605961,https://www.hemnet.se/salda/lagenhet-1rum-luthagen-uppsala-kommun-geijersgatan-15b-7782955502895605961,23-24m²,bostadsratt,2026-09-22T13:02:45.055855
7820731814869940925,https://www.hemnet.se/salda/lagenhet-1rum-kvarnbergsplan-huddinge-kommun-radsvagen-5b-7820731814869940925,23-24m²,bostadsratt,2026-09-22T13:02:45.055857
1451072,https://www.hemnet.se/salda/lagenhet-1rum-sorgenfri-malmo-kommun-abbekasgatan-10-b-1451072,23-24m²,bostadsratt,2026-09-22T13:02:45.055858
3868879148236314846,"https://www.hemnet.se/salda/lagenhet-1rum-gardet-stockholms-kommun-rindogatan-30,-3-tr-3868879148236314846",23-24m²,bostadsratt,2026-09-22T13:02:45.055859
8133911156252780774,https://www.hemnet.se/salda/lagenhet-1rum-gottfridsberg-linkopings-kommun-ostsvangen-1a-8133911156252780774,23-24m²,bostadsratt,2026-09-22T13:02:45.055860
5243541736141658897,https://www.hemnet.se/salda/lagenhet-1rum-gottfridsberg-valla-linkopings-kommun-ostsvangen-1a-5243541736141658897,23-24m²,bostadsratt,2026-09-22T13:02:45.055861
4216211347064273351,https://www.hemnet.se/salda/lagenhet-1rum-alvsjo-stockholms-kommun-gamla-huddingevagen-455-4216211347064273351,23-24m²,bostadsratt,2026-09-22T13:02:45.055862
3235379038126301259,https://www.hemnet.se/salda/lagenhet-1rum-viggbygardet-viggbyholm-taby-kommun-sodervagen-30-3235379038126301259,23-24m²,bostadsratt,2026-09-22T13:02:45.055863
6334657096930587537,https://www.hemnet.se/salda/lagenhet-1rum-norrmalm-boras-kommun-dobelnsgatan-3-6334657096930587537,23-24m²,bostadsratt,2026-09-22T13:02:45.055864
8647594502633274936,"https://www.hemnet.se/salda/lagenhet-1rum-hogalid-stockholms-kommun-slipgatan-5,-3tr-8647594502633274936",23-24m²,bostadsratt,2026-09-22T13:02:45.055865
1948498765451001220,"https://www.hemnet.se/salda/lagenhet-1rum-rasunda-solna-kommun-rasundavagen-134,-van-6-6-1948498765451001220",23-24m²,bostadsratt,2026-09-22T13:02:45.055866
8987535096687031513,https://www.hemnet.se/salda/lagenhet-2rum-flens-kommun-jasminvagen-11a-8987535096687031513,23-24m²,bostadsratt,2026-09-22T13:02:45.055867
8644703545531971558,https://www.hemnet.se/salda/lagenhet-1rum-norrkoping-norrkopings-kommun-enebygatan-8b-8644703545531971558,23-24m²,bostadsratt,2026-09-22T13:02:45.055868
1465920,https://www.hemnet.se/salda/lagenhet-1rum-parkstaden-boras-kommun-parkgatan-1-b-1465920,23-24m²,bostadsratt,2026-09-22T13:02:45.055869
7922581869241595138,"https://www.hemnet.se/salda/lagenhet-1rum-sodermalm-stockholms-kommun-tobaksspinnargatan-6,-2tr-7922581869241595138",23-24m²,bostadsratt,2026-09-22T13:02:45.055870
2354721502428711229,https://www.hemnet.se/salda/lagenhet-1rum-gottfridsberg-linkopings-kommun-ostsvangen-1a-2354721502428711229,23-24m²,bostadsratt,2026-09-22T13:02:45.055871
4797352627204456598,"https://www.hemnet.se/salda/lagenhet-1rum-vasastan-stockholms-kommun-torsgatan-71,-3tr-4797352627204456598",23-24m²,bostadsratt,2026-09-22T13:02:45.055872
4592286370487901652,https://www.hemnet.se/salda/lagenhet-1rum-lindholmen-goteborgs-kommun-lodjursstraket-1-4592286370487901652,23-24m²,bostadsratt,2026-09-22T13:02:45.055873
2498959693852396737,https://www.hemnet.se/salda/lagenhet-1rum-tynnered-goteborgs-kommun-briljantgatan-86b-2498959693852396737,23-24m²,bostadsratt,2026-09-22T13:02:45.055874
4855377324014841936,"https://www.hemnet.se/salda/lagenhet-1rum-vasastan-stockholms-kommun-tegnergatan-55-c,-3-tr-4855377324014841936",23-24m²,bostadsratt,2026-09-22T13:02:45.055875
1592040328684678164,https://www.hemnet.se/salda/lagenhet-1rum-hjorthagen-stockholms-kommun-ahlsellvagen-6-1592040328684678164,23-24m²,bostadsratt,2026-09-22T13:02:45.055875
6798227445051044008,https://www.hemnet.se/salda/lagenhet-1rum-gardet-ostermalm-stockholms-kommun-furusundsgatan-15-6798227445051044008,23-24m²,bostadsratt,2026-09-22T13:02:45.055876
7077308368002824994,https://www.hemnet.se/salda/lagenhet-1rum-kungsholmen-fridhemsplan-stockholms-kommun-svarvargatan-10-7077308368002824994,23-24m²,bostadsratt,2026-09-22T13:02:45.055877
6055010113409169999,"https://www.hemnet.se/salda/lagenhet-1rum-aspudden-ornsberg-stockholms-kommun-hagerstensvagen-207,-2-tr,-6055010113409169999",23-24m²,bostadsratt,2026-09-22T13:02:45.055879
8448849396804165416,"https://www.hemnet.se/salda/lagenhet-1rum-lilla-essingen-kungsholmen-stockholms-kommun-stralgatan-21,-van-4-av-4-8448849396804165416",23-24m²,bostadsratt,2026-09-22T13:02:45.055880
1430177,https://www.hemnet.se/salda/lagenhet-1rum-valla-linkopings-kommun-ostsvangen-1a-1430177,23-24m²,bostadsratt,2026-09-22T13:02:45.055881
6579349578477651549,https://www.hemnet.se/salda/lagenhet-1rum-blekingsborg-malmo-kommun-per-albin-hanssons-vag-50a-6579349578477651549,23-24m²,bostadsratt,2026-09-22T13:02:45.055882
4751190850188148971,https://www.hemnet.se/salda/lagenhet-1rum-vasastan-roda-bergen-stockholms-kommun-falugatan-23-4751190850188148971,23-24m²,bostadsratt,2026-09-22T13:02:45.055883
5103520135354345093,https://www.hemnet.se/salda/lagenhet-1rum-soder-ostersunds-kommun-brunflovagen-14b-5103520135354345093,23-24m²,bostadsratt,2026-09-22T13:02:45.055884
5394579985015545277,https://www.hemnet.se/salda/lagenhet-1rum-telefonplan-stockholms-kommun-diavoxvagen-32-5394579985015545277,23-24m²,bostadsratt,2026-09-22T13:02:45.055885
3787321941613824293,https://www.hemnet.se/salda/lagenhet-1rum-luthagen-uppsala-kommun-tegnergatan-33c-3787321941613824293,23-24m²,bostadsratt,2026-09-22T13:02:45.055886
1972617816062596148,https://www.hemnet.se/salda/lagenhet-1rum-luthagen-uppsala-kommun-tegnergatan-33b-1972617816062596148,23-24m²,bostadsratt,2026-09-22T13:02:45.055887
1398402,https://www.hemnet.se/salda/lagenhet-1rum-ostermalm-stockholms-kommun-nybrogatan-66-1398402,23-24m²,bostadsratt,2026-09-22T13:02:45.055888
973500559794955294,https://www.hemnet.se/salda/lagenhet-1rum-flemingsberg-huddinge-kommun-terapivagen-14a-973500559794955294,23-24m²,bostadsratt,2026-09-22T13:02:45.055889
3857626515981170876,https://www.hemnet.se/salda/lagenhet-1rum-centrala-sundbyberg-sundbybergs-kommun-vegagatan-18-3857626515981170876,23-24m²,bostadsratt,2026-09-22T13:02:45.055890
6074623030059822634,https://www.hemnet.se/salda/lagenhet-1rum-enskede-gubbangen-stockholms-kommun-skrinvagen-7-6074623030059822634,23-24m²,bostadsratt,2026-09-22T13:02:45.055891
4713062797535899572,"https://www.hemnet.se/salda/lagenhet-1rum-sodermalm-stockholms-kommun-asogatan-174,-4tr-4713062797535899572",23-24m²,bostadsratt,2026-09-22T13:02:45.055892
706687680857857680,"https://www.hemnet.se/salda/lagenhet-1rum-kungsholmen-stockholms-kommun-kungsklippan-11,-3-tr-706687680857857680",23-24m²,bostadsratt,2026-09-22T13:02:45.055893
8150623378070704895,https://www.hemnet.se/salda/lagenhet-1rum-centrum-uppsala-kommun-dragarbrunnsgatan-33-8150623378070704895,23-24m²,bostadsratt,2026-09-22T13:02:45.055894
898646903157461118,https://www.hemnet.se/salda/lagenhet-1rum-gudo-haninge-kommun-gudo-avag-4c-898646903157461118,23-24m²,bostadsratt,2026-09-22T13:02:45.055895
1489779,https://www.hemnet.se/salda/lagenhet-1rum-lustigknopp-falu-kommun-lustigknoppsvagen-4a-1489779,23-24m²,bostadsratt,2026-09-22T13:02:45.055896
1480511,"https://www.hemnet.se/salda/lagenhet-1rum-kungsholmen-fridhemsplan-stockholms-kommun-sankt-goransgatan-64b,-van-2-1480511",23-24m²,bostadsratt,2026-09-22T13:02:45.055897
5639934548768515782,https://www.hemnet.se/salda/lagenhet-1rum-sorgenfri-malmo-kommun-abbekasgatan-10b-5639934548768515782,23-24m²,bostadsratt,2026-09-22T13:02:45.055898
1434097,"https://www.hemnet.se/salda/lagenhet-1rum-sodermalm-hogalid-stockholms-kommun-lundagatan-50,-2tr-1434097",23-24m²,bostadsratt,2026-09-22T13:02:45.055899
504716566077070112,https://www.hemnet.se/salda/lagenhet-1rum-hemmesta-varmdo-kommun-parkvagen-9j-504716566077070112,23-24m²,bostadsratt,2026-09-22T13:02:45.055900
8558077431026134931,https://www.hemnet.se/salda/lagenhet-1rum-porslinskvarteren-varmdo-kommun-stig-lindbergs-gata-17a-8558077431026134931,23-24m²,bostadsratt,2026-09-22T13:02:45.055901
5291439841862824064,https://www.hemnet.se/salda/lagenhet-1rum-strommensberg-goteborgs-kommun-sofiagatan-48a-5291439841862824064,23-24m²,bostadsratt,2026-09-22T13:02:45.055902
7765576815876228932,https://www.hemnet.se/salda/lagenhet-1rum-johanneberg-goteborgs-kommun-kristinehojdsgatan-5-7765576815876228932,23-24m²,bostadsratt,2026-09-22T13:02:45.055903
4161720310248539354,"https://www.hemnet.se/salda/lagenhet-1rum-gardet-stockholms-kommun-sandhamnsgatan-23,-4-tr-4161720310248539354",23-24m²,bostadsratt,2026-09-22T13:02:45.055904
2662859297308343375,"https://www.hemnet.se/salda/lagenhet-1rum-vasastan-odenplan-stockholms-kommun-surbrunnsgatan-50,-4-tr-2662859297308343375",23-24m²,bostadsratt,2026-09-22T13:02:45.055905
7802275132484105934,https://www.hemnet.se/salda/lagenhet-1rum-dammfri-malmo-kommun-ribevagen-19b-7802275132484105934,23-24m²,bostadsratt,2026-09-22T13:02:45.055906
2728562555909815935,"https://www.hemnet.se/salda/lagenhet-1rum-hornstull-stockholms-kommun-slipgatan-2,-4-tr-2728562555909815935",23-24m²,bostadsratt,2026-09-22T13:02:45.055907
1460590352473954253,https://www.hemnet.se/salda/lagenhet-1rum-centralt-lunds-kommun-revingegatan-19c-1460590352473954253,23-24m²,bostadsratt,2026-09-22T13:02:45.055908
8567064581657929831,https://www.hemnet.se/salda/lagenhet-1rum-sofo-stockholms-kommun-bondegatan-3d-8567064581657929831,23-24m²,bostadsratt,2026-09-22T13:02:45.055909
3992859571222878058,"https://www.hemnet.se/salda/lagenhet-1rum-gardet-ostermalm-stockholms-kommun-brantingsgatan-19,-3-tr-3992859571222878058",23-24m²,bostadsratt,2026-09-22T13:02:45.055910
6419079808894709782,https://www.hemnet.se/salda/lagenhet-1rum-pantarholmen-karlskrona-kommun-holmgatan-16f-6419079808894709782,23-24m²,bostadsratt,2026-09-22T13:02:45.055911
6012370080627512949,https://www.hemnet.se/salda/lagenhet-1rum-lilla-essingen-stockholms-kommun-essinge-brogata-22-6012370080627512949,23-24m²,bostadsratt,2026-09-22T13:02:45.055912
6898844407387332470,https://www.hemnet.se/salda/lagenhet-1rum-ostermalm-gardet-stockholms-kommun-rokubbsgatan-2-6898844407387332470,23-24m²,bostadsratt,2026-09-22T13:02:45.055913
4032335570642107816,https://www.hemnet.se/salda/lagenhet-1rum-sodermalm-stockholms-kommun-krukmakargatan-38-4032335570642107816,23-24m²,bostadsratt,2026-09-22T13:02:45.055914
1985895243613352844,https://www.hemnet.se/salda/lagenhet-1rum-centralt-vaster-nykopings-kommun-brunnsgatan-10-1985895243613352844,23-24m²,bostadsratt,2026-09-22T13:02:45.055915
1509754,"https://www.hemnet.se/salda/lagenhet-1rum-gardet-ostermalm-stockholms-kommun-rindogatan-24,-4tr-1509754",23-24m²,bostadsratt,2026-09-22T13:02:45.055916
3121076473231090921,https://www.hemnet.se/salda/lagenhet-1rum-globen-stockholms-kommun-bildhuggarvagen-4-3121076473231090921,23-24m²,bostadsratt,2026-09-22T13:02:45.055917
2053000837547314748,https://www.hemnet.se/salda/lagenhet-1rum-grossgardet-norrtalje-kommun-esplanaden-15-2053000837547314748,23-24m²,bostadsratt,2026-09-22T13:02:45.055918
1426089,https://www.hemnet.se/salda/lagenhet-1rum-johannelund-linkopings-kommun-munkhagsgatan-90-1426089,23-24m²,bostadsratt,2026-09-22T13:02:45.055919
6527313539291851175,https://www.hemnet.se/salda/lagenhet-1rum-luthagen-uppsala-kommun-tegnergatan-33c-6527313539291851175,23-24m²,bostadsratt,2026-09-22T13:02:45.055920
7996745065480580585,https://www.hemnet.se/salda/lagenhet-1rum-vasastan-odenplan-stockholms-kommun-vastmannagatan-89-a-og-7996745065480580585,23-24m²,bostadsratt,2026-09-22T13:02:45.055921
4205031490441133965,"https://www.hemnet.se/salda/lagenhet-1rum-vasastan-stockholms-kommun-birger-jarlsgatan-83,-3tr-4205031490441133965",23-24m²,bostadsratt,2026-09-22T13:02:45.055922
4314181270916596355,https://www.hemnet.se/salda/lagenhet-1rum-nobeltorget-malmo-kommun-vitemollegatan-1c-4314181270916596355,23-24m²,bostadsratt,2026-09-22T13:02:45.055923
1390613,https://www.hemnet.se/salda/lagenhet-1rum-centrum-lunds-kommun-erik-dahlbergsgatan-6-1390613,23-24m²,bostadsratt,2026-09-22T13:02:45.055924
5531044955447186657,https://www.hemnet.se/salda/lagenhet-1rum-rorsjostaden-malmo-kommun-amiralsgatan-8e-5531044955447186657,23-24m²,bostadsratt,2026-09-22T13:02:45.055925
1382026,https://www.hemnet.se/salda/lagenhet-1rum-gudo-vendelso-haninge-kommun-gudo-ekvag-25c-1382026,23-24m²,bostadsratt,2026-09-22T13:02:45.055926
7638182103781049150,https://www.hemnet.se/salda/lagenhet-1rum-framre-luthagen-uppsala-kommun-luthagsesplanaden-3-b-7638182103781049150,23-24m²,bostadsratt,2026-09-22T13:02:45.055927
6595106747817233029,"https://www.hemnet.se/salda/lagenhet-1rum-sodermalm-stockholms-kommun-hogalidsgatan-29,-2tr-6595106747817233029",23-24m²,bostadsratt,2026-09-22T13:02:45.055928
1462244,"https://www.hemnet.se/salda/lagenhet-1rum-karolinska-hagastaden-solna-kommun-olof-af-acrels-vag-3,-1tr-1462244",23-24m²,bostadsratt,2026-09-22T13:02:45.055929
4776705843087861024,https://www.hemnet.se/salda/lagenhet-1rum-luthagen-uppsala-kommun-tegnergatan-33-b-4776705843087861024,23-24m²,bostadsratt,2026-09-22T13:02:45.055930
1509715,https://www.hemnet.se/salda/lagenhet-1rum-rasunda-solna-kommun-vasavagen-22-1509715,23-24m²,bostadsratt,2026-09-22T13:02:45.055931
1510196,"https://www.hemnet.se/salda/lagenhet-1rum-ostermalm-stockholms-kommun-valhallavagen-131,-3,5-tr-1510196",23-24m²,bostadsratt,2026-09-22T13:02:45.055932
5751431654320983326,"https://www.hemnet.se/salda/lagenhet-1rum-spanga-tensta-stockholms-kommun-hjulstavagen-92,-accepterat-pris-5751431654320983326",23-24m²,bostadsratt,2026-09-22T13:02:45.055933
6984509212159415657,https://www.hemnet.se/salda/lagenhet-1rum-farsta-stockholms-kommun-filipstadsbacken-46-6984509212159415657,23-24m²,bostadsratt,2026-09-22T13:02:45.055934
4827568991925793816,https://www.hemnet.se/salda/lagenhet-1rum-lilla-alby-sundbybergs-kommun-tradgardsgatan-5-4827568991925793816,23-24m²,bostadsratt,2026-09-22T13:02:45.055935
1431931,"https://www.hemnet.se/salda/lagenhet-1rum-kungsholmen-stockholms-kommun-kungsklippan-11,-1-tr-1431931",23-24m²,bostadsratt,2026-09-22T13:02:45.055936
1873676250755808948,https://www.hemnet.se/salda/lagenhet-1rum-centrala-sundbyberg-sundbybergs-kommun-brunnsgatan-2-b-1873676250755808948,23-24m²,bostadsratt,2026-09-22T13:02:45.055937
1473090,https://www.hemnet.se/salda/lagenhet-1rum-vasastan-atlas-stockholms-kommun-volundsgatan-1-1473090,23-24m²,bostadsratt,2026-09-22T13:02:45.055938
5883354583565949760,https://www.hemnet.se/salda/lagenhet-1rum-centrala-gavle-gavle-kommun-norra-kungsgatan-33-5883354583565949760,23-24m²,bostadsratt,2026-09-22T13:02:45.055939
2208187464086078895,"https://www.hemnet.se/salda/lagenhet-1rum-hagersten-stockholms-kommun-arvodesvagen-8,-3tr-2208187464086078895",23-24m²,bostadsratt,2026-09-22T13:02:45.055940
6849188772091469440,https://www.hemnet.se/salda/lagenhet-1rum-vasastan-stockholms-kommun-torsgatan-72-6849188772091469440,23-24m²,bostadsratt,2026-09-22T13:02:45.055941
1931620886023573098,https://www.hemnet.se/salda/lagenhet-1rum-luthagen-uppsala-kommun-tegnergatan-33b-1931620886023573098,23-24m²,bostadsratt,2026-09-22T13:02:45.055957
2605859024806679554,"https://www.hemnet.se/salda/lagenhet-1,5rum-kungsholmen-stockholms-kommun-sankt-goransgatan-64-b-2605859024806679554",23-24m²,bostadsratt,2026-09-22T13:02:45.055960
7006454490639348319,https://www.hemnet.se/salda/lagenhet-1rum-centralt-ornskoldsviks-kommun-nygatan-11-b-7006454490639348319,23-24m²,bostadsratt,2026-09-22T13:02:45.055961
2242223083568015377,"https://www.hemnet.se/salda/lagenhet-1rum-vallingby-centrum-stockholms-kommun-vittangigatan-10-vaning-1,5-2242223083568015377",23-24m²,bostadsratt,2026-09-22T13:02:45.055962
7655559617636569573,https://www.hemnet.se/salda/lagenhet-1rum-gottfridsberg-linkopings-kommun-ostsvangen-1a-7655559617636569573,23-24m²,bostadsratt,2026-09-22T13:02:45.055963
4304667083914318399,https://www.hemnet.se/salda/lagenhet-1rum-centrala-sodertalje-sodertalje-kommun-dalgatan-23-4304667083914318399,23-24m²,bostadsratt,2026-09-22T13:02:45.055964
1503698,https://www.hemnet.se/salda/lagenhet-1rum-sodermalm-katarina-sofia-stockholms-kommun-renstiernas-gata-30-1503698,23-24m²,bostadsratt,2026-09-22T13:02:45.055965
3542414074744537803,https://www.hemnet.se/salda/lagenhet-1rum-kvarnberget-karlstads-kommun-kvarnbergsgatan-32-3542414074744537803,23-24m²,bostadsratt,2026-09-22T13:02:45.055966
7017094787154204385,https://www.hemnet.se/salda/lagenhet-1rum-sodermalm-maria-stockholms-kommun-krukmakargatan-38-7017094787154204385,23-24m²,bostadsratt,2026-09-22T13:02:45.055967
2893402799825907246,https://www.hemnet.se/salda/lagenhet-1rum-sundbyberg-sundbybergs-kommun-kyrkogatan-2-2893402799825907246,23-24m²,bostadsratt,2026-09-22T13:02:45.055968
2265691217474944036,https://www.hemnet.se/salda/lagenhet-1rum-sofiaparken-lunds-kommun-sofiavagen-5d-2265691217474944036,23-24m²,bostadsratt,2026-09-22T13:02:45.055969
517624217248669241,https://www.hemnet.se/salda/lagenhet-1rum-falhagen-uppsala-kommun-liljegatan-9b-517624217248669241,23-24m²,bostadsratt,2026-09-22T13:02:45.055970
3551876652227976691,https://www.hemnet.se/salda/lagenhet-1rum-hogdalen-stockholms-kommun-stalbogavagen-7b-3551876652227976691,23-24m²,bostadsratt,2026-09-22T13:02:45.055971
7030016731279827469,https://www.hemnet.se/salda/lagenhet-1rum-gottfridsberg-linkopings-kommun-ostsvangen-1a-7030016731279827469,23-24m²,bostadsratt,2026-09-22T13:02:45.055972
1517566210037710209,https://www.hemnet.se/salda/lagenhet-1rum-johannelund-linkopings-kommun-munkhagsgatan-88-1517566210037710209,23-24m²,bostadsratt,2026-09-22T13:02:45.055973
1498237,https://www.hemnet.se/salda/lagenhet-1rum-rosenkalla-nykopings-kommun-erikslundsvagen-9-1498237,23-24m²,bostadsratt,2026-09-22T13:02:45.055974
1432208,https://www.hemnet.se/salda/lagenhet-1rum-gottfridsberg-linkopings-kommun-ostsvangen-1c-1432208,23-24m²,bostadsratt,2026-09-22T13:02:45.055975
8251067092600952024,https://www.hemnet.se/salda/lagenhet-1rum-bromma-beckomberga-stockholms-kommun-follingbogatan-18-8251067092600952024,23-24m²,bostadsratt,2026-09-22T13:02:45.055976
8017839393566601374,https://www.hemnet.se/salda/lagenhet-1rum-dammfri-malmo-kommun-angdalavagen-28-8017839393566601374,23-24m²,bostadsratt,2026-09-22T13:02:45.055977
1300332238343883938,"https://www.hemnet.se/salda/lagenhet-1rum-luossavaara-kiruna-kommun-dubengatan-29-b,-van-4-1300332238343883938",23-24m²,bostadsratt,2026-09-22T13:02:45.055978
1382813,"https://www.hemnet.se/salda/lagenhet-1rum-ostermalm-stockholms-kommun-wittstocksgatan-3b,-5tr-1382813",23-24m²,bostadsratt,2026-09-22T13:02:45.055979
1906735515450269319,https://www.hemnet.se/salda/lagenhet-1rum-sodermalm-kvarnberget-stockholms-kommun-nytorgsgatan-15-1906735515450269319,23-24m²,bostadsratt,2026-09-22T13:02:45.055980
1427876,https://www.hemnet.se/salda/lagenhet-1rum-vallastaden-linkopings-kommun-nanna-svartz-gata-6-e-1427876,23-24m²,bostadsratt,2026-09-22T13:02:45.055981
359196149205667855,"https://www.hemnet.se/salda/lagenhet-1rum-sodermalm-stockholms-kommun-hogalidsgatan-33,-1-tr-359196149205667855",23-24m²,bostadsratt,2026-09-22T13:02:45.055982
460770439060673606,"https://www.hemnet.se/salda/lagenhet-1rum-porslinskvarteren-varmdo-kommun-stig-lindbergs-gata-15,-1tr-460770439060673606",23-24m²,bostadsratt,2026-09-22T13:02:45.055983
4950092012850665932,https://www.hemnet.se/salda/lagenhet-1rum-centralt-herrgardet-vasteras-kommun-engelbrektsgatan-13-4950092012850665932,23-24m²,bostadsratt,2026-09-22T13:02:45.055984
8450356668333286613,https://www.hemnet.se/salda/lagenhet-1rum-solberga-stockholms-kommun-kristallvagen-9-8450356668333286613,23-24m²,bostadsratt,2026-09-22T13:02:45.055985
3655121269399110714,https://www.hemnet.se/salda/lagenhet-1rum-hasselby-norra-villastad-stockholms-kommun-snodroppsgrand-29-3655121269399110714,23-24m²,bostadsratt,2026-09-22T13:02:45.055986
5738502312673870107,https://www.hemnet.se/salda/lagenhet-1rum-gardet-ostermalm-stockholms-kommun-rindogatan-4-5738502312673870107,23-24m²,bostadsratt,2026-09-22T13:02:45.055987
1958212519590215528,https://www.hemnet.se/salda/lagenhet-1rum-kungsholmen-stockholms-kommun-lidnersplan-6-1958212519590215528,23-24m²,bostadsratt,2026-09-22T13:02:45.055988
2694724429237782044,"https://www.hemnet.se/salda/lagenhet-1rum-sodermalm-nytorget-stockholms-kommun-renstiernas-gata-30,-5-tr-2694724429237782044",23-24m²,bostadsratt,2026-09-22T13:02:45.055989
6227017334197927542,https://www.hemnet.se/salda/lagenhet-1rum-danderyd-danderyds-kommun-morbylund-11-6227017334197927542,23-24m²,bostadsratt,2026-09-22T13:02:45.055990
1379666,https://www.hemnet.se/salda/lagenhet-1rum-lunna-hammaro-kommun-prastgardsvagen-13e-1379666,23-24m²,bostadsratt,2026-09-22T13:02:45.055991
9184457959862002569,https://www.hemnet.se/salda/lagenhet-1rum-vast-pa-stan-umea-kommun-storgatan-8c-9184457959862002569,23-24m²,bostadsratt,2026-09-22T13:02:45.055993
2113327300133418129,"https://www.hemnet.se/salda/lagenhet-1,5rum-hasselby-norra-villastad-stockholms-kommun-snodroppsgrand-29-2113327300133418129",23-24m²,bostadsratt,2026-09-22T13:02:45.055994
5161324292303249783,https://www.hemnet.se/salda/lagenhet-1rum-johanneberg-goteborgs-kommun-gyllenkrooksgatan-15-5161324292303249783,23-24m²,bostadsratt,2026-09-22T13:02:45.055994
737430150601231248,https://www.hemnet.se/salda/lagenhet-1rum-gavle-centrum-gavle-kommun-staketgatan-29-737430150601231248,23-24m²,bostadsratt,2026-09-22T13:02:45.055996
6701964677507963310,https://www.hemnet.se/salda/lagenhet-1rum-kungsholmen-stockholms-kommun-kungsklippan-5-6701964677507963310,23-24m²,bostadsratt,2026-09-22T13:02:45.055997
8514449144426657881,https://www.hemnet.se/salda/lagenhet-1rum-gottfridsberg-linkopings-kommun-ostsvangen-1a-8514449144426657881,23-24m²,bostadsratt,2026-09-22T13:02:45.055998
8301433538563773268,https://www.hemnet.se/salda/lagenhet-1rum-vasastan-stockholms-kommun-atlasgatan-7-8301433538563773268,23-24m²,bostadsratt,2026-09-22T13:02:45.055998
1468882,"https://www.hemnet.se/salda/lagenhet-1rum-vasastan-roda-bergen-stockholms-kommun-falugatan-23,-1,5tr,-1468882",23-24m²,bostadsratt,2026-09-22T13:02:45.055999
2288174055234018763,https://www.hemnet.se/salda/lagenhet-1rum-ostermalm-stockholms-kommun-skeppargatan-11-2288174055234018763,23-24m²,bostadsratt,2026-09-22T13:02:45.056000
6744408395396223021,https://www.hemnet.se/salda/lagenhet-1rum-stuvsta-huddinge-kommun-yrkesvagen-21c-6744408395396223021,23-24m²,bostadsratt,2026-09-22T13:02:45.056001
2024487030050585553,"https://www.hemnet.se/salda/lagenhet-1rum-huddinge-flemingsberg-huddinge-kommun-terapivagen-12d,-3tr-2024487030050585553",23-24m²,bostadsratt,2026-09-22T13:02:45.056002
5879862946096706432,https://www.hemnet.se/salda/lagenhet-1rum-ostermalm-stockholms-kommun-grevgatan-19-5879862946096706432,23-24m²,bostadsratt,2026-09-22T13:02:45.056003
5587518450909493851,https://www.hemnet.se/salda/lagenhet-1rum-kungsholmen-kristineberg-stockholms-kommun-levertinsgatan-5-5587518450909493851,23-24m²,bostadsratt,2026-09-22T13:02:45.056004
6307840029540563188,https://www.hemnet.se/salda/lagenhet-1rum-gardet-ostermalm-stockholms-kommun-erik-dahlbergsgatan-36-6307840029540563188,23-24m²,bostadsratt,2026-09-22T13:02:45.056005
8513525163021582424,https://www.hemnet.se/salda/lagenhet-1rum-falhagen-uppsala-kommun-petterslundsgatan-14e-8513525163021582424,23-24m²,bostadsratt,2026-09-22T13:02:45.056006
2354505870612767716,"https://www.hemnet.se/salda/lagenhet-1rum-vasastan-stockholms-kommun-falugatan-21,-2-2-tr-2354505870612767716",23-24m²,bostadsratt,2026-09-22T13:02:45.056007
7861637337944285892,https://www.hemnet.se/salda/lagenhet-1rum-ostermalm-stockholms-kommun-korsbarsvagen-6-7861637337944285892,23-24m²,bostadsratt,2026-09-22T13:02:45.056008
2434355711134224448,https://www.hemnet.se/salda/lagenhet-1rum-kungsholmen-stockholms-kommun-sankt-goransgatan-167-2434355711134224448,23-24m²,bostadsratt,2026-09-22T13:02:45.056009
5440730354510407506,https://www.hemnet.se/salda/lagenhet-1rum-ostermalm-stockholms-kommun-valhallavagen-148-b-5440730354510407506,23-24m²,bostadsratt,2026-09-22T13:02:45.056010
1872115354021735869,"https://www.hemnet.se/salda/lagenhet-1rum-sodermalm-maria-hogalid-stockholms-kommun-hornsgatan-151,-4-tr-1872115354021735869",23-24m²,bostadsratt,2026-09-22T13:02:45.056011
8253421456584598806,https://www.hemnet.se/salda/lagenhet-1rum-centrum-stenstaden-sundsvalls-kommun-kyrkogatan-4-8253421456584598806,23-24m²,bostadsratt,2026-09-22T13:02:45.056012
5703997628151555826,https://www.hemnet.se/salda/lagenhet-1rum-mollevangen-malmo-kommun-sofielundsvagen-23-b-5703997628151555826,23-24m²,bostadsratt,2026-09-22T13:02:45.056013
7675182727800795488,https://www.hemnet.se/salda/lagenhet-1rum-norr-eskilstuna-kommun-norrgardesgatan-12-7675182727800795488,23-24m²,bostadsratt,2026-09-22T13:02:45.056014
1422031,https://www.hemnet.se/salda/lagenhet-1rum-inom-vallgraven-kungshojd-goteborgs-kommun-kungsgatan-7b-1422031,23-24m²,bostadsratt,2026-09-22T13:02:45.056015
4847160904113037311,https://www.hemnet.se/salda/lagenhet-1rum-vasastan-stockholms-kommun-vanadisplan-8-4847160904113037311,23-24m²,bostadsratt,2026-09-22T13:02:45.056016
3472569635899853012,"https://www.hemnet.se/salda/lagenhet-1rum-ostermalm-vasastan-stockholms-kommun-korsbarsvagen-12,-2tr-3472569635899853012",23-24m²,bostadsratt,2026-09-22T13:02:45.056017
5326176223703279446,https://www.hemnet.se/salda/lagenhet-1rum-blackeberg-stockholms-kommun-arvid-mornes-vag-44-5326176223703279446,23-24m²,bostadsratt,2026-09-22T13:02:45.056018
1458009,"https://www.hemnet.se/salda/lagenhet-1rum-sodermalm-stockholms-kommun-folkskolegatan-3,-2-tr-1458009",23-24m²,bostadsratt,2026-09-22T13:02:45.056018
8550049663483442307,https://www.hemnet.se/salda/lagenhet-2rum-lund-centrum-lunds-kommun-revingegatan-19c-8550049663483442307,23-24m²,bostadsratt,2026-09-22T13:02:45.056020
8390324494850061760,https://www.hemnet.se/salda/lagenhet-1rum-kungsholmen-stockholms-kommun-kungsklippan-11-8390324494850061760,23-24m²,bostadsratt,2026-09-22T13:02:45.056021
8446116102700533717,"https://www.hemnet.se/salda/lagenhet-1rum-gardet-stockholms-kommun-rindogatan-4,-1-tr-8446116102700533717",23-24m²,bostadsratt,2026-09-22T13:02:45.056022
1387695,https://www.hemnet.se/salda/lagenhet-1rum-finntorp-nacka-kommun-finntorpsvagen-3-1387695,23-24m²,bostadsratt,2026-09-22T13:02:45.056022
1467307,https://www.hemnet.se/salda/lagenhet-1rum-centrala-sundbyberg-sundbybergs-kommun-mariagatan-8b-1467307,23-24m²,bostadsratt,2026-09-22T13:02:45.056023
4361308336274928870,https://www.hemnet.se/salda/lagenhet-1rum-karlsdal-centralt-vasteras-kommun-krutkallarvagen-1-4361308336274928870,23-24m²,bostadsratt,2026-09-22T13:02:45.056025
3392841303606267615,"https://www.hemnet.se/salda/lagenhet-1rum-grondal-stockholms-kommun-ekensbergsvagen-118,-5-tr-3392841303606267615",23-24m²,bostadsratt,2026-09-22T13:02:45.056026
3011645885452384679,https://www.hemnet.se/salda/lagenhet-1rum-soder-norrkopings-kommun-askebygatan-7-3011645885452384679,23-24m²,bostadsratt,2026-09-22T13:02:45.056027
1494063,"https://www.hemnet.se/salda/lagenhet-1rum-kungsholmen-norr-malarstrand-stockholms-kommun-norr-malarstrand-78,-5-tr-1494063",23-24m²,bostadsratt,2026-09-22T13:02:45.056028
772217551662788375,https://www.hemnet.se/salda/lagenhet-1rum-folkets-park-malmo-kommun-solvesborgsgatan-3c-772217551662788375,23-24m²,bostadsratt,2026-09-22T13:02:45.056029
7841063115089265115,https://www.hemnet.se/salda/lagenhet-1rum-fridhemsplan-stockholms-kommun-alstromergatan-49-7841063115089265115,23-24m²,bostadsratt,2026-09-22T13:02:45.056030
5036673459999365695,"https://www.hemnet.se/salda/lagenhet-1,5rum-jarva-solna-kommun-master-simons-vag-12-5036673459999365695",23-24m²,bostadsratt,2026-09-22T13:02:45.056031
2556434224320548980,https://www.hemnet.se/salda/lagenhet-1rum-or-sundbybergs-kommun-kavaljersbacken-4c-2556434224320548980,23-24m²,bostadsratt,2026-09-22T13:02:45.056032
1545064408643767088,https://www.hemnet.se/salda/lagenhet-1rum-globen-stockholms-kommun-skulptorvagen-17-1545064408643767088,23-24m²,bostadsratt,2026-09-22T13:02:45.056033
1440788779188180692,"https://www.hemnet.se/salda/lagenhet-1rum-kungsholmen-stockholms-kommun-svarvargatan-10,-5-tr-1440788779188180692",23-24m²,bostadsratt,2026-09-22T13:02:45.056034
8326951759201706797,https://www.hemnet.se/salda/lagenhet-1rum-tagaborg-helsingborgs-kommun-aschebergsgatan-14-8326951759201706797,23-24m²,bostadsratt,2026-09-22T13:02:45.056035
1802992664347527009,https://www.hemnet.se/salda/lagenhet-1rum-barkarby-jarfalla-kommun-flyginfarten-14a-1802992664347527009,23-24m²,bostadsratt,2026-09-22T13:02:45.056036
1052736293502739653,https://www.hemnet.se/salda/lagenhet-1rum-korsta-sundsvalls-kommun-klippgatan-16-1052736293502739653,23-24m²,bostadsratt,2026-09-22T13:02:45.056036
8641014638218412826,https://www.hemnet.se/salda/lagenhet-1rum-skonsberg-korsta-sundsvalls-kommun-medborgargatan-63f-8641014638218412826,23-24m²,bostadsratt,2026-09-22T13:02:45.056037
2306394554754000014,"https://www.hemnet.se/salda/lagenhet-1rum-kungsholmen-stockholms-kommun-kungsholmsgatan-9,-4-tr-2306394554754000014",23-24m²,bostadsratt,2026-09-22T13:02:45.056038
6819211560698033582,https://www.hemnet.se/salda/lagenhet-1rum-gustavsberg-varmdo-kommun-skogsbovagen-18-6819211560698033582,23-24m²,bostadsratt,2026-09-22T13:02:45.056039
105733284446188651,https://www.hemnet.se/salda/lagenhet-1rum-morbylund-danderyds-kommun-morbylund-15c-105733284446188651,23-24m²,bostadsratt,2026-09-22T13:02:45.056040
1840672653156543543,https://www.hemnet.se/salda/lagenhet-1rum-sollentuna-helenelund-sollentuna-kommun-parkvagen-12-1840672653156543543,23-24m²,bostadsratt,2026-09-22T13:02:45.056041
8069245133332286486,https://www.hemnet.se/salda/lagenhet-1rum-hagerstensasen-stockholms-kommun-bokbindarvagen-78-8069245133332286486,23-24m²,bostadsratt,2026-09-22T13:02:45.056042
815699671844397808,https://www.hemnet.se/salda/lagenhet-1rum-falhagen-uppsala-kommun-falhagsleden-4c-815699671844397808,23-24m²,bostadsratt,2026-09-22T13:02:45.056043
1458619,"https://www.hemnet.se/salda/lagenhet-1rum-haga-norra-solna-kommun-sylvangatan-5,-2tr,,-1458619",23-24m²,bostadsratt,2026-09-22T13:02:45.056044
2074189981593428348,https://www.hemnet.se/salda/lagenhet-1rum-ribersborg-malmo-kommun-ernst-ahlgrensgatan-4a-2074189981593428348,23-24m²,bostadsratt,2026-09-22T13:02:45.056045
3232936744784465010,https://www.hemnet.se/salda/lagenhet-1rum-uppsala-uppsala-kommun-gotgatan-14b-3232936744784465010,23-24m²,bostadsratt,2026-09-22T13:02:45.056046
2300241775308561259,https://www.hemnet.se/salda/lagenhet-1rum-hagerstensasen-stockholms-kommun-bokbindarvagen-55-2300241775308561259,23-24m²,bostadsratt,2026-09-22T13:02:45.056047
1940363832162657191,https://www.hemnet.se/salda/lagenhet-1rum-stockholm-sodermalm-stockholms-kommun-tavastgatan-37-1940363832162657191,23-24m²,bostadsratt,2026-09-22T13:02:45.056048
6868127655348214811,"https://www.hemnet.se/salda/lagenhet-1rum-kungsholmen-kungsklippan-stockholms-kommun-kungsklippan-11,-vaning-2-6868127655348214811",23-24m²,bostadsratt,2026-09-22T13:02:45.056049
9036883217170521550,https://www.hemnet.se/salda/lagenhet-1rum-sodermalm-stockholms-kommun-blekingegatan-36-9036883217170521550,23-24m²,bostadsratt,2026-09-22T13:02:45.056050
927849130499335342,https://www.hemnet.se/salda/lagenhet-1rum-falhagen-uppsala-kommun-petterslundsgatan-14e-927849130499335342,23-24m²,bostadsratt,2026-09-22T13:02:45.056051
1428923,https://www.hemnet.se/salda/lagenhet-1rum-centrum-linkopings-kommun-sturegatan-3b-1428923,23-24m²,bostadsratt,2026-09-22T13:02:45.056052
4207340980965718810,https://www.hemnet.se/salda/lagenhet-1rum-vastra-skogen-solna-kommun-wiboms-vag-10-4207340980965718810,23-24m²,bostadsratt,2026-09-22T13:02:45.056053
4402965456565454107,https://www.hemnet.se/salda/lagenhet-1rum-aspudden-stockholms-kommun-schlytersvagen-69-4402965456565454107,23-24m²,bostadsratt,2026-09-22T13:02:45.056054
3922197006964783660,https://www.hemnet.se/salda/lagenhet-1rum-gardet-stockholms-kommun-rindogatan-27-3922197006964783660,23-24m²,bostadsratt,2026-09-22T13:02:45.056055
7369170546872741536,"https://www.hemnet.se/salda/lagenhet-1rum-sodermalm-stockholms-kommun-folkskolegatan-6,-3tr-7369170546872741536",23-24m²,bostadsratt,2026-09-22T13:02:45.056056
438735520585156044,https://www.hemnet.se/salda/lagenhet-1rum-eriksberg-haga-uppsala-kommun-lindsbergsgatan-11c-438735520585156044,23-24m²,bostadsratt,2026-09-22T13:02:45.056057
2718824217090442139,https://www.hemnet.se/salda/lagenhet-1rum-bergshamra-solna-kommun-jarvstigen-10-2718824217090442139,23-24m²,bostadsratt,2026-09-22T13:02:45.056058
4029386473813729939,https://www.hemnet.se/salda/lagenhet-1rum-bymarken-jonkopings-kommun-bjornebergsvagen-18a-4029386473813729939,23-24m²,bostadsratt,2026-09-22T13:02:45.056058
932426693226866603,https://www.hemnet.se/salda/lagenhet-1rum-falhagen-uppsala-kommun-petterslundsgatan-14-e-932426693226866603,23-24m²,bostadsratt,2026-09-22T13:02:45.056059
1431407,https://www.hemnet.se/salda/lagenhet-1rum-kungsholmen-stockholms-kommun-bergsgatan-29-1431407,23-24m²,bostadsratt,2026-09-22T13:02:45.056060
5054291077720630100,https://www.hemnet.se/salda/lagenhet-1rum-centrum-vallentuna-kommun-centralvagen-6-5054291077720630100,23-24m²,bostadsratt,2026-09-22T13:02:45.056061
1426256,https://www.hemnet.se/salda/lagenhet-1rum-centrum-gottfridsberg-linkopings-kommun-ulvasavagen-2-a-1426256,23-24m²,bostadsratt,2026-09-22T13:02:45.056062
7822846502840260328,https://www.hemnet.se/salda/lagenhet-1rum-alhem-skelleftea-kommun-kagevagen-38a-7822846502840260328,23-24m²,bostadsratt,2026-09-22T13:02:45.056063
3155427268045032955,"https://www.hemnet.se/salda/lagenhet-1rum-hasselby-norra-villastad-stockholms-kommun-snodroppsgrand-29,-van-2-3155427268045032955",23-24m²,bostadsratt,2026-09-22T13:02:45.056064
2941598736867065635,https://www.hemnet.se/salda/lagenhet-1rum-morby-danderyds-kommun-morbylund-13b-2941598736867065635,23-24m²,bostadsratt,2026-09-22T13:02:45.056065
1303293057664699635,https://www.hemnet.se/salda/lagenhet-1rum-lund-innerstaden-helgonagarden-lunds-kommun-tullgatan-7b-1303293057664699635,23-24m²,bostadsratt,2026-09-22T13:02:45.056066
2241165859843428856,https://www.hemnet.se/salda/lagenhet-1rum-sodermalm-katarina-stockholms-kommun-bjurholmsplan-23-2241165859843428856,23-24m²,bostadsratt,2026-09-22T13:02:45.056067
1367100,https://www.hemnet.se/salda/lagenhet-1rum-huskvarna-centrum-jonkopings-kommun-linnegatan-18b-1367100,23-24m²,bostadsratt,2026-09-22T13:02:45.056068
5541855062518001246,https://www.hemnet.se/salda/lagenhet-1rum-vasastan-birkastan-stockholms-kommun-drejargatan-4-5541855062518001246,23-24m²,bostadsratt,2026-09-22T13:02:45.056069
5557128501622798988,https://www.hemnet.se/salda/lagenhet-1rum-vasastan-stockholms-kommun-birger-jarlsgatan-99c-5557128501622798988,23-24m²,bostadsratt,2026-09-22T13:02:45.056070
1504661,https://www.hemnet.se/salda/lagenhet-1rum-rinkeby-stockholms-kommun-hjulstavagen-92-1504661,23-24m²,bostadsratt,2026-09-22T13:02:45.056071
1480156,https://www.hemnet.se/salda/lagenhet-1rum-strommensberg-goteborgs-kommun-sofiagatan-48a-1480156,23-24m²,bostadsratt,2026-09-22T13:02:45.056072
3622876409646111163,https://www.hemnet.se/salda/lagenhet-1rum-ostermalm-stockholms-kommun-linnegatan-90-3622876409646111163,23-24m²,bostadsratt,2026-09-22T13:02:45.056073
4829097913592710813,"https://www.hemnet.se/salda/lagenhet-2rum-kungsholmen-stockholms-kommun-hantverkargatan-46a,-gardshus-4829097913592710813",23-24m²,bostadsratt,2026-09-22T13:02:45.056074
1492012,https://www.hemnet.se/salda/lagenhet-1rum-gudo-haninge-kommun-gudo-avag-4b-lgh-16-1492012,23-24m²,bostadsratt,2026-09-22T13:02:45.056075
490411049550436746,https://www.hemnet.se/salda/lagenhet-1rum-kungsholmen-stockholms-kommun-kungsklippan-11-490411049550436746,23-24m²,bostadsratt,2026-09-22T13:02:45.056076
7366488522896927442,https://www.hemnet.se/salda/lagenhet-1rum-vasastan-stockholms-kommun-torsgatan-33-7366488522896927442,23-24m²,bostadsratt,2026-09-22T13:02:45.056077
8814673451043104453,https://www.hemnet.se/salda/lagenhet-1rum-centralt-gavle-kommun-norra-kungsgatan-33-8814673451043104453,23-24m²,bostadsratt,2026-09-22T13:02:45.056078
6572063864410625711,"https://www.hemnet.se/salda/lagenhet-1rum-nacka-nacka-kommun-finntorpsvagen-3,-1tr-6572063864410625711",23-24m²,bostadsratt,2026-09-22T13:02:45.056079
3817402630316899711,"https://www.hemnet.se/salda/lagenhet-1rum-stockholm-sodermalm-stockholms-kommun-rutger-fuchsgatan-4,-4tr-3817402630316899711",23-24m²,bostadsratt,2026-09-22T13:02:45.056080
7476001970803713472,https://www.hemnet.se/salda/lagenhet-1rum-kungsholmen-marieberg-stockholms-kommun-wennerbergsgatan-6b-7476001970803713472,23-24m²,bostadsratt,2026-09-22T13:02:45.056081
2214360108028557498,"https://www.hemnet.se/salda/lagenhet-1rum-spanga-rinkeby-stockholms-kommun-hjulstavagen-92,-7tr-2214360108028557498",23-24m²,bostadsratt,2026-09-22T13:02:45.056082
1382171,https://www.hemnet.se/salda/lagenhet-1rum-blekingsborg-malmo-kommun-per-albin-hanssons-vag-52a-1382171,23-24m²,bostadsratt,2026-09-22T13:02:45.056083
4808517140930124624,https://www.hemnet.se/salda/lagenhet-1rum-gottfridsberg-linkopings-kommun-ostsvangen-1a-4808517140930124624,23-24m²,bostadsratt,2026-09-22T13:02:45.056084
2117615327189844593,https://www.hemnet.se/salda/lagenhet-1rum-bagarmossen-stockholms-kommun-bergsradsvagen-36-2117615327189844593,23-24m²,bostadsratt,2026-09-22T13:02:45.056085
1436784,https://www.hemnet.se/salda/lagenhet-1rum-sodermalm-stockholms-kommun-hogbergsgatan-59a-1436784,23-24m²,bostadsratt,2026-09-22T13:02:45.056086
1428091786602150512,https://www.hemnet.se/salda/lagenhet-1rum-dammfri-malmo-kommun-ribevagen-19b-1428091786602150512,23-24m²,bostadsratt,2026-09-22T13:02:45.056087
5262978317340003453,https://www.hemnet.se/salda/lagenhet-1rum-lilla-ursvik-sundbybergs-kommun-ursviksvagen-113-5262978317340003453,23-24m²,bostadsratt,2026-09-22T13:02:45.056088
1363970,https://www.hemnet.se/salda/lagenhet-1rum-satra-ang-danderyds-kommun-satraangsvagen-134a-1363970,23-24m²,bostadsratt,2026-09-22T13:02:45.056089
3766403436057597334,"https://www.hemnet.se/salda/lagenhet-1rum-kungsholmen-norr-malarstrand-stockholms-kommun-pontonjargatan-33,-3-tr-3766403436057597334",23-24m²,bostadsratt,2026-09-22T13:02:45.056090
5973489193770281200,https://www.hemnet.se/salda/lagenhet-1rum-centrala-vasby-upplands-vasby-kommun-optimusvagen-3b-5973489193770281200,23-24m²,bostadsratt,2026-09-22T13:02:45.056091
7932354721898965661,https://www.hemnet.se/salda/lagenhet-1rum-nedre-kungsholmen-stockholms-kommun-pontonjargatan-33-7932354721898965661,23-24m²,bostadsratt,2026-09-22T13:02:45.056092
3857153903027419288,https://www.hemnet.se/salda/lagenhet-1rum-johanneberg-goteborgs-kommun-gyllenkrooksgatan-15-3857153903027419288,23-24m²,bostadsratt,2026-09-22T13:02:45.056092
7761465284925043797,https://www.hemnet.se/salda/lagenhet-1rum-blekingsborg-malmo-kommun-per-albin-hanssons-vag-56a-7761465284925043797,23-24m²,bostadsratt,2026-09-22T13:02:45.056093
1400217,"https://www.hemnet.se/salda/lagenhet-1rum-vasastan-stockholms-kommun-upplandsgatan-25a,-2,5-tr-1400217",23-24m²,bostadsratt,2026-09-22T13:02:45.056094
8707175082464091092,https://www.hemnet.se/salda/lagenhet-1rum-brunnshog-lunds-kommun-brunnshogsgatan-45b-8707175082464091092,23-24m²,bostadsratt,2026-09-22T13:02:45.056095
2695531909449340008,https://www.hemnet.se/salda/lagenhet-1rum-lilla-alby-sundbybergs-kommun-tradgardsgatan-3-2695531909449340008,23-24m²,bostadsratt,2026-09-22T13:02:45.056096
1417362,https://www.hemnet.se/salda/lagenhet-1rum-maria-stockholms-kommun-tavastgatan-15-1417362,23-24m²,bostadsratt,2026-09-22T13:02:45.056097
