url,error
https://www.hemnet.se/salda/lagenhet-2rum-tegelviken-kalmar-kommun-jungs-vag-18a-8600970088855015946,No data returned
