property_id,url,area_range,housing_type,scraped_at
8216997252741191718,https://www.hemnet.se/salda/lagenhet-1rum-djursholms-torg-danderyds-kommun-gudmundvagen-5b-8216997252741191718,24-25m²,bostadsratt,2026-07-05T19:28:58.869132
5970944753501033827,https://www.hemnet.se/salda/lagenhet-1rum-vallingby-centrum-stockholms-kommun-jamtlandsgatan-92-5970944753501033827,24-25m²,bostadsratt,2026-07-05T19:28:58.869141
8565901201638477014,https://www.hemnet.se/salda/lagenhet-1rum-lund-centrum-lunds-kommun-gyllenkroks-alle-3-8565901201638477014,24-25m²,bostadsratt,2026-07-05T19:28:58.869145
787823435230131572,https://www.hemnet.se/salda/lagenhet-1rum-mariehall-sundbyberg-stockholms-kommun-klintbacken-1-787823435230131572,24-25m²,bostadsratt,2026-07-05T19:28:58.869147
8449349123256022665,https://www.hemnet.se/salda/lagenhet-1rum-ostermalm-stockholms-kommun-nybrogatan-50-8449349123256022665,24-25m²,bostadsratt,2026-07-05T19:28:58.869150
3606830925146656424,"https://www.hemnet.se/salda/lagenhet-1rum-haga-norra-solna-kommun-sylvangatan-9,-van-4-3606830925146656424",24-25m²,bostadsratt,2026-07-05T19:28:58.869152
4803435959665208897,https://www.hemnet.se/salda/lagenhet-1rum-gideonsberg-vasteras-kommun-backsippsgatan-17a-4803435959665208897,24-25m²,bostadsratt,2026-07-05T19:28:58.869155
4249058510534073303,"https://www.hemnet.se/salda/lagenhet-1rum-sodermalm-hornstull-stockholms-kommun-heleneborgsgatan-30,-bv-o,g-4249058510534073303",24-25m²,bostadsratt,2026-07-05T19:28:58.869159
9095994772126862459,https://www.hemnet.se/salda/lagenhet-1rum-centrala-sundbyberg-sundbybergs-kommun-mariagatan-8b-9095994772126862459,24-25m²,bostadsratt,2026-07-05T19:28:58.869167
1948498765451001220,"https://www.hemnet.se/salda/lagenhet-1rum-rasunda-solna-kommun-rasundavagen-134,-van-6-6-1948498765451001220",24-25m²,bostadsratt,2026-07-05T19:28:58.869170
7422327546319721116,https://www.hemnet.se/salda/lagenhet-1rum-sodermalm-sofia-stockholms-kommun-asogatan-181-7422327546319721116,24-25m²,bostadsratt,2026-07-05T19:28:58.869173
2399811525935503896,https://www.hemnet.se/salda/lagenhet-1rum-ostermalm-gardet-stockholms-kommun-blanchegatan-18-2399811525935503896,24-25m²,bostadsratt,2026-07-05T19:28:58.869175
7565840112350648916,https://www.hemnet.se/salda/lagenhet-1rum-onsala-centralt-kungsbacka-kommun-onsala-kvarnvag-3a-7565840112350648916,24-25m²,bostadsratt,2026-07-05T19:28:58.869178
6713242262216020437,"https://www.hemnet.se/salda/lagenhet-1,5rum-vasjon-sollentuna-kommun-fjatursvagen-10c-6713242262216020437",24-25m²,bostadsratt,2026-07-05T19:28:58.869181
2558865734652850405,https://www.hemnet.se/salda/lagenhet-1rum-gardet-ostermalm-stockholms-kommun-furusundsgatan-6-2558865734652850405,24-25m²,bostadsratt,2026-07-05T19:28:58.869183
546307814739530832,https://www.hemnet.se/salda/lagenhet-1rum-maria-gamla-stan-hogalid-stockholms-kommun-skinnarviksringen-2-546307814739530832,24-25m²,bostadsratt,2026-07-05T19:28:58.869186
818534811181389358,https://www.hemnet.se/salda/lagenhet-2rum-sodermalm-sofia-stockholms-kommun-blecktornsstigen-16-818534811181389358,24-25m²,bostadsratt,2026-07-05T19:28:58.869189
4575446228873585343,"https://www.hemnet.se/salda/lagenhet-1rum-grondal-stockholms-kommun-grondalsvagen-27,-1tr-4575446228873585343",24-25m²,bostadsratt,2026-07-05T19:28:58.869191
5684415082531052507,https://www.hemnet.se/salda/lagenhet-1rum-ostermalm-stockholms-kommun-nybrogatan-83a-5684415082531052507,24-25m²,bostadsratt,2026-07-05T19:28:58.869194
8445766666815678991,https://www.hemnet.se/salda/lagenhet-1rum-falhagen-uppsala-kommun-falhagsleden-3b-8445766666815678991,24-25m²,bostadsratt,2026-07-05T19:28:58.869196
1718651265121223591,https://www.hemnet.se/salda/lagenhet-1rum-sodermalm-katarina-sofia-stockholms-kommun-gotgatan-96a-1718651265121223591,24-25m²,bostadsratt,2026-07-05T19:28:58.869199
1071946608691181713,"https://www.hemnet.se/salda/lagenhet-1rum-skytteholm-solna-kommun-framnasbacken-26,-5-tr-1071946608691181713",24-25m²,bostadsratt,2026-07-05T19:28:58.869202
5667518415232827163,https://www.hemnet.se/salda/lagenhet-1rum-sodermalm-hogalid-stockholms-kommun-kristinehovsgatan-5a-5667518415232827163,24-25m²,bostadsratt,2026-07-05T19:28:58.869204
7602761324421689513,https://www.hemnet.se/salda/lagenhet-1rum-norrby-boras-kommun-vastmannagatan-15-7602761324421689513,24-25m²,bostadsratt,2026-07-05T19:28:58.869207
8934475703752165758,https://www.hemnet.se/salda/lagenhet-1rum-arsta-stockholms-kommun-sandfjardsgatan-9-8934475703752165758,24-25m²,bostadsratt,2026-07-05T19:28:58.869209
8541156565442263856,"https://www.hemnet.se/salda/lagenhet-1,5rum-nockebyhov-stockholms-kommun-gubbkarrsvagen-29q-8541156565442263856",24-25m²,bostadsratt,2026-07-05T19:28:58.869212
4084135914193028458,"https://www.hemnet.se/salda/lagenhet-1rum-stadshagen-stockholms-kommun-sankt-goransgatan-163,-2-tr-4084135914193028458",24-25m²,bostadsratt,2026-07-05T19:28:58.869218
2088907290582801456,https://www.hemnet.se/salda/lagenhet-1rum-haggvik-sollentuna-kommun-minervavagen-28-2088907290582801456,24-25m²,bostadsratt,2026-07-05T19:28:58.869220
8697384218300969067,"https://www.hemnet.se/salda/lagenhet-1rum-ostermalm-gardet-stockholms-kommun-furusundsgatan-13,-8tr-8697384218300969067",24-25m²,bostadsratt,2026-07-05T19:28:58.869223
5484503917451415696,https://www.hemnet.se/salda/lagenhet-1rum-centralt-vasteras-kommun-kallgatan-11-b-5484503917451415696,24-25m²,bostadsratt,2026-07-05T19:28:58.869225
2730421908306888314,https://www.hemnet.se/salda/lagenhet-1rum-sickla-nacka-kommun-atlasvagen-35-2730421908306888314,24-25m²,bostadsratt,2026-07-05T19:28:58.869227
6819211560698033582,https://www.hemnet.se/salda/lagenhet-1rum-gustavsberg-varmdo-kommun-skogsbovagen-18-6819211560698033582,24-25m²,bostadsratt,2026-07-05T19:28:58.869230
8004007222260438551,https://www.hemnet.se/salda/lagenhet-1rum-gardet-stockholms-kommun-smedsbacksgatan-26-8004007222260438551,24-25m²,bostadsratt,2026-07-05T19:28:58.869232
3321150079808363872,https://www.hemnet.se/salda/lagenhet-1rum-sodermalm-stockholms-kommun-hornsgatan-151-3321150079808363872,24-25m²,bostadsratt,2026-07-05T19:28:58.869237
7825243852371854052,https://www.hemnet.se/salda/lagenhet-1rum-hogalid-stockholms-kommun-bergsundsgatan-14-7825243852371854052,24-25m²,bostadsratt,2026-07-05T19:28:58.869240
7324847378205023721,"https://www.hemnet.se/salda/lagenhet-1rum-rasunda-solna-kommun-parkvagen-15,-van-3-7324847378205023721",24-25m²,bostadsratt,2026-07-05T19:28:58.869242
625598098610373147,https://www.hemnet.se/salda/lagenhet-1rum-nyby-uppsala-kommun-leopoldsgatan-25-625598098610373147,24-25m²,bostadsratt,2026-07-05T19:28:58.869245
2832837363873529484,https://www.hemnet.se/salda/lagenhet-1rum-kungsholmen-stockholms-kommun-john-ericssonsgatan-16-2832837363873529484,24-25m²,bostadsratt,2026-07-05T19:28:58.869247
6305071280353566482,https://www.hemnet.se/salda/lagenhet-1rum-or-sundbybergs-kommun-logdansvagen-40-6305071280353566482,24-25m²,bostadsratt,2026-07-05T19:28:58.869250
1170585712391080900,https://www.hemnet.se/salda/lagenhet-1rum-jarnbrott-goteborgs-kommun-bildradiogatan-6-1170585712391080900,24-25m²,bostadsratt,2026-07-05T19:28:58.869252
8065751444146597107,https://www.hemnet.se/salda/lagenhet-1rum-vasjon-sollentuna-kommun-hemmings-vag-41-d-8065751444146597107,24-25m²,bostadsratt,2026-07-05T19:28:58.869254
1958212519590215528,https://www.hemnet.se/salda/lagenhet-1rum-kungsholmen-stockholms-kommun-lidnersplan-6-1958212519590215528,24-25m²,bostadsratt,2026-07-05T19:28:58.869257
1115907489013543009,https://www.hemnet.se/salda/lagenhet-1rum-vasastan-stockholms-kommun-birger-jarlsgatan-104f-1115907489013543009,24-25m²,bostadsratt,2026-07-05T19:28:58.869259
3680607881039456644,https://www.hemnet.se/salda/lagenhet-1rum-torpa-jonkopings-kommun-ekgatan-7b-3680607881039456644,24-25m²,bostadsratt,2026-07-05T19:28:58.869262
4298364088068169311,https://www.hemnet.se/salda/lagenhet-1rum-gamla-huvudsta-solna-kommun-kapellgatan-4-4298364088068169311,24-25m²,bostadsratt,2026-07-05T19:28:58.869264
34031623026014298,https://www.hemnet.se/salda/lagenhet-1rum-ostermalm-gardet-stockholms-kommun-smedsbacksgatan-32-34031623026014298,24-25m²,bostadsratt,2026-07-05T19:28:58.869267
6957909862785782805,"https://www.hemnet.se/salda/lagenhet-1rum-hagastaden-karolinska-solna-kommun-olof-af-acrels-vag-3,-3tr-6957909862785782805",24-25m²,bostadsratt,2026-07-05T19:28:58.869269
6001883403089717320,"https://www.hemnet.se/salda/lagenhet-1rum-sodermalm-hornstull-stockholms-kommun-hogalidsgatan-33,-2-tr-6001883403089717320",24-25m²,bostadsratt,2026-07-05T19:28:58.869272
8961364209865408555,https://www.hemnet.se/salda/lagenhet-1rum-lindholmen-goteborgs-kommun-lodjursstraket-1-karlatornet-tilltrade-i-augusti-8961364209865408555,24-25m²,bostadsratt,2026-07-05T19:28:58.869275
4232503963000306999,https://www.hemnet.se/salda/lagenhet-1rum-naset-lidingo-kommun-illerbacken-3-4232503963000306999,24-25m²,bostadsratt,2026-07-05T19:28:58.869277
6187903497576267833,https://www.hemnet.se/salda/lagenhet-1rum-sodermalm-hogalid-stockholms-kommun-kristinehovsgatan-5a-6187903497576267833,24-25m²,bostadsratt,2026-07-05T19:28:58.869280
438058409381067053,"https://www.hemnet.se/salda/lagenhet-1rum-vasastan-stockholms-kommun-sankt-eriksgatan-103,-2tr-438058409381067053",24-25m²,bostadsratt,2026-07-05T19:28:58.869282
8963613084038122873,"https://www.hemnet.se/salda/lagenhet-1,5rum-vasjon-sollentuna-kommun-sodersatravagen-36a-8963613084038122873",24-25m²,bostadsratt,2026-07-05T19:28:58.869285
788893703004566205,https://www.hemnet.se/salda/lagenhet-1rum-sodermalm-sofia-stockholms-kommun-metargatan-9-788893703004566205,24-25m²,bostadsratt,2026-07-05T19:28:58.869287
1616151921591548539,https://www.hemnet.se/salda/lagenhet-1rum-valla-linkopings-kommun-ostsvangen-1c-1616151921591548539,24-25m²,bostadsratt,2026-07-05T19:28:58.869290
6523365421129399006,https://www.hemnet.se/salda/lagenhet-1rum-visby-gotlands-kommun-wilhelmina-skoghs-gata-8-lokal-2-6523365421129399006,24-25m²,bostadsratt,2026-07-05T19:28:58.869292
8662105668202512811,https://www.hemnet.se/salda/lagenhet-1rum-masthugget-goteborgs-kommun-vaktmastaregangen-7-8662105668202512811,24-25m²,bostadsratt,2026-07-05T19:28:58.869295
8125185691425662033,"https://www.hemnet.se/salda/lagenhet-1rum-sodermalm-stockholms-kommun-narkesgatan-2,-van-5-8125185691425662033",24-25m²,bostadsratt,2026-07-05T19:28:58.869297
4484053746657170109,https://www.hemnet.se/salda/lagenhet-1rum-lahall-nasby-park-taby-kommun-eskadervagen-12-4484053746657170109,24-25m²,bostadsratt,2026-07-05T19:28:58.869300
4673394165699245497,https://www.hemnet.se/salda/lagenhet-1rum-arsta-brillinge-vaksala-uppsala-kommun-fyrislundsgatan-38-4673394165699245497,24-25m²,bostadsratt,2026-07-05T19:28:58.869303
423595355788988189,https://www.hemnet.se/salda/lagenhet-1rum-ostersund-ostersunds-kommun-radhusgatan-80b-423595355788988189,24-25m²,bostadsratt,2026-07-05T19:28:58.869306
9017695345901181458,"https://www.hemnet.se/salda/lagenhet-1rum-or,-sundbyberg-sundbybergs-kommun-kavaljersbacken-10-9017695345901181458",24-25m²,bostadsratt,2026-07-05T19:28:58.869308
7189173790842760188,https://www.hemnet.se/salda/lagenhet-1rum-korsta-sundsvall-sundsvalls-kommun-klippgatan-16-7189173790842760188,24-25m²,bostadsratt,2026-07-05T19:28:58.869311
3835449788363342798,"https://www.hemnet.se/salda/lagenhet-1rum-ostermalm-gardet-stockholms-kommun-olaus-petrigatan-2,-3-tr-3835449788363342798",24-25m²,bostadsratt,2026-07-05T19:28:58.869314
544835909198818095,"https://www.hemnet.se/salda/lagenhet-1rum-kungsholmen-lilla-essingen-stockholms-kommun-stralgatan-35,-3-tr-544835909198818095",24-25m²,bostadsratt,2026-07-05T19:28:58.869317
5496038088732939056,https://www.hemnet.se/salda/lagenhet-2rum-drottningholm-ekero-kommun-skolallen-48-5496038088732939056,24-25m²,bostadsratt,2026-07-05T19:28:58.869319
474423717740457243,https://www.hemnet.se/salda/lagenhet-1rum-ostermalm-stockholms-kommun-grevgatan-19-474423717740457243,24-25m²,bostadsratt,2026-07-05T19:28:58.869322
8764076025034134287,"https://www.hemnet.se/salda/lagenhet-1,5rum-norrmalm-stockholms-kommun-sveavagen-62-8764076025034134287",24-25m²,bostadsratt,2026-07-05T19:28:58.869324
6995995826596634086,https://www.hemnet.se/salda/lagenhet-1rum-centralt-ostersunds-kommun-storgatan-49-b-6995995826596634086,24-25m²,bostadsratt,2026-07-05T19:28:58.869327
413591105923694194,https://www.hemnet.se/salda/lagenhet-1rum-ostermalm-stockholms-kommun-kommendorsgatan-33a-413591105923694194,24-25m²,bostadsratt,2026-07-05T19:28:58.869329
8668025923749074545,https://www.hemnet.se/salda/lagenhet-1rum-ostermalm-stockholms-kommun-valhallavagen-47-8668025923749074545,24-25m²,bostadsratt,2026-07-05T19:28:58.869331
6689824905132857204,https://www.hemnet.se/salda/lagenhet-1rum-taby-park-taby-kommun-norra-parkpromenaden-39-6689824905132857204,24-25m²,bostadsratt,2026-07-05T19:28:58.869334
6281918462791870362,https://www.hemnet.se/salda/lagenhet-1rum-stockholm-stockholms-kommun-olaus-petrigatan-2-6281918462791870362,24-25m²,bostadsratt,2026-07-05T19:28:58.869339
9005292611896378325,https://www.hemnet.se/salda/lagenhet-1rum-hagaberg-linkopings-kommun-kompanigatan-16-9005292611896378325,24-25m²,bostadsratt,2026-07-05T19:28:58.869341
3222806736814102360,https://www.hemnet.se/salda/lagenhet-1rum-sodermalm-katarina-sofia-stockholms-kommun-timotejgatan-4-3222806736814102360,24-25m²,bostadsratt,2026-07-05T19:28:58.869344
7355471035148884571,"https://www.hemnet.se/salda/lagenhet-2rum-aspudden-stockholms-kommun-schlytersvagen-69,-van-2-7355471035148884571",24-25m²,bostadsratt,2026-07-05T19:28:58.869346
4285768668647348116,https://www.hemnet.se/salda/lagenhet-1rum-mollevangen-malmo-kommun-mollevangsgatan-41-4285768668647348116,24-25m²,bostadsratt,2026-07-05T19:28:58.869349
8523836010063282994,"https://www.hemnet.se/salda/lagenhet-1,5rum-vallastaden-linkopings-kommun-hugo-theorells-gata-25-8523836010063282994",24-25m²,bostadsratt,2026-07-05T19:28:58.869353
6865558188853812931,https://www.hemnet.se/salda/lagenhet-1rum-vasastan-stockholms-kommun-sveavagen-140-6865558188853812931,24-25m²,bostadsratt,2026-07-05T19:28:58.869355
7955074500155043132,https://www.hemnet.se/salda/lagenhet-1rum-centrala-sundbyberg-sundbybergs-kommun-bergsgatan-6-7955074500155043132,24-25m²,bostadsratt,2026-07-05T19:28:58.869358
9177387828102208750,https://www.hemnet.se/salda/lagenhet-1rum-arsta-uppsala-kommun-fyrislundsgatan-48-9177387828102208750,24-25m²,bostadsratt,2026-07-05T19:28:58.869361
4135881724364268293,https://www.hemnet.se/salda/lagenhet-1rum-kungsholmen-stockholms-kommun-industrigatan-7a-4135881724364268293,24-25m²,bostadsratt,2026-07-05T19:28:58.869364
9212148052975157588,https://www.hemnet.se/salda/lagenhet-1rum-vasterhaninge-haninge-kommun-ringvagen-12-9212148052975157588,24-25m²,bostadsratt,2026-07-05T19:28:58.869367
6774047626691339187,https://www.hemnet.se/salda/lagenhet-1rum-kungsholmen-thorildsplan-stockholms-kommun-lindhagensgatan-61-6774047626691339187,24-25m²,bostadsratt,2026-07-05T19:28:58.869370
7278442049121199820,https://www.hemnet.se/salda/lagenhet-1rum-gardet-stockholms-kommun-brantingsgatan-56-7278442049121199820,24-25m²,bostadsratt,2026-07-05T19:28:58.869376
8521040947331199580,https://www.hemnet.se/salda/lagenhet-1rum-farsta-stockholms-kommun-torsbygatan-34-8521040947331199580,24-25m²,bostadsratt,2026-07-05T19:28:58.869378
6234698245302537602,https://www.hemnet.se/salda/lagenhet-1rum-gideonsberg-vasteras-kommun-blomstergatan-8-6234698245302537602,24-25m²,bostadsratt,2026-07-05T19:28:58.869379
245657043425197106,https://www.hemnet.se/salda/lagenhet-1rum-kungsholmen-stockholms-kommun-john-ericssonsgatan-16-245657043425197106,24-25m²,bostadsratt,2026-07-05T19:28:58.869380
5648460908945194213,https://www.hemnet.se/salda/lagenhet-1rum-centrala-sundbyberg-sundbybergs-kommun-bergsgatan-6-5648460908945194213,24-25m²,bostadsratt,2026-07-05T19:28:58.869382
3375165204630634886,https://www.hemnet.se/salda/lagenhet-1rum-hagerneholm-taby-kommun-hagerneholmsvagen-7a-3375165204630634886,24-25m²,bostadsratt,2026-07-05T19:28:58.869383
1424039560205514284,https://www.hemnet.se/salda/lagenhet-1rum-kortedala-goteborgs-kommun-lovmanadsgatan-4-1424039560205514284,24-25m²,bostadsratt,2026-07-05T19:28:58.869384
2695531909449340008,https://www.hemnet.se/salda/lagenhet-1rum-lilla-alby-sundbybergs-kommun-tradgardsgatan-3-2695531909449340008,24-25m²,bostadsratt,2026-07-05T19:28:58.869388
8467991494821621889,https://www.hemnet.se/salda/lagenhet-1rum-ostermalm-stockholms-kommun-sibyllegatan-21-8467991494821621889,24-25m²,bostadsratt,2026-07-05T19:28:58.869389
8446897205853367172,https://www.hemnet.se/salda/lagenhet-1rum-centrum-sala-kommun-ringgatan-40e-8446897205853367172,24-25m²,bostadsratt,2026-07-05T19:28:58.869391
3487433592442465216,"https://www.hemnet.se/salda/lagenhet-1rum-ekhagen-stockholms-kommun-torphagsvagen-6,-3tr-3487433592442465216",24-25m²,bostadsratt,2026-07-05T19:28:58.869393
3228442041399584762,https://www.hemnet.se/salda/lagenhet-1rum-vallingby-centrum-stockholms-kommun-jamtlandsgatan-108-3228442041399584762,24-25m²,bostadsratt,2026-07-05T19:28:58.869394
4743294679704584123,https://www.hemnet.se/salda/lagenhet-1rum-centralt-sodertalje-kommun-dalgatan-23-4743294679704584123,24-25m²,bostadsratt,2026-07-05T19:28:58.869395
2314729599389056606,https://www.hemnet.se/salda/lagenhet-1rum-rasunda-solna-kommun-vintervagen-17-2314729599389056606,24-25m²,bostadsratt,2026-07-05T19:28:58.869397
3264848782533692591,https://www.hemnet.se/salda/lagenhet-1rum-bromma-nockeby-stockholms-kommun-nockeby-torg-8a-3264848782533692591,24-25m²,bostadsratt,2026-07-05T19:28:58.869398
4583978455070206260,https://www.hemnet.se/salda/lagenhet-1rum-norr-eskilstuna-kommun-heljestrandsgatan-24c-4583978455070206260,24-25m²,bostadsratt,2026-07-05T19:28:58.869399
26958530102784976,"https://www.hemnet.se/salda/lagenhet-1,5rum-vasastan-atlas-stockholms-kommun-atlasgatan-13-26958530102784976",24-25m²,bostadsratt,2026-07-05T19:28:58.869401
3613591095321930172,https://www.hemnet.se/salda/lagenhet-1rum-flemingsberg-huddinge-kommun-terapivagen-14a-3613591095321930172,24-25m²,bostadsratt,2026-07-05T19:28:58.869402
7635855110416330263,https://www.hemnet.se/salda/lagenhet-1rum-enskede-gubbangen-stockholms-kommun-knektvagen-17-7635855110416330263,24-25m²,bostadsratt,2026-07-05T19:28:58.869403
3062889699004073412,https://www.hemnet.se/salda/lagenhet-1rum-nacka-sickla-nacka-kommun-atlasvagen-33-3062889699004073412,24-25m²,bostadsratt,2026-07-05T19:28:58.869405
8914174321623702479,https://www.hemnet.se/salda/lagenhet-2rum-alvsjo-langsjo-stockholms-kommun-knapparvagen-7a-8914174321623702479,24-25m²,bostadsratt,2026-07-05T19:28:58.869408
8469746753285199877,https://www.hemnet.se/salda/lagenhet-1rum-gullmarsplan-stockholms-kommun-gullmarsvagen-8-8469746753285199877,24-25m²,bostadsratt,2026-07-05T19:28:58.869409
2265404914194878231,"https://www.hemnet.se/salda/lagenhet-1rum-sodermalm-mariatorget-stockholms-kommun-swedenborgsgatan-4a,-3tr-2265404914194878231",24-25m²,bostadsratt,2026-07-05T19:28:58.869411
515158915446993150,"https://www.hemnet.se/salda/lagenhet-1,5rum-nilstorp-lunds-kommun-williamsvagen-11-515158915446993150",24-25m²,bostadsratt,2026-07-05T19:28:58.869412
4340868905055107298,https://www.hemnet.se/salda/lagenhet-1rum-ostermalm-gardet-stockholms-kommun-vartavagen-59-4340868905055107298,24-25m²,bostadsratt,2026-07-05T19:28:58.869413
141293257241322717,https://www.hemnet.se/salda/lagenhet-1rum-hagastaden-stockholms-kommun-valfrid-palmgrens-gata-7-141293257241322717,24-25m²,bostadsratt,2026-07-05T19:28:58.869415
6942032558032871341,https://www.hemnet.se/salda/lagenhet-1rum-ulvsunda-stockholms-kommun-granbacken-22-6942032558032871341,24-25m²,bostadsratt,2026-07-05T19:28:58.869418
3937095054402520113,https://www.hemnet.se/salda/lagenhet-1rum-johanneberg-almedal-goteborgs-kommun-thorburnsgatan-2a-3937095054402520113,24-25m²,bostadsratt,2026-07-05T19:28:58.869419
6146404660944897112,https://www.hemnet.se/salda/lagenhet-1rum-kungsholmen-stockholms-kommun-alstromergatan-49-6146404660944897112,24-25m²,bostadsratt,2026-07-05T19:28:58.869421
7017094787154204385,https://www.hemnet.se/salda/lagenhet-1rum-sodermalm-maria-stockholms-kommun-krukmakargatan-38-7017094787154204385,24-25m²,bostadsratt,2026-07-05T19:28:58.869422
1362870783400216097,https://www.hemnet.se/salda/lagenhet-1rum-globen-stockholms-kommun-konstgjutarvagen-12-1362870783400216097,24-25m²,bostadsratt,2026-07-05T19:28:58.869423
8237882532773516230,https://www.hemnet.se/salda/lagenhet-1rum-alvsjostaden-stockholms-kommun-kabelverksgatan-14-8237882532773516230,24-25m²,bostadsratt,2026-07-05T19:28:58.869424
6775359562830672072,https://www.hemnet.se/salda/lagenhet-1rum-centrum-ystads-kommun-sektersgatan-2b-6775359562830672072,24-25m²,bostadsratt,2026-07-05T19:28:58.869426
3079712086171662387,https://www.hemnet.se/salda/lagenhet-1rum-nyby-uppsala-kommun-leopoldsgatan-23-3079712086171662387,24-25m²,bostadsratt,2026-07-05T19:28:58.869427
6654225028005880618,"https://www.hemnet.se/salda/lagenhet-1rum-ostermalm-stockholms-kommun-nybrogatan-50,-5-tr-6654225028005880618",24-25m²,bostadsratt,2026-07-05T19:28:58.869428
4199496385708475184,https://www.hemnet.se/salda/lagenhet-1rum-norr-eskilstuna-kommun-heljestrandsgatan-24c-4199496385708475184,24-25m²,bostadsratt,2026-07-05T19:28:58.869430
5769473044967977288,https://www.hemnet.se/salda/lagenhet-1rum-skytteholm-solna-kommun-framnasbacken-26-5769473044967977288,24-25m²,bostadsratt,2026-07-05T19:28:58.869431
5148739472735765653,https://www.hemnet.se/salda/lagenhet-1rum-sodermalm-hogalid-stockholms-kommun-hogalidsgatan-33-5148739472735765653,24-25m²,bostadsratt,2026-07-05T19:28:58.869432
432257801017032479,https://www.hemnet.se/salda/lagenhet-1rum-vasastan-stockholms-kommun-tomtebogatan-51-432257801017032479,24-25m²,bostadsratt,2026-07-05T19:28:58.869434
6320839057993287415,"https://www.hemnet.se/salda/lagenhet-1rum-haga-norra-solna-kommun-kolonnvagen-10,-2-tr-6320839057993287415",24-25m²,bostadsratt,2026-07-05T19:28:58.869435
4709257983176399886,https://www.hemnet.se/salda/lagenhet-1rum-globen-stockholms-kommun-bildhuggarvagen-4-4709257983176399886,24-25m²,bostadsratt,2026-07-05T19:28:58.869436
7939366689679895639,https://www.hemnet.se/salda/lagenhet-1rum-arsta-uppsala-kommun-fyrislundsgatan-42-7939366689679895639,24-25m²,bostadsratt,2026-07-05T19:28:58.869438
6171834954900317650,https://www.hemnet.se/salda/lagenhet-1rum-lilla-essingen-stockholms-kommun-essinge-brogata-22-6171834954900317650,24-25m²,bostadsratt,2026-07-05T19:28:58.869439
2281624896216625566,https://www.hemnet.se/salda/lagenhet-1rum-s-t-knut-malmo-kommun-master-henriksgatan-10b-2281624896216625566,24-25m²,bostadsratt,2026-07-05T19:28:58.869441
3455915096418309212,https://www.hemnet.se/salda/lagenhet-1rum-alvsjo-orby-stockholms-kommun-turingevagen-42-3455915096418309212,24-25m²,bostadsratt,2026-07-05T19:28:58.869442
9069984447765269750,https://www.hemnet.se/salda/lagenhet-1rum-sodermalm-katarina-stockholms-kommun-grindsgatan-29-9069984447765269750,24-25m²,bostadsratt,2026-07-05T19:28:58.869444
9171228867161752658,https://www.hemnet.se/salda/lagenhet-1rum-vasterhaninge-haninge-kommun-ringvagen-98-9171228867161752658,24-25m²,bostadsratt,2026-07-05T19:28:58.869445
3719838872590657693,https://www.hemnet.se/salda/lagenhet-1rum-sodermalm-katarina-stockholms-kommun-kocksgatan-40-3719838872590657693,24-25m²,bostadsratt,2026-07-05T19:28:58.869446
6084336181072884160,https://www.hemnet.se/salda/lagenhet-1rum-folkets-park-malmo-kommun-solvesborgsgatan-3b-6084336181072884160,24-25m²,bostadsratt,2026-07-05T19:28:58.869448
2641435154245224159,https://www.hemnet.se/salda/lagenhet-1rum-centralt-monsteras-monsteras-kommun-kvarngatan-19-2641435154245224159,24-25m²,bostadsratt,2026-07-05T19:28:58.869449
8084459851867171689,https://www.hemnet.se/salda/lagenhet-1rum-arsta-stockholms-kommun-jarnlundsvagen-22-8084459851867171689,24-25m²,bostadsratt,2026-07-05T19:28:58.869450
7234451500160099586,"https://www.hemnet.se/salda/lagenhet-1rum-vastertorp-stockholms-kommun-skridskovagen-9a,-accepterat-pris-7234451500160099586",24-25m²,bostadsratt,2026-07-05T19:28:58.869454
5001006765193927804,https://www.hemnet.se/salda/lagenhet-1rum-gideonsberg-vasteras-kommun-blomstergatan-8-5001006765193927804,24-25m²,bostadsratt,2026-07-05T19:28:58.869457
6160042717838844078,https://www.hemnet.se/salda/lagenhet-1rum-ostermalm-stockholms-kommun-artillerigatan-33-6160042717838844078,24-25m²,bostadsratt,2026-07-05T19:28:58.869458
6502117972373142724,https://www.hemnet.se/salda/lagenhet-1rum-centrum-uddevalla-kommun-lilla-torget-1-6502117972373142724,24-25m²,bostadsratt,2026-07-05T19:28:58.869460
8641652929187416071,https://www.hemnet.se/salda/lagenhet-1rum-masthugget-goteborgs-kommun-masthuggsterrassen-12e-8641652929187416071,24-25m²,bostadsratt,2026-07-05T19:28:58.869461
6688083089750159905,https://www.hemnet.se/salda/lagenhet-1rum-framre-luthagen-uppsala-kommun-skolgatan-21-6688083089750159905,24-25m²,bostadsratt,2026-07-05T19:28:58.869462
2318724122842533221,"https://www.hemnet.se/salda/lagenhet-1rum-stockholm-vasastan-norrmalm-stockholms-kommun-roslagsgatan-29a-o,g,-vaning-4-av-4-2318724122842533221",24-25m²,bostadsratt,2026-07-05T19:28:58.869464
3180541844084893670,https://www.hemnet.se/salda/lagenhet-1rum-hornstull-hogalid-stockholms-kommun-langholmsgatan-13-3180541844084893670,24-25m²,bostadsratt,2026-07-05T19:28:58.869466
4807598493052830642,https://www.hemnet.se/salda/lagenhet-1rum-haga-norra-solna-kommun-sylvangatan-9-4807598493052830642,24-25m²,bostadsratt,2026-07-05T19:28:58.869467
6573049795965285537,"https://www.hemnet.se/salda/lagenhet-1,5rum-sickla-nacka-kommun-atlasvagen-33-6573049795965285537",24-25m²,bostadsratt,2026-07-05T19:28:58.869469
153279338096222334,https://www.hemnet.se/salda/lagenhet-1rum-rasunda-solna-kommun-rosstigen-7-153279338096222334,24-25m²,bostadsratt,2026-07-05T19:28:58.869470
3107513858590250603,https://www.hemnet.se/salda/lagenhet-1rum-sofiaparken-lunds-kommun-sofiavagen-5-d-3107513858590250603,24-25m²,bostadsratt,2026-07-05T19:28:58.869471
3955337715453487807,https://www.hemnet.se/salda/lagenhet-1rum-sodermalm-hogalid-stockholms-kommun-lundagatan-52-3955337715453487807,24-25m²,bostadsratt,2026-07-05T19:28:58.869473
8351732887433839058,https://www.hemnet.se/salda/lagenhet-1rum-centralt-oskarshamns-kommun-sodra-langgatan-23b-8351732887433839058,24-25m²,bostadsratt,2026-07-05T19:28:58.869474
406828349463911645,https://www.hemnet.se/salda/lagenhet-1rum-kungsholmen-fredhall-stockholms-kommun-atterbomsvagen-30-406828349463911645,24-25m²,bostadsratt,2026-07-05T19:28:58.869476
8633260969210288136,https://www.hemnet.se/salda/lagenhet-1rum-hagerstensasen-stockholms-kommun-boktryckarvagen-7-8633260969210288136,24-25m²,bostadsratt,2026-07-05T19:28:58.869477
3955395158122974140,"https://www.hemnet.se/salda/lagenhet-1rum-kungsholmen-stockholms-kommun-alstromergatan-49,-accepterat-pris-3955395158122974140",24-25m²,bostadsratt,2026-07-05T19:28:58.869479
951657658178349799,https://www.hemnet.se/salda/lagenhet-2rum-bromma-kyrka-stockholms-kommun-rundkyrkoallen-9c-951657658178349799,24-25m²,bostadsratt,2026-07-05T19:28:58.869480
5184621024081548086,"https://www.hemnet.se/salda/lagenhet-1,5rum-norra-lannersta-nacka-kommun-fagelstigen-15g-5184621024081548086",24-25m²,bostadsratt,2026-07-05T19:28:58.869483
676276930888521321,https://www.hemnet.se/salda/lagenhet-1rum-luthagen-uppsala-kommun-fyrisvallsgatan-12a-676276930888521321,24-25m²,bostadsratt,2026-07-05T19:28:58.869484
427330771707073929,https://www.hemnet.se/salda/lagenhet-1rum-liljeholmen-jonkopings-kommun-starrgatan-3-427330771707073929,24-25m²,bostadsratt,2026-07-05T19:28:58.869486
5796312730465743067,https://www.hemnet.se/salda/lagenhet-1rum-kortedala-goteborgs-kommun-lovmanadsgatan-2-5796312730465743067,24-25m²,bostadsratt,2026-07-05T19:28:58.869487
5450228593684191397,"https://www.hemnet.se/salda/lagenhet-1rum-kungsholmen-stockholms-kommun-sven-rinmans-gata-4,-hogst-upp-kungsbalkong-5450228593684191397",24-25m²,bostadsratt,2026-07-05T19:28:58.869489
7573064294019508701,https://www.hemnet.se/salda/lagenhet-1rum-kungsholmen-stockholms-kommun-st-eriksgatan-39-7573064294019508701,24-25m²,bostadsratt,2026-07-05T19:28:58.869490
5672081499852036699,https://www.hemnet.se/salda/lagenhet-1rum-broangen-sodermalm-kristinehamns-kommun-sodra-ringvagen-63-5672081499852036699,24-25m²,bostadsratt,2026-07-05T19:28:58.869492
4483870084291148038,https://www.hemnet.se/salda/lagenhet-1rum-dammfri-malmo-kommun-pilakersvagen-4a-4483870084291148038,24-25m²,bostadsratt,2026-07-05T19:28:58.869493
3254627128741354037,"https://www.hemnet.se/salda/lagenhet-1rum-lilla-essingen-kungsholmen-stockholms-kommun-stralgatan-21,-3tr-3254627128741354037",24-25m²,bostadsratt,2026-07-05T19:28:58.869502
6891533968468493906,https://www.hemnet.se/salda/lagenhet-1rum-kungsholmen-stockholms-kommun-sysslomansgatan-24-6891533968468493906,24-25m²,bostadsratt,2026-07-05T19:28:58.869503
7651948848795038487,https://www.hemnet.se/salda/lagenhet-1rum-rasunda-solna-kommun-rasundavagen-134-7651948848795038487,24-25m²,bostadsratt,2026-07-05T19:28:58.869504
2871367160983957759,https://www.hemnet.se/salda/lagenhet-1rum-kungsholmen-stockholms-kommun-alstromergatan-51-2871367160983957759,24-25m²,bostadsratt,2026-07-05T19:28:58.869506
7691153670486848876,https://www.hemnet.se/salda/lagenhet-2rum-stureby-stockholms-kommun-backaskiftsvagen-17a-7691153670486848876,24-25m²,bostadsratt,2026-07-05T19:28:58.869507
3752456601225464666,https://www.hemnet.se/salda/lagenhet-1rum-sodertalje-centrum-sodertalje-kommun-s-ta-ragnhildsgatan-22b-3752456601225464666,24-25m²,bostadsratt,2026-07-05T19:28:58.869509
8111370976117597409,"https://www.hemnet.se/salda/lagenhet-1rum-grondal-stockholms-kommun-ekensbergsvagen-118,-van-7-av-7-8111370976117597409",24-25m²,bostadsratt,2026-07-05T19:28:58.869512
4973812323666893342,"https://www.hemnet.se/salda/lagenhet-1rum-lilla-essingen-kungsholmen-stockholms-kommun-stralgatan-47,-van-4-av-4-4973812323666893342",24-25m²,bostadsratt,2026-07-05T19:28:58.869513
1628770314988531876,"https://www.hemnet.se/salda/lagenhet-1rum-luossavaara-kiruna-kommun-dubengatan-29-c-van,-2-1628770314988531876",24-25m²,bostadsratt,2026-07-05T19:28:58.869515
9050408891649175071,https://www.hemnet.se/salda/lagenhet-1rum-enskede-stureby-stockholms-kommun-skonviksvagen-273-9050408891649175071,24-25m²,bostadsratt,2026-07-05T19:28:58.869516
1999830880747495758,https://www.hemnet.se/salda/lagenhet-1rum-gardet-stockholms-kommun-rindogatan-30-1999830880747495758,24-25m²,bostadsratt,2026-07-05T19:28:58.869517
981625146760663093,https://www.hemnet.se/salda/lagenhet-1rum-kungsholmen-radhuset-stockholms-kommun-kaplansbacken-3-981625146760663093,24-25m²,bostadsratt,2026-07-05T19:28:58.869519
6084006102212217251,"https://www.hemnet.se/salda/lagenhet-1rum-rasunda-solna-kommun-nyckelvagen-4,-van-5-5-6084006102212217251",24-25m²,bostadsratt,2026-07-05T19:28:58.869520
4750348568432970830,"https://www.hemnet.se/salda/lagenhet-24,8m2-gnosjo-gnosjo-kommun-laroverksgatan-14a-4750348568432970830",24-25m²,bostadsratt,2026-07-05T19:28:58.869522
4905511145944141233,https://www.hemnet.se/salda/lagenhet-1rum-johanneshov-stockholms-kommun-pastellvagen-15-4905511145944141233,24-25m²,bostadsratt,2026-07-05T19:28:58.869523
3689766180790394650,https://www.hemnet.se/salda/lagenhet-1rum-rasunda-solna-kommun-rasundavagen-69b-3689766180790394650,24-25m²,bostadsratt,2026-07-05T19:28:58.869524
5021508604818819783,"https://www.hemnet.se/salda/lagenhet-1rum-hagerneholm,-arninge-ullna-taby-kommun-hagerneholmsvagen-7b-1tr-5021508604818819783",24-25m²,bostadsratt,2026-07-05T19:28:58.869526
6377433830249907229,"https://www.hemnet.se/salda/lagenhet-1rum-sodermalm-stockholms-kommun-lundagatan-36d,-van-3-6377433830249907229",24-25m²,bostadsratt,2026-07-05T19:28:58.869527
2605464193213914368,https://www.hemnet.se/salda/lagenhet-1rum-sodermalm-katarina-stockholms-kommun-tjustgatan-2-2605464193213914368,24-25m²,bostadsratt,2026-07-05T19:28:58.869529
7058351581711247697,https://www.hemnet.se/salda/lagenhet-1rum-vasasatan-odenplan-stockholms-kommun-karlbergsvagen-23-7058351581711247697,24-25m²,bostadsratt,2026-07-05T19:28:58.869530
3776735344977454409,"https://www.hemnet.se/salda/lagenhet-1rum-kungsholmen-stockholms-kommun-john-ericssonsgatan-18,-2tr-3776735344977454409",24-25m²,bostadsratt,2026-07-05T19:28:58.869531
5737002401287511512,"https://www.hemnet.se/salda/lagenhet-1,5rum-lindholmen-goteborgs-kommun-lindholmshamnen-8-5737002401287511512",24-25m²,bostadsratt,2026-07-05T19:28:58.869533
7325631141488257830,https://www.hemnet.se/salda/lagenhet-1rum-bergshamra-solna-kommun-lostigen-2-7325631141488257830,24-25m²,bostadsratt,2026-07-05T19:28:58.869534
3136432542549138320,"https://www.hemnet.se/salda/lagenhet-1,5rum-salabacke-uppsala-kommun-murargatan-24b-3136432542549138320",24-25m²,bostadsratt,2026-07-05T19:28:58.869535
5952565161584382049,https://www.hemnet.se/salda/lagenhet-1rum-uppsala-uppsala-kommun-gamla-uppsalagatan-123-5952565161584382049,24-25m²,bostadsratt,2026-07-05T19:28:58.869537
6397067435409985953,https://www.hemnet.se/salda/lagenhet-1rum-vasastan-s-t-eriksplan-stockholms-kommun-sankt-eriksgatan-71a-6397067435409985953,24-25m²,bostadsratt,2026-07-05T19:28:58.869540
9013547015039276917,https://www.hemnet.se/salda/lagenhet-1rum-ostermalm-nedre-gardet-stockholms-kommun-storskarsgatan-4-9013547015039276917,24-25m²,bostadsratt,2026-07-05T19:28:58.869541
5116254832353813882,https://www.hemnet.se/salda/lagenhet-1rum-vasastan-city-norrmalm-stockholms-kommun-luntmakargatan-10-5116254832353813882,24-25m²,bostadsratt,2026-07-05T19:28:58.869543
693496402615847225,"https://www.hemnet.se/salda/lagenhet-1rum-ostermalm-gardet-stockholms-kommun-furusundsgatan-6,-5-av-5tr-693496402615847225",24-25m²,bostadsratt,2026-07-05T19:28:58.869544
5078119634979475585,https://www.hemnet.se/salda/lagenhet-1rum-sofiaparken-lunds-kommun-sofiavagen-5b-5078119634979475585,24-25m²,bostadsratt,2026-07-05T19:28:58.869545
6184430390646039677,https://www.hemnet.se/salda/lagenhet-1rum-johanneshov-globen-stockholms-kommun-konstgjutarvagen-14-6184430390646039677,24-25m²,bostadsratt,2026-07-05T19:28:58.869547
9190083266955657035,https://www.hemnet.se/salda/lagenhet-1rum-sodermalm-stockholms-kommun-hogalidsgatan-29-9190083266955657035,24-25m²,bostadsratt,2026-07-05T19:28:58.869548
8311920918704403770,https://www.hemnet.se/salda/lagenhet-1rum-kungsholmen-radhuset-stockholms-kommun-kungsklippan-11-8311920918704403770,24-25m²,bostadsratt,2026-07-05T19:28:58.869550
141429913839612065,https://www.hemnet.se/salda/lagenhet-1rum-gideonsberg-vasteras-kommun-blomstergatan-6-141429913839612065,24-25m²,bostadsratt,2026-07-05T19:28:58.869551
4518194158331512063,"https://www.hemnet.se/salda/lagenhet-1rum-sodermalm-stockholms-kommun-slipgatan-11,-5tr-4518194158331512063",24-25m²,bostadsratt,2026-07-05T19:28:58.869552
5571211834689159559,https://www.hemnet.se/salda/lagenhet-1rum-sodermalm-stockholms-kommun-ljusterogatan-5-5571211834689159559,24-25m²,bostadsratt,2026-07-05T19:28:58.869553
5891188937217887368,"https://www.hemnet.se/salda/lagenhet-1rum-gardet-stockholms-kommun-furusundsgatan-6,-5-tr-5891188937217887368",24-25m²,bostadsratt,2026-07-05T19:28:58.869555
4685966782777379680,https://www.hemnet.se/salda/lagenhet-1rum-falhagen-uppsala-kommun-falhagsleden-4b-4685966782777379680,24-25m²,bostadsratt,2026-07-05T19:28:58.869556
1580397330731660521,https://www.hemnet.se/salda/lagenhet-1rum-bromma-nockebyhov-stockholms-kommun-gubbkarrsvagen-29i-1tr-1580397330731660521,24-25m²,bostadsratt,2026-07-05T19:28:58.869559
1633841066849776265,https://www.hemnet.se/salda/lagenhet-1rum-sorgenfri-malmo-kommun-branteviksgatan-5a-1633841066849776265,24-25m²,bostadsratt,2026-07-05T19:28:58.869561
9045744122151608932,https://www.hemnet.se/salda/lagenhet-1rum-nobeltorget-malmo-kommun-hassleholmsgatan-4-9045744122151608932,24-25m²,bostadsratt,2026-07-05T19:28:58.869562
8078798133253053523,https://www.hemnet.se/salda/lagenhet-1rum-vallastaden-linkopings-kommun-selma-lagerlofs-gata-1-8078798133253053523,24-25m²,bostadsratt,2026-07-05T19:28:58.869563
897299788894338997,https://www.hemnet.se/salda/lagenhet-1rum-luthagen-uppsala-kommun-luthagsesplanaden-14-897299788894338997,24-25m²,bostadsratt,2026-07-05T19:28:58.869565
6337380306718232368,https://www.hemnet.se/salda/lagenhet-1rum-mariatorget-zinkensdamm-stockholms-kommun-bysistorget-6-6337380306718232368,24-25m²,bostadsratt,2026-07-05T19:28:58.869566
4710265965175666833,https://www.hemnet.se/salda/lagenhet-1rum-solna-solna-kommun-sylvangatan-5-4710265965175666833,24-25m²,bostadsratt,2026-07-05T19:28:58.869567
3650760189540888573,https://www.hemnet.se/salda/lagenhet-1rum-sofiaparken-lunds-kommun-sofiavagen-5a-3650760189540888573,24-25m²,bostadsratt,2026-07-05T19:28:58.869569
4783222213423082539,"https://www.hemnet.se/salda/lagenhet-1rum-sodermalm-stockholms-kommun-lundagatan-50,-3-tr-4783222213423082539",24-25m²,bostadsratt,2026-07-05T19:28:58.869570
696772643926671969,https://www.hemnet.se/salda/lagenhet-1rum-vasastan-stockholms-kommun-luntmakargatan-10-696772643926671969,24-25m²,bostadsratt,2026-07-05T19:28:58.869571
4680043731098103434,https://www.hemnet.se/salda/lagenhet-1rum-centrala-sundbyberg-sundbybergs-kommun-lofstroms-alle-4b-4680043731098103434,24-25m²,bostadsratt,2026-07-05T19:28:58.869573
7415025654368208429,https://www.hemnet.se/salda/lagenhet-1rum-blasut-stockholms-kommun-pastellvagen-13-7415025654368208429,24-25m²,bostadsratt,2026-07-05T19:28:58.869574
5858412934227551101,"https://www.hemnet.se/salda/lagenhet-1rum-sodermalm-stockholms-kommun-gotgatan-79,-5-tr-5858412934227551101",24-25m²,bostadsratt,2026-07-05T19:28:58.869575
2605966482990657873,https://www.hemnet.se/salda/lagenhet-1rum-simrishamn-simrishamns-kommun-wranersgatan-13b-2605966482990657873,24-25m²,bostadsratt,2026-07-05T19:28:58.869578
8604512060766828095,https://www.hemnet.se/salda/lagenhet-1rum-kortedala-goteborgs-kommun-lovmanadsgatan-8-8604512060766828095,24-25m²,bostadsratt,2026-07-05T19:28:58.869580
3006015485043867901,https://www.hemnet.se/salda/lagenhet-1rum-kungsholmen-stockholms-kommun-alstromergatan-49-3006015485043867901,24-25m²,bostadsratt,2026-07-05T19:28:58.869581
3097581489173474961,https://www.hemnet.se/salda/lagenhet-1rum-haga-sundsvalls-kommun-baldersvagen-21a-3097581489173474961,24-25m²,bostadsratt,2026-07-05T19:28:58.869582
5916313568925999204,https://www.hemnet.se/salda/lagenhet-1rum-centrala-huddinge-huddinge-kommun-edsvagen-9-5916313568925999204,24-25m²,bostadsratt,2026-07-05T19:28:58.869584
3899203387254553421,"https://www.hemnet.se/salda/lagenhet-1rum-hagerstensasen-stockholms-kommun-arvodesvagen-6,-van-2-3899203387254553421",24-25m²,bostadsratt,2026-07-05T19:28:58.869587
2604862945920166282,"https://www.hemnet.se/salda/lagenhet-1rum-luossavaara-kiruna-kommun-dubengatan-29-b,-van-4-2604862945920166282",24-25m²,bostadsratt,2026-07-05T19:28:58.869588
1734071063274987197,https://www.hemnet.se/salda/lagenhet-1rum-molndal-stallbacken-molndals-kommun-aby-alle-5-1734071063274987197,24-25m²,bostadsratt,2026-07-05T19:28:58.869590
5426342880928297291,https://www.hemnet.se/salda/lagenhet-1rum-trangsund-huddinge-kommun-operavagen-17c-5426342880928297291,24-25m²,bostadsratt,2026-07-05T19:28:58.869591
9176337573769073380,"https://www.hemnet.se/salda/lagenhet-1rum-sodermalm-sofia-stockholms-kommun-bondegatan-79,-1tr-9176337573769073380",24-25m²,bostadsratt,2026-07-05T19:28:58.869592
8334461145175190912,"https://www.hemnet.se/salda/lagenhet-1rum-ostermalm-karlaplan-stockholms-kommun-valhallavagen-172,-5-tr-8334461145175190912",24-25m²,bostadsratt,2026-07-05T19:28:58.869594
1706401698868394652,https://www.hemnet.se/salda/lagenhet-1rum-solna-gamla-rasunda-solna-kommun-sodra-langgatan-41-1706401698868394652,24-25m²,bostadsratt,2026-07-05T19:28:58.869595
7722608004113203165,https://www.hemnet.se/salda/lagenhet-1rum-norr-orebro-kommun-schantzgatan-10a-7722608004113203165,24-25m²,bostadsratt,2026-07-05T19:28:58.869597
6210117599249789543,https://www.hemnet.se/salda/lagenhet-1rum-grondal-stockholms-kommun-grondalsvagen-120-6210117599249789543,24-25m²,bostadsratt,2026-07-05T19:28:58.869598
244836269548493217,https://www.hemnet.se/salda/lagenhet-2rum-vallingby-centrum-stockholms-kommun-kirunagatan-84-244836269548493217,24-25m²,bostadsratt,2026-07-05T19:28:58.869599
6760429399067095407,https://www.hemnet.se/salda/lagenhet-1rum-midsommarkransen-stockholms-kommun-majstangsvagen-11-6760429399067095407,24-25m²,bostadsratt,2026-07-05T19:28:58.869601
1873676250755808948,https://www.hemnet.se/salda/lagenhet-1rum-centrala-sundbyberg-sundbybergs-kommun-brunnsgatan-2-b-1873676250755808948,24-25m²,bostadsratt,2026-07-05T19:28:58.869602
8858171916487974457,"https://www.hemnet.se/salda/lagenhet-1rum-sodermalm-maria-hogalid-stockholms-kommun-heleneborgsgatan-20,-van-2-8858171916487974457",24-25m²,bostadsratt,2026-07-05T19:28:58.869603
5716855163825779419,https://www.hemnet.se/salda/lagenhet-1rum-kungshojd-goteborgs-kommun-kungsgatan-7b-5716855163825779419,24-25m²,bostadsratt,2026-07-05T19:28:58.869605
8513525163021582424,https://www.hemnet.se/salda/lagenhet-1rum-falhagen-uppsala-kommun-petterslundsgatan-14e-8513525163021582424,24-25m²,bostadsratt,2026-07-05T19:28:58.869624
5262978317340003453,https://www.hemnet.se/salda/lagenhet-1rum-lilla-ursvik-sundbybergs-kommun-ursviksvagen-113-5262978317340003453,24-25m²,bostadsratt,2026-07-05T19:28:58.869626
6780364760671153561,https://www.hemnet.se/salda/lagenhet-1rum-stora-essingen-stockholms-kommun-essingetorget-37-6780364760671153561,24-25m²,bostadsratt,2026-07-05T19:28:58.869627
7890704231145217990,https://www.hemnet.se/salda/lagenhet-1rum-kungsholmen-stockholms-kommun-sankt-goransgatan-153-7890704231145217990,24-25m²,bostadsratt,2026-07-05T19:28:58.869629
1768974781175614693,"https://www.hemnet.se/salda/lagenhet-1rum-solna-solna-kommun-rasundavagen-134,-5tr-1768974781175614693",24-25m²,bostadsratt,2026-07-05T19:28:58.869630
7629227092616231136,https://www.hemnet.se/salda/lagenhet-1rum-simrishamn-simrishamns-kommun-wranersgatan-13b-7629227092616231136,24-25m²,bostadsratt,2026-07-05T19:28:58.869631
7153526642057961970,https://www.hemnet.se/salda/lagenhet-1rum-sodermalm-katarina-sofia-stockholms-kommun-bondegatan-45-7153526642057961970,24-25m²,bostadsratt,2026-07-05T19:28:58.869635
7107434930450471985,https://www.hemnet.se/salda/lagenhet-1rum-rasunda-solna-kommun-vasavagen-6-7107434930450471985,24-25m²,bostadsratt,2026-07-05T19:28:58.869636
1340446608537095107,https://www.hemnet.se/salda/lagenhet-1rum-herrhagen-karlstads-kommun-herrhagsgatan-15c-1340446608537095107,24-25m²,bostadsratt,2026-07-05T19:28:58.869638
2938605371891933776,https://www.hemnet.se/salda/lagenhet-1rum-hagersten-fruangen-stockholms-kommun-doktor-widerstroms-gata-52-2938605371891933776,24-25m²,bostadsratt,2026-07-05T19:28:58.869639
8969962152883972687,https://www.hemnet.se/salda/lagenhet-1rum-gullmarsplan-johanneshov-stockholms-kommun-gullmarsvagen-12-8969962152883972687,24-25m²,bostadsratt,2026-07-05T19:28:58.869640
1422752375238461731,https://www.hemnet.se/salda/lagenhet-1rum-ostermalm-stockholms-kommun-linnegatan-16-1422752375238461731,24-25m²,bostadsratt,2026-07-05T19:28:58.869642
7671845042580725934,"https://www.hemnet.se/salda/lagenhet-1,5rum-hogmora-huddinge-kommun-hogmoravagen-44c-7671845042580725934",24-25m²,bostadsratt,2026-07-05T19:28:58.869643
7038601191129640036,"https://www.hemnet.se/salda/lagenhet-1rum-gardet-ostermalm-stockholms-kommun-rindogatan-12,-2tr-7038601191129640036",24-25m²,bostadsratt,2026-07-05T19:28:58.869644
793666187679465191,"https://www.hemnet.se/salda/lagenhet-1rum-arsta-stockholms-kommun-jarnlundsvagen-22,-3tr-793666187679465191",24-25m²,bostadsratt,2026-07-05T19:28:58.869646
5616483036511204063,https://www.hemnet.se/salda/lagenhet-1rum-kristiansborg-vasteras-kommun-bomansgatan-22a-5616483036511204063,24-25m²,bostadsratt,2026-07-05T19:28:58.869647
2867674245068606531,https://www.hemnet.se/salda/lagenhet-1rum-maria-stockholms-kommun-timmermansgatan-44-2867674245068606531,24-25m²,bostadsratt,2026-07-05T19:28:58.869648
263962049342878638,https://www.hemnet.se/salda/lagenhet-1rum-vasjon-sollentuna-kommun-hemmings-vag-39d-263962049342878638,24-25m²,bostadsratt,2026-07-05T19:28:58.869650
7663896508955428149,https://www.hemnet.se/salda/lagenhet-1rum-luthagen-uppsala-kommun-fyrisvallsgatan-10a-7663896508955428149,24-25m²,bostadsratt,2026-07-05T19:28:58.869651
7234626943662922231,https://www.hemnet.se/salda/lagenhet-1rum-nyby-uppsala-kommun-leopoldsgatan-21-7234626943662922231,24-25m²,bostadsratt,2026-07-05T19:28:58.869652
5703943277271387862,https://www.hemnet.se/salda/lagenhet-1rum-nedre-gardet-ostermalm-stockholms-kommun-brantingsgatan-40-5703943277271387862,24-25m²,bostadsratt,2026-07-05T19:28:58.869654
8113521509180274752,"https://www.hemnet.se/salda/lagenhet-1rum-vasastan-ostermalm-stockholms-kommun-birger-jarlsgatan-104l,-4tr-8113521509180274752",24-25m²,bostadsratt,2026-07-05T19:28:58.869655
3161142618014187860,https://www.hemnet.se/salda/lagenhet-1rum-rasunda-solna-kommun-klovervagen-3-3161142618014187860,24-25m²,bostadsratt,2026-07-05T19:28:58.869656
4275383887033093189,https://www.hemnet.se/salda/lagenhet-1rum-kungsholmen-stockholms-kommun-fridhemsgatan-53-4275383887033093189,24-25m²,bostadsratt,2026-07-05T19:28:58.869658
3911728517200512028,https://www.hemnet.se/salda/lagenhet-1rum-johanneberg-goteborgs-kommun-volrat-thamsgatan-15-3911728517200512028,24-25m²,bostadsratt,2026-07-05T19:28:58.869659
7260858630853320230,https://www.hemnet.se/salda/lagenhet-1rum-sodermalm-mariaberget-stockholms-kommun-brannkyrkagatan-46-7260858630853320230,24-25m²,bostadsratt,2026-07-05T19:28:58.869660
242473004700131029,https://www.hemnet.se/salda/lagenhet-1rum-kungsholmen-stockholms-kommun-kungsklippan-11-242473004700131029,24-25m²,bostadsratt,2026-07-05T19:28:58.869662
2698590761986828146,https://www.hemnet.se/salda/lagenhet-1rum-sommarro-uppsala-kommun-lindsbergsgatan-11-a-2698590761986828146,24-25m²,bostadsratt,2026-07-05T19:28:58.869663
1887836453030458961,https://www.hemnet.se/salda/lagenhet-1rum-handen-haninge-kommun-vikingavagen-23-1887836453030458961,24-25m²,bostadsratt,2026-07-05T19:28:58.869664
3041411492464901392,https://www.hemnet.se/salda/lagenhet-1rum-centralt-sundsvalls-kommun-storgatan-72b-3041411492464901392,24-25m²,bostadsratt,2026-07-05T19:28:58.869666
2460940602383099602,https://www.hemnet.se/salda/lagenhet-1rum-centralt-knivsta-kommun-margaretavagen-51-b-l70-2460940602383099602,24-25m²,bostadsratt,2026-07-05T19:28:58.869667
5040165188640611778,https://www.hemnet.se/salda/lagenhet-1rum-arsta-uppsala-kommun-fyrislundsgatan-50-5040165188640611778,24-25m²,bostadsratt,2026-07-05T19:28:58.869669
3950641858321548772,https://www.hemnet.se/salda/lagenhet-1rum-kortedala-goteborgs-kommun-lovmanadsgatan-8-3950641858321548772,24-25m²,bostadsratt,2026-07-05T19:28:58.869674
3306663494101714821,https://www.hemnet.se/salda/lagenhet-1rum-jarnbrott-goteborgs-kommun-bildradiogatan-6-3306663494101714821,24-25m²,bostadsratt,2026-07-05T19:28:58.869675
1321913372670106674,https://www.hemnet.se/salda/lagenhet-1rum-lanna-huddinge-kommun-bjornvagen-15a-1321913372670106674,24-25m²,bostadsratt,2026-07-05T19:28:58.869676
6552267184960814443,https://www.hemnet.se/salda/lagenhet-1rum-haga-umea-kommun-solvandan-4-b-6552267184960814443,24-25m²,bostadsratt,2026-07-05T19:28:58.869678
1769175417521935685,https://www.hemnet.se/salda/lagenhet-1rum-gardet-ostermalm-stockholms-kommun-osthammarsgatan-75-1769175417521935685,24-25m²,bostadsratt,2026-07-05T19:28:58.869679
3833076637810192852,https://www.hemnet.se/salda/lagenhet-1rum-edsviken-sollentuna-kommun-dalbovagen-6c-3833076637810192852,24-25m²,bostadsratt,2026-07-05T19:28:58.869680
7282758797254857033,https://www.hemnet.se/salda/lagenhet-1rum-sodermalm-mariatorget-stockholms-kommun-fredmansgatan-9-7282758797254857033,24-25m²,bostadsratt,2026-07-05T19:28:58.869682
891315630212281648,https://www.hemnet.se/salda/lagenhet-1rum-tierp-tierps-kommun-stationsgatan-2-891315630212281648,24-25m²,bostadsratt,2026-07-05T19:28:58.869683
2548957648981116841,https://www.hemnet.se/salda/lagenhet-1rum-skondal-stockholms-kommun-perstorpsvagen-110-2548957648981116841,24-25m²,bostadsratt,2026-07-05T19:28:58.869684
7740038241817500276,"https://www.hemnet.se/salda/lagenhet-1rum-kungsholmen-stadshagen-stockholms-kommun-sankt-goransgatan-153,-6tr-7740038241817500276",24-25m²,bostadsratt,2026-07-05T19:28:58.869686
3439176385899797341,https://www.hemnet.se/salda/lagenhet-1rum-gustavsberg-varmdo-kommun-stig-lindbergs-gata-17b-3439176385899797341,24-25m²,bostadsratt,2026-07-05T19:28:58.869687
6026672909221771001,"https://www.hemnet.se/salda/lagenhet-1rum-maria-stockholms-kommun-brannkyrkagatan-92-a,-2-tr-o,g,-6026672909221771001",24-25m²,bostadsratt,2026-07-05T19:28:58.869689
1884705503395280537,"https://www.hemnet.se/salda/lagenhet-1rum-kungsholmen-stora-essingen-stockholms-kommun-essingetorget-40,-tr-1884705503395280537",24-25m²,bostadsratt,2026-07-05T19:28:58.869690
3645868401994300197,https://www.hemnet.se/salda/lagenhet-1rum-skarmarbrink-blasut-stockholms-kommun-blasutvagen-7-3645868401994300197,24-25m²,bostadsratt,2026-07-05T19:28:58.869691
1423801630582396421,https://www.hemnet.se/salda/lagenhet-1rum-kungsholmen-stockholms-kommun-alstromergatan-35-1423801630582396421,24-25m²,bostadsratt,2026-07-05T19:28:58.869693
7841063115089265115,https://www.hemnet.se/salda/lagenhet-1rum-fridhemsplan-stockholms-kommun-alstromergatan-49-7841063115089265115,24-25m²,bostadsratt,2026-07-05T19:28:58.869694
5535987732604182441,https://www.hemnet.se/salda/lagenhet-1rum-vega-haninge-kommun-bergknallevagen-31c-5535987732604182441,24-25m²,bostadsratt,2026-07-05T19:28:58.869695
162065059089932131,https://www.hemnet.se/salda/lagenhet-1rum-svartbacken-uppsala-kommun-svartbacksgatan-72-b-162065059089932131,24-25m²,bostadsratt,2026-07-05T19:28:58.869697
9047051452900704257,https://www.hemnet.se/salda/lagenhet-1rum-hasthagen-davidshall-malmo-kommun-helmfeltsgatan-12-9047051452900704257,24-25m²,bostadsratt,2026-07-05T19:28:58.869700
2086998343961376346,https://www.hemnet.se/salda/lagenhet-1rum-dalaplan-malmo-kommun-bragegatan-9-2086998343961376346,24-25m²,bostadsratt,2026-07-05T19:28:58.869701
4007659401517454037,"https://www.hemnet.se/salda/lagenhet-1rum-rasunda-solna-kommun-postgrand-6,-2tr-4007659401517454037",24-25m²,bostadsratt,2026-07-05T19:28:58.869703
1096055800210686622,"https://www.hemnet.se/salda/lagenhet-1rum-vasastan-stockholms-kommun-torsgatan-33,-5-tr-1096055800210686622",24-25m²,bostadsratt,2026-07-05T19:28:58.869704
6751595517444187834,https://www.hemnet.se/salda/lagenhet-1rum-gardet-ostermalm-stockholms-kommun-brantingsgatan-32-6751595517444187834,24-25m²,bostadsratt,2026-07-05T19:28:58.869705
8582626980401283242,https://www.hemnet.se/salda/lagenhet-1rum-gardet-stockholms-kommun-rindogatan-30-8582626980401283242,24-25m²,bostadsratt,2026-07-05T19:28:58.869707
7500051797919990014,https://www.hemnet.se/salda/lagenhet-1rum-hagerneholm-taby-kommun-hagerneholmsvagen-7a-7500051797919990014,24-25m²,bostadsratt,2026-07-05T19:28:58.869708
1293801172960545275,https://www.hemnet.se/salda/lagenhet-1rum-sodermalm-sofia-stockholms-kommun-bondegatan-79-1293801172960545275,24-25m²,bostadsratt,2026-07-05T19:28:58.869711
4024685827450309563,https://www.hemnet.se/salda/lagenhet-1rum-johanneberg-goteborgs-kommun-volrat-thamsgatan-15-4024685827450309563,24-25m²,bostadsratt,2026-07-05T19:28:58.869713
4483571999530044410,https://www.hemnet.se/salda/lagenhet-1rum-gideonsberg-vasteras-kommun-blomstergatan-2-4483571999530044410,24-25m²,bostadsratt,2026-07-05T19:28:58.869714
5730786847610696773,https://www.hemnet.se/salda/lagenhet-1rum-johanneberg-goteborgs-kommun-gibraltargatan-66-5730786847610696773,24-25m²,bostadsratt,2026-07-05T19:28:58.869715
6588316825869425187,https://www.hemnet.se/salda/lagenhet-1rum-johanneshov-stockholms-kommun-finn-malmgrens-vag-2b-6588316825869425187,24-25m²,bostadsratt,2026-07-05T19:28:58.869716
2912630047283328677,"https://www.hemnet.se/salda/lagenhet-1rum-centrala-vasby-upplands-vasby-kommun-centralvagen-8a,-2-tr-2912630047283328677",24-25m²,bostadsratt,2026-07-05T19:28:58.869718
2941598736867065635,https://www.hemnet.se/salda/lagenhet-1rum-morby-danderyds-kommun-morbylund-13b-2941598736867065635,24-25m²,bostadsratt,2026-07-05T19:28:58.869721
6868127655348214811,"https://www.hemnet.se/salda/lagenhet-1rum-kungsholmen-kungsklippan-stockholms-kommun-kungsklippan-11,-vaning-2-6868127655348214811",24-25m²,bostadsratt,2026-07-05T19:28:58.869722
9184457959862002569,https://www.hemnet.se/salda/lagenhet-1rum-vast-pa-stan-umea-kommun-storgatan-8c-9184457959862002569,24-25m²,bostadsratt,2026-07-05T19:28:58.869724
7626732176207583729,https://www.hemnet.se/salda/lagenhet-1rum-gideonsberg-vasteras-kommun-blomstergatan-10-7626732176207583729,24-25m²,bostadsratt,2026-07-05T19:28:58.869725
7962596477059232320,https://www.hemnet.se/salda/lagenhet-1rum-salabacke-uppsala-kommun-verkmastargatan-1-c-7962596477059232320,24-25m²,bostadsratt,2026-07-05T19:28:58.869726
6313574216071279291,https://www.hemnet.se/salda/lagenhet-1rum-arsta-uppsala-kommun-fyrislundsgatan-60-6313574216071279291,24-25m²,bostadsratt,2026-07-05T19:28:58.869728
706687680857857680,"https://www.hemnet.se/salda/lagenhet-1rum-kungsholmen-stockholms-kommun-kungsklippan-11,-3-tr-706687680857857680",24-25m²,bostadsratt,2026-07-05T19:28:58.869729
4581570549085024806,https://www.hemnet.se/salda/lagenhet-1rum-nobeltorget-malmo-kommun-amiralsgatan-72a-4581570549085024806,24-25m²,bostadsratt,2026-07-05T19:28:58.869730
3161960737648398773,https://www.hemnet.se/salda/lagenhet-1rum-segevang-malmo-kommun-kronetorpsgatan-60a-3161960737648398773,24-25m²,bostadsratt,2026-07-05T19:28:58.869732
8654973175990975915,https://www.hemnet.se/salda/lagenhet-1rum-malarhojden-stockholms-kommun-klubbacken-22-8654973175990975915,24-25m²,bostadsratt,2026-07-05T19:28:58.869733
5954575630203473172,https://www.hemnet.se/salda/lagenhet-1rum-sodermalm-stockholms-kommun-bergsundsgatan-12-5954575630203473172,24-25m²,bostadsratt,2026-07-05T19:28:58.869734
4330516916674729966,https://www.hemnet.se/salda/lagenhet-1rum-krokslatt-molndals-kommun-krokslatts-parkgata-18b-4330516916674729966,24-25m²,bostadsratt,2026-07-05T19:28:58.869735
4521009873885474804,https://www.hemnet.se/salda/lagenhet-1rum-skarmarbrink-stockholms-kommun-pelargatan-7-4521009873885474804,24-25m²,bostadsratt,2026-07-05T19:28:58.869737
7657124085022657682,"https://www.hemnet.se/salda/lagenhet-1rum-luossavaara-kiruna-kommun-dubengatan-33-b-van,3-7657124085022657682",24-25m²,bostadsratt,2026-07-05T19:28:58.869738
8414037835286967999,https://www.hemnet.se/salda/lagenhet-1rum-lund-centrum-lunds-kommun-revingegatan-15b-8414037835286967999,24-25m²,bostadsratt,2026-07-05T19:28:58.869739
569386700084073985,https://www.hemnet.se/salda/lagenhet-1rum-skonsmon-sundsvalls-kommun-harmonigatan-36-569386700084073985,24-25m²,bostadsratt,2026-07-05T19:28:58.869741
57717930241977520,https://www.hemnet.se/salda/lagenhet-1rum-vallingby-centrum-stockholms-kommun-jamtlandsgatan-74-57717930241977520,24-25m²,bostadsratt,2026-07-05T19:28:58.869742
703587708859285105,"https://www.hemnet.se/salda/lagenhet-1,5rum-masthugget-goteborgs-kommun-kjellmansgatan-26-703587708859285105",24-25m²,bostadsratt,2026-07-05T19:28:58.869743
2293500394349145347,https://www.hemnet.se/salda/lagenhet-1rum-haggvik-norrviken-sollentuna-kommun-minervavagen-28-2293500394349145347,24-25m²,bostadsratt,2026-07-05T19:28:58.869745
37204996124595069,"https://www.hemnet.se/salda/lagenhet-1rum-enskede-gubbangen-stockholms-kommun-sicklingsvagen-5,-2-tr-37204996124595069",24-25m²,bostadsratt,2026-07-05T19:28:58.869746
7916748860210928760,https://www.hemnet.se/salda/lagenhet-1rum-ostermalm-gardet-stockholms-kommun-furusundsgatan-6-7916748860210928760,24-25m²,bostadsratt,2026-07-05T19:28:58.869749
6396333229909632285,https://www.hemnet.se/salda/lagenhet-1rum-gideonsberg-vasteras-kommun-blomstergatan-2-6396333229909632285,24-25m²,bostadsratt,2026-07-05T19:28:58.869751
7716333322046629529,https://www.hemnet.se/salda/lagenhet-1rum-birkastan-vasastan-stockholms-kommun-torsgatan-33-7716333322046629529,24-25m²,bostadsratt,2026-07-05T19:28:58.869752
7311152693652625656,https://www.hemnet.se/salda/lagenhet-1rum-johanneshov-stockholms-kommun-pastellvagen-15-7311152693652625656,24-25m²,bostadsratt,2026-07-05T19:28:58.869753
8452979510453904373,https://www.hemnet.se/salda/lagenhet-1rum-centralt-linkopings-kommun-vastra-vagen-5b-8452979510453904373,24-25m²,bostadsratt,2026-07-05T19:28:58.869754
6747816511270117425,https://www.hemnet.se/salda/lagenhet-1rum-kungsholmen-stockholms-kommun-kungsklippan-11-6747816511270117425,24-25m²,bostadsratt,2026-07-05T19:28:58.869756
6820670063075065588,https://www.hemnet.se/salda/lagenhet-1rum-katarina-sofia-stockholms-kommun-asogatan-190-6820670063075065588,24-25m²,bostadsratt,2026-07-05T19:28:58.869757
3869024230546355842,https://www.hemnet.se/salda/lagenhet-1rum-centrala-haninge-haninge-kommun-midgardsvagen-24-3869024230546355842,24-25m²,bostadsratt,2026-07-05T19:28:58.869758
2305009949824601640,https://www.hemnet.se/salda/lagenhet-1rum-ovre-eriksberg-goteborgs-kommun-ullmansgatan-5b-2305009949824601640,24-25m²,bostadsratt,2026-07-05T19:28:58.869760
2679439975220527018,"https://www.hemnet.se/salda/lagenhet-1rum-ahus-tappet-kristianstads-kommun-kantarellvagen,-lgh-309000-2679439975220527018",24-25m²,bostadsratt,2026-07-05T19:28:58.869761
1546851635550295384,https://www.hemnet.se/salda/lagenhet-1rum-orby-stockholms-kommun-gamla-huddingevagen-439-1546851635550295384,24-25m²,bostadsratt,2026-07-05T19:28:58.869762
4653491890383944211,https://www.hemnet.se/salda/lagenhet-1rum-kungsholmen-nedre-kungsholmen-stockholms-kommun-kungsklippan-11-4653491890383944211,24-25m²,bostadsratt,2026-07-05T19:28:58.869764
5927588128468964173,https://www.hemnet.se/salda/lagenhet-1rum-kapellgardet-uppsala-kommun-orgelgatan-13-5927588128468964173,24-25m²,bostadsratt,2026-07-05T19:28:58.869767
2314320747596105717,https://www.hemnet.se/salda/lagenhet-1rum-innerstaden-linkopings-kommun-sankt-larsgatan-6a-2314320747596105717,24-25m²,bostadsratt,2026-07-05T19:28:58.869768
1273191087865295345,https://www.hemnet.se/salda/lagenhet-1rum-centralt-nynashamns-kommun-hojdgatan-7-1273191087865295345,24-25m²,bostadsratt,2026-07-05T19:28:58.869769
4474347174365112885,https://www.hemnet.se/salda/lagenhet-1rum-grondal-ekensberg-stockholms-kommun-ekensbergsvagen-118-4474347174365112885,24-25m²,bostadsratt,2026-07-05T19:28:58.869771
6509009591823001621,https://www.hemnet.se/salda/lagenhet-1rum-hjorthagen-stockholms-kommun-artemisgatan-13-6509009591823001621,24-25m²,bostadsratt,2026-07-05T19:28:58.869772
5085590188398552375,https://www.hemnet.se/salda/lagenhet-1rum-haggvik-sollentuna-kommun-skalbyvagen-2-5085590188398552375,24-25m²,bostadsratt,2026-07-05T19:28:58.869773
8123652609960474687,"https://www.hemnet.se/salda/lagenhet-1rum-arsta-stockholms-kommun-arstavagen-79,-4tr-8123652609960474687",24-25m²,bostadsratt,2026-07-05T19:28:58.869775
2338173623731912331,https://www.hemnet.se/salda/lagenhet-1rum-blackeberg-stockholms-kommun-arvid-mornes-vag-46-2338173623731912331,24-25m²,bostadsratt,2026-07-05T19:28:58.869776
2678237596849497188,https://www.hemnet.se/salda/lagenhet-1rum-nobeltorget-malmo-kommun-hassleholmsgatan-5b-2678237596849497188,24-25m²,bostadsratt,2026-07-05T19:28:58.869777
7313890777729126902,"https://www.hemnet.se/salda/lagenhet-1rum-hagerneholm,-arninge-ullna-taby-kommun-hagerneholmsvagen-7b-7313890777729126902",24-25m²,bostadsratt,2026-07-05T19:28:58.869779
1485576726243256195,https://www.hemnet.se/salda/lagenhet-1rum-karlstad-karlstads-kommun-lambergsgatan-27d-1485576726243256195,24-25m²,bostadsratt,2026-07-05T19:28:58.869780
7965140282145678486,"https://www.hemnet.se/salda/lagenhet-1,5rum-hokarangen-stockholms-kommun-russinvagen-7-7965140282145678486",24-25m²,bostadsratt,2026-07-05T19:28:58.869781
9136358601115109755,"https://www.hemnet.se/salda/lagenhet-1rum-sodermalm-stockholms-kommun-hornsgatan-151,-2-tr-9136358601115109755",24-25m²,bostadsratt,2026-07-05T19:28:58.869783
4240148868826566591,https://www.hemnet.se/salda/lagenhet-1rum-midsommarkransen-stockholms-kommun-svandammsplan-8-4240148868826566591,24-25m²,bostadsratt,2026-07-05T19:28:58.869786
1634361745942215976,https://www.hemnet.se/salda/lagenhet-1rum-kungsholmen-stockholms-kommun-sysslomansgatan-24-1634361745942215976,24-25m²,bostadsratt,2026-07-05T19:28:58.869787
6438432998207983840,https://www.hemnet.se/salda/lagenhet-1rum-nyby-uppsala-kommun-gamla-uppsalagatan-123-6438432998207983840,24-25m²,bostadsratt,2026-07-05T19:28:58.869788
2151278746639862710,https://www.hemnet.se/salda/lagenhet-1rum-ladugardsgardet-stockholms-kommun-furusundsgatan-15-2151278746639862710,24-25m²,bostadsratt,2026-07-05T19:28:58.869790
7347006675464878194,"https://www.hemnet.se/salda/lagenhet-1rum-vasastaden-stockholms-kommun-roslagsgatan-29a,-3tr-og-7347006675464878194",24-25m²,bostadsratt,2026-07-05T19:28:58.869793
3194163172552327954,https://www.hemnet.se/salda/lagenhet-1rum-barkarbystaden-jarfalla-kommun-alstavagen-7-3194163172552327954,24-25m²,bostadsratt,2026-07-05T19:28:58.869794
3331647435368389169,"https://www.hemnet.se/salda/lagenhet-1,5rum-masthugget-goteborgs-kommun-kjellmansgatan-26-3331647435368389169",24-25m²,bostadsratt,2026-07-05T19:28:58.869795
7437167558905386371,https://www.hemnet.se/salda/lagenhet-1rum-centrum-lunds-kommun-revingegatan-15a-7437167558905386371,24-25m²,bostadsratt,2026-07-05T19:28:58.869797
8208641993289064979,https://www.hemnet.se/salda/lagenhet-1rum-rasunda-solna-kommun-hasselstigen-5-8208641993289064979,24-25m²,bostadsratt,2026-07-05T19:28:58.869798
1583713836215941214,https://www.hemnet.se/salda/lagenhet-1rum-barkarbystaden-jarfalla-kommun-herculesgatan-19-1583713836215941214,24-25m²,bostadsratt,2026-07-05T19:28:58.869799
8036727383020221173,https://www.hemnet.se/salda/lagenhet-1rum-hagastaden-karolinska-solna-kommun-olof-af-acrels-vag-3-8036727383020221173,24-25m²,bostadsratt,2026-07-05T19:28:58.869801
3859481374472279037,"https://www.hemnet.se/salda/lagenhet-1,5rum-centrala-handen-haninge-kommun-midgardsvagen-16,-accept-pris-3859481374472279037",24-25m²,bostadsratt,2026-07-05T19:28:58.869802
4900788586799318316,https://www.hemnet.se/salda/lagenhet-1rum-johanneberg-goteborgs-kommun-volrat-thamsgatan-15-4900788586799318316,24-25m²,bostadsratt,2026-07-05T19:28:58.869803
590712435093955841,https://www.hemnet.se/salda/lagenhet-1rum-veddesta-jarfalla-kommun-veddestastraket-13-590712435093955841,24-25m²,bostadsratt,2026-07-05T19:28:58.869805
7484787875462912537,https://www.hemnet.se/salda/lagenhet-2rum-bromma-kyrka-stockholms-kommun-rundkyrkoallen-11c-7484787875462912537,24-25m²,bostadsratt,2026-07-05T19:28:58.869806
8932317501692360239,https://www.hemnet.se/salda/lagenhet-1rum-centralt-ornskoldsvik-ornskoldsviks-kommun-angermanlandsgatan-18-8932317501692360239,24-25m²,bostadsratt,2026-07-05T19:28:58.869808
1450989433931723553,"https://www.hemnet.se/salda/lagenhet-1rum-lindholmen-goteborgs-kommun-lodjursstraket-1,-van-20-1450989433931723553",24-25m²,bostadsratt,2026-07-05T19:28:58.869809
3369146253850815800,https://www.hemnet.se/salda/lagenhet-1rum-vasastan-atlasomradet-stockholms-kommun-volundsgatan-7-3369146253850815800,24-25m²,bostadsratt,2026-07-05T19:28:58.869810
2345752932882965493,https://www.hemnet.se/salda/lagenhet-1rum-linnestaden-goteborgs-kommun-ovre-djupedalsgatan-11d-2345752932882965493,24-25m²,bostadsratt,2026-07-05T19:28:58.869812
2947145394877299115,https://www.hemnet.se/salda/lagenhet-1rum-sodermalm-hogalid-stockholms-kommun-hogalidsgatan-31-2947145394877299115,24-25m²,bostadsratt,2026-07-05T19:28:58.869815
2294905361769687973,https://www.hemnet.se/salda/lagenhet-1rum-centrala-vasby-upplands-vasby-kommun-optimusvagen-3c-2294905361769687973,24-25m²,bostadsratt,2026-07-05T19:28:58.869816
5495188490323024321,"https://www.hemnet.se/salda/lagenhet-1rum-fruangen-stockholms-kommun-lina-sandells-plan-2,-hogst-upp-5495188490323024321",24-25m²,bostadsratt,2026-07-05T19:28:58.869818
1308399459495655260,https://www.hemnet.se/salda/lagenhet-1rum-segevang-malmo-kommun-kronetorpsgatan-60-a-1308399459495655260,24-25m²,bostadsratt,2026-07-05T19:28:58.869819
2042338277130799568,https://www.hemnet.se/salda/lagenhet-1rum-johanneshov-stockholms-kommun-pastellvagen-15-2042338277130799568,24-25m²,bostadsratt,2026-07-05T19:28:58.869820
4208554037756632892,"https://www.hemnet.se/salda/lagenhet-1rum-arsta-uppsala-kommun-fyrislundsgatan-48,-5-tr,-4208554037756632892",24-25m²,bostadsratt,2026-07-05T19:28:58.869822
1686420749463232438,"https://www.hemnet.se/salda/lagenhet-1rum-gullmarsplan-johanneshov-stockholms-kommun-gullmarsvagen-12,-nb-1686420749463232438",24-25m²,bostadsratt,2026-07-05T19:28:58.869823
6569277968292221680,https://www.hemnet.se/salda/lagenhet-1rum-vasastan-stockholms-kommun-surbrunnsgatan-19-6569277968292221680,24-25m²,bostadsratt,2026-07-05T19:28:58.869826
1368016456991813239,https://www.hemnet.se/salda/lagenhet-1rum-norr-gavle-kommun-norra-kungsgatan-35-a-1368016456991813239,24-25m²,bostadsratt,2026-07-05T19:28:58.869828
5905190346826356016,https://www.hemnet.se/salda/lagenhet-1rum-arsta-uppsala-kommun-fyrislundsgatan-38-5905190346826356016,24-25m²,bostadsratt,2026-07-05T19:28:58.869829
9132903057687669057,"https://www.hemnet.se/salda/lagenhet-1rum-gullmarsplan-johanneshov-stockholms-kommun-skulptorvagen-15,-5tr-9132903057687669057",24-25m²,bostadsratt,2026-07-05T19:28:58.869830
9146762970913450092,"https://www.hemnet.se/salda/lagenhet-1rum-vasastan-birkastan-stockholms-kommun-rorstrandsgatan-48-a,-1,5tr-9146762970913450092",24-25m²,bostadsratt,2026-07-05T19:28:58.869832
4281187096384013985,https://www.hemnet.se/salda/lagenhet-1rum-hornstull-stockholms-kommun-hornsgatan-151-4281187096384013985,24-25m²,bostadsratt,2026-07-05T19:28:58.869833
283140234469182069,https://www.hemnet.se/salda/lagenhet-1rum-grondal-stockholms-kommun-sjobjornsvagen-15b-283140234469182069,24-25m²,bostadsratt,2026-07-05T19:28:58.869834
5440730354510407506,https://www.hemnet.se/salda/lagenhet-1rum-ostermalm-stockholms-kommun-valhallavagen-148-b-5440730354510407506,24-25m²,bostadsratt,2026-07-05T19:28:58.869836
6348585048101392402,https://www.hemnet.se/salda/lagenhet-1rum-vaster-lunds-kommun-ornvagen-16a-6348585048101392402,24-25m²,bostadsratt,2026-07-05T19:28:58.869837
9036883217170521550,https://www.hemnet.se/salda/lagenhet-1rum-sodermalm-stockholms-kommun-blekingegatan-36-9036883217170521550,24-25m²,bostadsratt,2026-07-05T19:28:58.869838
9082056166223261946,https://www.hemnet.se/salda/lagenhet-1rum-lindholmen-goteborgs-kommun-lodjursstraket-1-9082056166223261946,24-25m²,bostadsratt,2026-07-05T19:28:58.869840
2315222846198139570,https://www.hemnet.se/salda/lagenhet-1rum-sodermalm-stockholms-kommun-krukmakargatan-38-2315222846198139570,24-25m²,bostadsratt,2026-07-05T19:28:58.869841
6494292067628055748,https://www.hemnet.se/salda/lagenhet-1rum-gideonsberg-vasteras-kommun-blomstergatan-4-6494292067628055748,24-25m²,bostadsratt,2026-07-05T19:28:58.869842
1946929418689638908,"https://www.hemnet.se/salda/lagenhet-1rum-vasastan-birkastan-stockholms-kommun-drejargatan-4,-5tr-1946929418689638908",24-25m²,bostadsratt,2026-07-05T19:28:58.869843
6009740825802054533,https://www.hemnet.se/salda/lagenhet-1rum-enogla-enkopings-kommun-enoglavagen-20b-6009740825802054533,24-25m²,bostadsratt,2026-07-05T19:28:58.869845
2292096030999635924,https://www.hemnet.se/salda/lagenhet-1rum-bosgarden-molndals-kommun-piltegatan-5a-2292096030999635924,24-25m²,bostadsratt,2026-07-05T19:28:58.869846
1183661335266472920,https://www.hemnet.se/salda/lagenhet-1rum-ostermalm-gardet-stockholms-kommun-vartavagen-59-1183661335266472920,24-25m²,bostadsratt,2026-07-05T19:28:58.869847
5089381910979038675,https://www.hemnet.se/salda/lagenhet-1rum-sodermalm-mariaberget-stockholms-kommun-bastugatan-21-5089381910979038675,24-25m²,bostadsratt,2026-07-05T19:28:58.869954
2015964330373823120,"https://www.hemnet.se/salda/lagenhet-1rum-sodermalm-stockholms-kommun-skinnarviksringen-2,-3tr-2015964330373823120",24-25m²,bostadsratt,2026-07-05T19:28:58.869957
5765236408190904868,https://www.hemnet.se/salda/lagenhet-1rum-roda-bergen-vasastan-stockholms-kommun-torsgatan-74-5765236408190904868,24-25m²,bostadsratt,2026-07-05T19:28:58.869958
7851742860384256490,https://www.hemnet.se/salda/lagenhet-1rum-skarmarbrink-stockholms-kommun-blasutvagen-5-7851742860384256490,24-25m²,bostadsratt,2026-07-05T19:28:58.869960
3223596656721556596,"https://www.hemnet.se/salda/lagenhet-1rum-sibirien-stockholms-kommun-birger-jarlsgatan-83,-4tr-3223596656721556596",24-25m²,bostadsratt,2026-07-05T19:28:58.869961
2924466589949859444,https://www.hemnet.se/salda/lagenhet-1rum-vaxon-vaxholms-kommun-hamngatan-15-2924466589949859444,24-25m²,bostadsratt,2026-07-05T19:28:58.869963
5296893920620670494,https://www.hemnet.se/salda/lagenhet-2rum-aspudden-stockholms-kommun-schlytersvagen-69-5296893920620670494,24-25m²,bostadsratt,2026-07-05T19:28:58.869964
5728899061943763670,https://www.hemnet.se/salda/lagenhet-1rum-centralt-trelleborgs-kommun-nygatan-90a-5728899061943763670,24-25m²,bostadsratt,2026-07-05T19:28:58.869965
5785422376062900246,https://www.hemnet.se/salda/lagenhet-1rum-kungsholmen-stockholms-kommun-bergsgatan-29-5785422376062900246,24-25m²,bostadsratt,2026-07-05T19:28:58.869967
2258767046922459338,"https://www.hemnet.se/salda/lagenhet-1rum-grondal-stockholms-kommun-grondalsvagen-120,-4tr-2258767046922459338",24-25m²,bostadsratt,2026-07-05T19:28:58.869968
4441733281232965126,https://www.hemnet.se/salda/lagenhet-1rum-mollevangen-malmo-kommun-sodervarnsgatan-3b-4441733281232965126,24-25m²,bostadsratt,2026-07-05T19:28:58.869970
8068611168747201503,https://www.hemnet.se/salda/lagenhet-1rum-kungsholmen-stockholms-kommun-kungsholmsgatan-9-8068611168747201503,24-25m²,bostadsratt,2026-07-05T19:28:58.869971
1983367039702788850,https://www.hemnet.se/salda/lagenhet-1rum-hammarbyhojden-stockholms-kommun-alingsasvagen-14-1983367039702788850,24-25m²,bostadsratt,2026-07-05T19:28:58.869972
885058711165820247,https://www.hemnet.se/salda/lagenhet-1rum-blasut-stockholms-kommun-blasutvagen-7-885058711165820247,24-25m²,bostadsratt,2026-07-05T19:28:58.869974
7440273746871563807,https://www.hemnet.se/salda/lagenhet-2rum-orrliden-malung-salens-kommun-hjortstigen-12a-7440273746871563807,24-25m²,bostadsratt,2026-07-05T19:28:58.869975
664409738735027003,https://www.hemnet.se/salda/lagenhet-1rum-slottsstaden-malmo-kommun-ostra-kristinelundsvagen-25b-664409738735027003,24-25m²,bostadsratt,2026-07-05T19:28:58.869977
1030374087440915645,https://www.hemnet.se/salda/lagenhet-1rum-johanneshov-globen-stockholms-kommun-konstgjutarvagen-14-1030374087440915645,24-25m²,bostadsratt,2026-07-05T19:28:58.869978
518259678896510293,https://www.hemnet.se/salda/lagenhet-1rum-thorildsplan-stockholms-kommun-gyllenborgsgatan-9-518259678896510293,24-25m²,bostadsratt,2026-07-05T19:28:58.869979
1798003910638565263,https://www.hemnet.se/salda/lagenhet-1rum-sodermalm-stockholms-kommun-malmgardsvagen-20-1798003910638565263,24-25m²,bostadsratt,2026-07-05T19:28:58.869981
2808184406993283884,https://www.hemnet.se/salda/lagenhet-1rum-centralt-upplands-vasby-kommun-centralvagen-8b-3tr-2808184406993283884,24-25m²,bostadsratt,2026-07-05T19:28:58.869985
8040038533836974908,"https://www.hemnet.se/salda/lagenhet-1rum-kungsholmen-stockholms-kommun-kungsklippan-11,-3-tr-8040038533836974908",24-25m²,bostadsratt,2026-07-05T19:28:58.869986
4040588237685054062,https://www.hemnet.se/salda/lagenhet-1rum-hasthagen-davidshall-malmo-kommun-helmfeltsgatan-12-4040588237685054062,24-25m²,bostadsratt,2026-07-05T19:28:58.869988
1977036152130762918,https://www.hemnet.se/salda/lagenhet-1rum-gardet-stockholms-kommun-furusundsgatan-9-1977036152130762918,24-25m²,bostadsratt,2026-07-05T19:28:58.869989
209657124630603460,https://www.hemnet.se/salda/lagenhet-1rum-centralt-ostersunds-kommun-storgatan-49-b-209657124630603460,24-25m²,bostadsratt,2026-07-05T19:28:58.869990
7555317451080745883,https://www.hemnet.se/salda/lagenhet-1rum-hokarangen-stockholms-kommun-russinvagen-3-7555317451080745883,24-25m²,bostadsratt,2026-07-05T19:28:58.869992
2728562555909815935,"https://www.hemnet.se/salda/lagenhet-1rum-hornstull-stockholms-kommun-slipgatan-2,-4-tr-2728562555909815935",24-25m²,bostadsratt,2026-07-05T19:28:58.869993
4915264490319974379,https://www.hemnet.se/salda/lagenhet-1rum-gadeastaden-harnosands-kommun-gadeavagen-14-4915264490319974379,24-25m²,bostadsratt,2026-07-05T19:28:58.869994
2883366794232348247,https://www.hemnet.se/salda/lagenhet-1rum-blasut-stockholms-kommun-pastellvagen-17-2883366794232348247,24-25m²,bostadsratt,2026-07-05T19:28:58.869995
4706672666001804265,https://www.hemnet.se/salda/lagenhet-1rum-torpa-jonkopings-kommun-ekgatan-3-4706672666001804265,24-25m²,bostadsratt,2026-07-05T19:28:58.869997
548283410063940473,"https://www.hemnet.se/salda/lagenhet-1rum-sodermalm-stockholms-kommun-langholmsgatan-13,-4-tr-548283410063940473",24-25m²,bostadsratt,2026-07-05T19:28:58.869998
4544933435938948078,https://www.hemnet.se/salda/lagenhet-1rum-ostermalm-stockholms-kommun-storgatan-56a-4544933435938948078,24-25m²,bostadsratt,2026-07-05T19:28:58.869999
6768659082829406063,https://www.hemnet.se/salda/lagenhet-1rum-sodermalm-stockholms-kommun-nytorgsgatan-15-6768659082829406063,24-25m²,bostadsratt,2026-07-05T19:28:58.870001
3528067487061454665,https://www.hemnet.se/salda/lagenhet-1rum-vastertorp-stockholms-kommun-isjaktsgrand-33-3528067487061454665,24-25m²,bostadsratt,2026-07-05T19:28:58.870002
3849737036657800642,"https://www.hemnet.se/salda/lagenhet-1rum-centrala-sundbyberg-sundbybergs-kommun-sturegatan-43,-van-3-av-3-tr-3849737036657800642",24-25m²,bostadsratt,2026-07-05T19:28:58.870003
2262602170774728610,https://www.hemnet.se/salda/lagenhet-1rum-vasastan-vasaparken-stockholms-kommun-karlbergsvagen-23-2262602170774728610,24-25m²,bostadsratt,2026-07-05T19:28:58.870005
9210562268265163964,https://www.hemnet.se/salda/lagenhet-1rum-kungholmen-stockholms-kommun-kungsbro-strand-25-9210562268265163964,24-25m²,bostadsratt,2026-07-05T19:28:58.870006
404205172466952704,https://www.hemnet.se/salda/lagenhet-1rum-ostermalm-stockholms-kommun-kommendorsgatan-33a-404205172466952704,24-25m²,bostadsratt,2026-07-05T19:28:58.870007
6354714521677571859,https://www.hemnet.se/salda/lagenhet-1rum-kristineberg-stockholms-kommun-lindhagensgatan-59-6354714521677571859,24-25m²,bostadsratt,2026-07-05T19:28:58.870009
4522242435047228367,https://www.hemnet.se/salda/lagenhet-1rum-ellstorp-malmo-kommun-ellstorpsgatan-4c-4522242435047228367,24-25m²,bostadsratt,2026-07-05T19:28:58.870010
8222763956538608333,https://www.hemnet.se/salda/lagenhet-1rum-kungsholmen-stockholms-kommun-wennerbergsgatan-6b-8222763956538608333,24-25m²,bostadsratt,2026-07-05T19:28:58.870011
2893402799825907246,https://www.hemnet.se/salda/lagenhet-1rum-sundbyberg-sundbybergs-kommun-kyrkogatan-2-2893402799825907246,24-25m²,bostadsratt,2026-07-05T19:28:58.870013
374516199448595422,https://www.hemnet.se/salda/lagenhet-24m2-ostra-vi-gotlands-kommun-wilhelmina-skoghs-gata-8-374516199448595422,24-25m²,bostadsratt,2026-07-05T19:28:58.870014
1945293249431817991,"https://www.hemnet.se/salda/lagenhet-1rum-appelviken-stockholms-kommun-alviksvagen-23,-3-tr-1945293249431817991",24-25m²,bostadsratt,2026-07-05T19:28:58.870015
764030580848634181,https://www.hemnet.se/salda/lagenhet-1rum-sodermalm-stockholms-kommun-hogalidsgatan-29-764030580848634181,24-25m²,bostadsratt,2026-07-05T19:28:58.870017
7172609582857049255,https://www.hemnet.se/salda/lagenhet-1rum-bromma-blackeberg-stockholms-kommun-holbergsgatan-44-7172609582857049255,24-25m²,bostadsratt,2026-07-05T19:28:58.870018
6419401305475494095,https://www.hemnet.se/salda/lagenhet-1rum-vaster-lunds-kommun-trastvagen-5-6419401305475494095,24-25m²,bostadsratt,2026-07-05T19:28:58.870022
7821293042615005989,https://www.hemnet.se/salda/lagenhet-1rum-flemingsberg-huddinge-kommun-terapivagen-14a-7821293042615005989,24-25m²,bostadsratt,2026-07-05T19:28:58.870023
8679226308807760893,https://www.hemnet.se/salda/lagenhet-1rum-prastbordet-skelleftea-kommun-faltjagarvagen-30-8679226308807760893,24-25m²,bostadsratt,2026-07-05T19:28:58.870024
220804846282559430,https://www.hemnet.se/salda/lagenhet-1rum-kungsholmen-kungsklippan-stockholms-kommun-kungsklippan-11-220804846282559430,24-25m²,bostadsratt,2026-07-05T19:28:58.870026
5968222546243085527,https://www.hemnet.se/salda/lagenhet-2rum-hogmora-huddinge-kommun-geodesivagen-7a-5968222546243085527,24-25m²,bostadsratt,2026-07-05T19:28:58.870027
3664265549788186769,https://www.hemnet.se/salda/lagenhet-1rum-falhagen-uppsala-kommun-petterslundsgatan-14-e-3664265549788186769,24-25m²,bostadsratt,2026-07-05T19:28:58.870028
4057138367293308058,https://www.hemnet.se/salda/lagenhet-1rum-gardet-stockholms-kommun-vartavagen-59-4057138367293308058,24-25m²,bostadsratt,2026-07-05T19:28:58.870030
1726401062151504935,https://www.hemnet.se/salda/lagenhet-1rum-sommarro-uppsala-kommun-lindsbergsgatan-13a-1726401062151504935,24-25m²,bostadsratt,2026-07-05T19:28:58.870031
7550588704660674175,"https://www.hemnet.se/salda/lagenhet-1rum-sodermalm-maria-stockholms-kommun-tavastgatan-31,-2-tr-7550588704660674175",24-25m²,bostadsratt,2026-07-05T19:28:58.870032
6615347199651886160,"https://www.hemnet.se/salda/lagenhet-1rum-ostermalm-stockholms-kommun-banergatan-44,-4,5-tr-6615347199651886160",24-25m²,bostadsratt,2026-07-05T19:28:58.870034
8928335516706017996,"https://www.hemnet.se/salda/lagenhet-1rum-ostermalm-stockholms-kommun-grevgatan-23b,-2-tr-8928335516706017996",24-25m²,bostadsratt,2026-07-05T19:28:58.870035
2574935157995046436,https://www.hemnet.se/salda/lagenhet-1rum-kungsholmen-fredhall-stockholms-kommun-atterbomsvagen-30-2574935157995046436,24-25m²,bostadsratt,2026-07-05T19:28:58.870036
5328728072874756370,https://www.hemnet.se/salda/lagenhet-1rum-mollevangen-malmo-kommun-sodervarnsgatan-3-a-5328728072874756370,24-25m²,bostadsratt,2026-07-05T19:28:58.870038
6707870461510384453,https://www.hemnet.se/salda/lagenhet-1rum-kanberget-linkopings-kommun-djurgardsgatan-30a-6707870461510384453,24-25m²,bostadsratt,2026-07-05T19:28:58.870039
8722564916625841363,https://www.hemnet.se/salda/lagenhet-1rum-norrmalm-skovde-kommun-tranggatan-7a-8722564916625841363,24-25m²,bostadsratt,2026-07-05T19:28:58.870040
8324601379892659663,"https://www.hemnet.se/salda/lagenhet-1rum-gardet-ostermalm-stockholms-kommun-furusundsgatan-6,-2,5tr-8324601379892659663",24-25m²,bostadsratt,2026-07-05T19:28:58.870042
776599848471759876,https://www.hemnet.se/salda/lagenhet-1rum-skoghall-hammaro-kommun-vandgatan-7b-776599848471759876,24-25m²,bostadsratt,2026-07-05T19:28:58.870043
4009868776172466917,https://www.hemnet.se/salda/lagenhet-1rum-hornstull-stockholms-kommun-heleneborgsgatan-9c-4009868776172466917,24-25m²,bostadsratt,2026-07-05T19:28:58.870044
5847400588639372523,https://www.hemnet.se/salda/lagenhet-1rum-flemingsberg-huddinge-kommun-terapivagen-12d-5847400588639372523,24-25m²,bostadsratt,2026-07-05T19:28:58.870046
4011159647360456283,https://www.hemnet.se/salda/lagenhet-1rum-kungsholmen-stockholms-kommun-sankt-goransgatan-153-4011159647360456283,24-25m²,bostadsratt,2026-07-05T19:28:58.870047
2605859024806679554,"https://www.hemnet.se/salda/lagenhet-1,5rum-kungsholmen-stockholms-kommun-sankt-goransgatan-64-b-2605859024806679554",24-25m²,bostadsratt,2026-07-05T19:28:58.870048
2704924557174571696,https://www.hemnet.se/salda/lagenhet-1rum-flemingsberg-huddinge-kommun-terapivagen-14c-2704924557174571696,24-25m²,bostadsratt,2026-07-05T19:28:58.870050
8710484251194189756,https://www.hemnet.se/salda/lagenhet-1rum-falhagen-uppsala-kommun-salagatan-51c-8710484251194189756,24-25m²,bostadsratt,2026-07-05T19:28:58.870051
461115429771848448,https://www.hemnet.se/salda/lagenhet-1rum-centrum-uddevalla-kommun-brattgatan-6b-461115429771848448,24-25m²,bostadsratt,2026-07-05T19:28:58.870052
5654082239315941458,"https://www.hemnet.se/salda/lagenhet-1rum-kungsholmen-fridhemsplan-stockholms-kommun-sysslomansgatan-24,-2tr-5654082239315941458",24-25m²,bostadsratt,2026-07-05T19:28:58.870054
192547468966566518,https://www.hemnet.se/salda/lagenhet-1rum-morbybacken-danderyd-danderyds-kommun-august-wahlstroms-vag-2-192547468966566518,24-25m²,bostadsratt,2026-07-05T19:28:58.870057
3869086437819753986,https://www.hemnet.se/salda/lagenhet-1rum-laholm-laholms-kommun-margaretagatan-18-3869086437819753986,24-25m²,bostadsratt,2026-07-05T19:28:58.870058
4891251242526637548,https://www.hemnet.se/salda/lagenhet-1rum-lilla-alby-sundbybergs-kommun-tradgardsgatan-3-4891251242526637548,24-25m²,bostadsratt,2026-07-05T19:28:58.870060
7698525925389551892,"https://www.hemnet.se/salda/lagenhet-1rum-sodermalm-stockholms-kommun-skinnarviksringen-2,-1tr-7698525925389551892",24-25m²,bostadsratt,2026-07-05T19:28:58.870061
6503191083384037509,https://www.hemnet.se/salda/lagenhet-1rum-nedre-gardet-stockholms-kommun-askrikegatan-9-6503191083384037509,24-25m²,bostadsratt,2026-07-05T19:28:58.870062
2168803093721669040,https://www.hemnet.se/salda/lagenhet-1rum-kallhall-jarfalla-kommun-knektvagen-43-h-2168803093721669040,24-25m²,bostadsratt,2026-07-05T19:28:58.870064
2674513683736323599,https://www.hemnet.se/salda/lagenhet-1rum-rasunda-solna-kommun-hasselstigen-5-2674513683736323599,24-25m²,bostadsratt,2026-07-05T19:28:58.870066
5278290677167602024,"https://www.hemnet.se/salda/lagenhet-1rum-nedre-gardet-stockholms-kommun-skeppargatan-75,-1tr-5278290677167602024",24-25m²,bostadsratt,2026-07-05T19:28:58.870067
5118382240767257474,https://www.hemnet.se/salda/lagenhet-1rum-vasastaden-goteborgs-kommun-aschebergsgatan-27-5118382240767257474,24-25m²,bostadsratt,2026-07-05T19:28:58.870068
227721227644662349,https://www.hemnet.se/salda/lagenhet-1rum-ostermalm-larkstaden-stockholms-kommun-karlavagen-1-227721227644662349,24-25m²,bostadsratt,2026-07-05T19:28:58.870070
2153356347405554121,https://www.hemnet.se/salda/lagenhet-1rum-sofo-sodermalm-stockholms-kommun-bondegatan-24-2153356347405554121,24-25m²,bostadsratt,2026-07-05T19:28:58.870071
5509472990524561484,https://www.hemnet.se/salda/lagenhet-1rum-johanneberg-goteborgs-kommun-gibraltargatan-21a-5509472990524561484,24-25m²,bostadsratt,2026-07-05T19:28:58.870073
2131907854825346947,https://www.hemnet.se/salda/lagenhet-1rum-aby-stallbacken-molndals-kommun-aby-alle-5-2131907854825346947,24-25m²,bostadsratt,2026-07-05T19:28:58.870074
3425503536454617483,https://www.hemnet.se/salda/lagenhet-1rum-luthagen-uppsala-kommun-luthagsesplanaden-28a-3425503536454617483,24-25m²,bostadsratt,2026-07-05T19:28:58.870075
6057347543436076152,"https://www.hemnet.se/salda/lagenhet-1rum-arsta-uppsala-kommun-fyrislundsgatan-46-4-tr,-6057347543436076152",24-25m²,bostadsratt,2026-07-05T19:28:58.870077
2275874013553613928,https://www.hemnet.se/salda/lagenhet-1rum-framre-luthagen-uppsala-kommun-borjegatan-10b-2275874013553613928,24-25m²,bostadsratt,2026-07-05T19:28:58.870078
2144854297053018537,https://www.hemnet.se/salda/lagenhet-1rum-norrbole-skelleftea-kommun-hagglundsgatan-8b-2144854297053018537,24-25m²,bostadsratt,2026-07-05T19:28:58.870080
1225657916563464854,"https://www.hemnet.se/salda/lagenhet-1rum-vasastan-stockholms-kommun-tre-liljor-6,-3-tr-1225657916563464854",24-25m²,bostadsratt,2026-07-05T19:28:58.870081
5273596914195796217,https://www.hemnet.se/salda/lagenhet-1rum-barkarbystaden-jarfalla-kommun-herculesgatan-17-5273596914195796217,24-25m²,bostadsratt,2026-07-05T19:28:58.870083
8513857836676380720,https://www.hemnet.se/salda/lagenhet-1rum-teg-soderslatt-umea-kommun-akervagen-7-8513857836676380720,24-25m²,bostadsratt,2026-07-05T19:28:58.870084
48486793169750488,https://www.hemnet.se/salda/lagenhet-1rum-kungsholmen-stockholms-kommun-kungsklippan-11-48486793169750488,24-25m²,bostadsratt,2026-07-05T19:28:58.870085
3310698209273194156,https://www.hemnet.se/salda/lagenhet-1rum-sodermalm-stockholms-kommun-bergsundsgatan-14-3310698209273194156,24-25m²,bostadsratt,2026-07-05T19:28:58.870087
7222628464362581232,https://www.hemnet.se/salda/lagenhet-1rum-falhagen-uppsala-kommun-vaderkvarnsgatan-32-b-7222628464362581232,24-25m²,bostadsratt,2026-07-05T19:28:58.870088
8505834480889872059,https://www.hemnet.se/salda/lagenhet-1rum-vasastan-birkastan-stockholms-kommun-norrbackagatan-14-8505834480889872059,24-25m²,bostadsratt,2026-07-05T19:28:58.870089
5942953131103814379,https://www.hemnet.se/salda/lagenhet-1rum-gardet-stockholms-kommun-blanchegatan-18-5942953131103814379,24-25m²,bostadsratt,2026-07-05T19:28:58.870091
5680648618133314900,https://www.hemnet.se/salda/lagenhet-1rum-farsta-stockholms-kommun-torsbygatan-20-5680648618133314900,24-25m²,bostadsratt,2026-07-05T19:28:58.870092
3298888423118198871,https://www.hemnet.se/salda/lagenhet-24m2-ostra-vi-gotlands-kommun-wilhelmina-skoghs-gata-8-3298888423118198871,24-25m²,bostadsratt,2026-07-05T19:28:58.870095
3444273790250494,https://www.hemnet.se/salda/lagenhet-1rum-hokarangen-stockholms-kommun-russinvagen-5-3444273790250494,24-25m²,bostadsratt,2026-07-05T19:28:58.870099
2895332900719319938,https://www.hemnet.se/salda/lagenhet-1rum-lund-centrum-lunds-kommun-winstrupsgatan-14-2895332900719319938,24-25m²,bostadsratt,2026-07-05T19:28:58.870100
6220209735548048224,"https://www.hemnet.se/salda/lagenhet-1rum-kungsholmen-nedre-kungsholmen-stockholms-kommun-kungsklippan-11,-3-tr-6220209735548048224",24-25m²,bostadsratt,2026-07-05T19:28:58.870102
6225869032981221483,https://www.hemnet.se/salda/lagenhet-1rum-gamla-masthugget-goteborgs-kommun-paradisgatan-25q-6225869032981221483,24-25m²,bostadsratt,2026-07-05T19:28:58.870103
8000109886893746616,https://www.hemnet.se/salda/lagenhet-1rum-arsta-uppsala-kommun-fyrislundsgatan-38-8000109886893746616,24-25m²,bostadsratt,2026-07-05T19:28:58.870105
3152209975115991867,https://www.hemnet.se/salda/lagenhet-1rum-vastertorp-stockholms-kommun-isjaktsgrand-35-3152209975115991867,24-25m²,bostadsratt,2026-07-05T19:28:58.870106
4910405299038944668,https://www.hemnet.se/salda/lagenhet-1rum-aspudden-ornsberg-stockholms-kommun-hagerstensvagen-211-4910405299038944668,24-25m²,bostadsratt,2026-07-05T19:28:58.870107
8699457951096502720,"https://www.hemnet.se/salda/lagenhet-1rum-karrtorp-stockholms-kommun-fyrskeppsvagen-41,-2-tr-8699457951096502720",24-25m²,bostadsratt,2026-07-05T19:28:58.870109
1863657672101983928,https://www.hemnet.se/salda/lagenhet-1rum-hagersten-malarhojden-stockholms-kommun-klubbacken-32-1863657672101983928,24-25m²,bostadsratt,2026-07-05T19:28:58.870110
8101031605956476208,https://www.hemnet.se/salda/lagenhet-1rum-fagelbo-nykopings-kommun-fagelbovagen-11-b-8101031605956476208,24-25m²,bostadsratt,2026-07-05T19:28:58.870112
2157598897469368916,https://www.hemnet.se/salda/lagenhet-1rum-nynashamn-nynashamns-kommun-hojdgatan-7-2157598897469368916,24-25m²,bostadsratt,2026-07-05T19:28:58.870113
3103688338212793204,https://www.hemnet.se/salda/lagenhet-1rum-hagastaden-karolinska-solna-kommun-olof-af-acrels-vag-3-3103688338212793204,24-25m²,bostadsratt,2026-07-05T19:28:58.870114
8790431780594570929,https://www.hemnet.se/salda/lagenhet-1rum-sodermalm-mariatorget-stockholms-kommun-timmermansgatan-44-8790431780594570929,24-25m²,bostadsratt,2026-07-05T19:28:58.870116
5855456418745822938,"https://www.hemnet.se/salda/lagenhet-1rum-vasastan-stockholms-kommun-sveavagen-121a,-2tr-5855456418745822938",24-25m²,bostadsratt,2026-07-05T19:28:58.870117
1870034864860219679,"https://www.hemnet.se/salda/lagenhet-1rum-enebyberg-danderyds-kommun-skolvagen-23a,-2tr-1870034864860219679",24-25m²,bostadsratt,2026-07-05T19:28:58.870118
8091532768004192577,https://www.hemnet.se/salda/lagenhet-1rum-sommarro-uppsala-kommun-lindsbergsgatan-11c-8091532768004192577,24-25m²,bostadsratt,2026-07-05T19:28:58.870120
3115249304032162463,"https://www.hemnet.se/salda/lagenhet-1rum-vasastan-stockholms-kommun-roslagsgatan-21-b,-2-tr-og-3115249304032162463",24-25m²,bostadsratt,2026-07-05T19:28:58.870121
3356578085646053146,https://www.hemnet.se/salda/lagenhet-1rum-vasastan-stockholms-kommun-vikingagatan-3-3356578085646053146,24-25m²,bostadsratt,2026-07-05T19:28:58.870122
4540571742530833728,https://www.hemnet.se/salda/lagenhet-1rum-hornstull-hogalid-stockholms-kommun-folkskolegatan-12-4540571742530833728,24-25m²,bostadsratt,2026-07-05T19:28:58.870124
8447863159297277009,https://www.hemnet.se/salda/lagenhet-1rum-hagerstensasen-stockholms-kommun-arvodesvagen-23-8447863159297277009,24-25m²,bostadsratt,2026-07-05T19:28:58.870125
1730232095200932720,https://www.hemnet.se/salda/lagenhet-1rum-fullersta-huddinge-kommun-temperavagen-1730232095200932720,24-25m²,bostadsratt,2026-07-05T19:28:58.870126
6856453780530205846,https://www.hemnet.se/salda/lagenhet-1rum-galjevangen-lunds-kommun-lagerbrings-vag-4d-6856453780530205846,24-25m²,bostadsratt,2026-07-05T19:28:58.870128
5789774722126333042,https://www.hemnet.se/salda/lagenhet-1rum-centrumnara-svedala-kommun-malmovagen-7-a-5789774722126333042,24-25m²,bostadsratt,2026-07-05T19:28:58.870129
611005315073247248,https://www.hemnet.se/salda/lagenhet-1rum-aspudden-stockholms-kommun-hagerstensvagen-211-611005315073247248,24-25m²,bostadsratt,2026-07-05T19:28:58.870130
5600782682857031797,https://www.hemnet.se/salda/lagenhet-1rum-ostermalm-stockholms-kommun-skeppargatan-39-5600782682857031797,24-25m²,bostadsratt,2026-07-05T19:28:58.870133
3187222429958237120,https://www.hemnet.se/salda/lagenhet-1rum-vallingby-centrum-stockholms-kommun-jamtlandsgatan-90-van-2-3187222429958237120,24-25m²,bostadsratt,2026-07-05T19:28:58.870135
6481830633206461478,https://www.hemnet.se/salda/lagenhet-1rum-nobeltorget-malmo-kommun-vitemollegatan-10f-6481830633206461478,24-25m²,bostadsratt,2026-07-05T19:28:58.870136
4751190850188148971,https://www.hemnet.se/salda/lagenhet-1rum-vasastan-roda-bergen-stockholms-kommun-falugatan-23-4751190850188148971,24-25m²,bostadsratt,2026-07-05T19:28:58.870138
5810410396760548058,https://www.hemnet.se/salda/lagenhet-1rum-teg-umea-kommun-borgvagen-25b-5810410396760548058,24-25m²,bostadsratt,2026-07-05T19:28:58.870139
910353678719215560,https://www.hemnet.se/salda/lagenhet-1rum-hagersten-malarhojden-stockholms-kommun-klubbacken-59-910353678719215560,24-25m²,bostadsratt,2026-07-05T19:28:58.870140
5586472078914570747,https://www.hemnet.se/salda/lagenhet-1rum-handen-haninge-kommun-midgardsvagen-40-5586472078914570747,24-25m²,bostadsratt,2026-07-05T19:28:58.870142
3182502329431457785,https://www.hemnet.se/salda/lagenhet-1rum-sodermalm-hornstull-stockholms-kommun-tobaksspinnargatan-6-3182502329431457785,24-25m²,bostadsratt,2026-07-05T19:28:58.870145
2547358272461984291,https://www.hemnet.se/salda/lagenhet-1rum-karlastaden-goteborgs-kommun-lodjursstraket-1-van-19-2547358272461984291,24-25m²,bostadsratt,2026-07-05T19:28:58.870146
8322548869451512175,https://www.hemnet.se/salda/lagenhet-1rum-sodermalm-mariaberget-stockholms-kommun-bastugatan-21-8322548869451512175,24-25m²,bostadsratt,2026-07-05T19:28:58.870148
2509829674062400272,https://www.hemnet.se/salda/lagenhet-1rum-ahus-tappet-kristianstads-kommun-kantarellvagen-2509829674062400272,24-25m²,bostadsratt,2026-07-05T19:28:58.870149
6625991165837066763,https://www.hemnet.se/salda/lagenhet-1rum-lund-centrum-lunds-kommun-slojdgatan-12-6625991165837066763,24-25m²,bostadsratt,2026-07-05T19:28:58.870150
2011148801869276750,https://www.hemnet.se/salda/lagenhet-1rum-helenelund-sollentuna-kommun-stupvagen-19-2011148801869276750,24-25m²,bostadsratt,2026-07-05T19:28:58.870152
3213104693748976380,https://www.hemnet.se/salda/lagenhet-1rum-johanneshov-stockholms-kommun-skulptorvagen-15-3213104693748976380,24-25m²,bostadsratt,2026-07-05T19:28:58.870153
3306371409499937055,https://www.hemnet.se/salda/lagenhet-1rum-city-uppsala-kommun-kungsangsgatan-23-3306371409499937055,24-25m²,bostadsratt,2026-07-05T19:28:58.870154
5638104712971611453,https://www.hemnet.se/salda/lagenhet-1rum-lorensberg-goteborgs-kommun-chalmersgatan-27c-5638104712971611453,24-25m²,bostadsratt,2026-07-05T19:28:58.870156
858802145956362735,"https://www.hemnet.se/salda/lagenhet-1rum-gardet-ostermalm-stockholms-kommun-furusundsgatan-15,-7-tr-858802145956362735",24-25m²,bostadsratt,2026-07-05T19:28:58.870157
6416263186366443830,https://www.hemnet.se/salda/lagenhet-1rum-lund-centrum-lunds-kommun-slojdgatan-12-6416263186366443830,24-25m²,bostadsratt,2026-07-05T19:28:58.870158
1588251772391511479,"https://www.hemnet.se/salda/lagenhet-1rum-sodermalm-katarina-stockholms-kommun-bjurholmsplan-17,-5-tr-1588251772391511479",24-25m²,bostadsratt,2026-07-05T19:28:58.870160
7514643270289603406,https://www.hemnet.se/salda/lagenhet-1rum-sodermalm-hogalid-stockholms-kommun-lundagatan-36d-7514643270289603406,24-25m²,bostadsratt,2026-07-05T19:28:58.870161
4303321860289903264,https://www.hemnet.se/salda/lagenhet-1rum-ostermalm-stockholms-kommun-karlavagen-46b-4303321860289903264,24-25m²,bostadsratt,2026-07-05T19:28:58.870163
3876409915123134324,https://www.hemnet.se/salda/lagenhet-1rum-salabacke-uppsala-kommun-murargatan-14d-3876409915123134324,24-25m²,bostadsratt,2026-07-05T19:28:58.870164
1912697407066463069,https://www.hemnet.se/salda/lagenhet-1rum-kubikenborg-sundsvalls-kommun-harmonigatan-38-1912697407066463069,24-25m²,bostadsratt,2026-07-05T19:28:58.870165
1160387654350074455,"https://www.hemnet.se/salda/lagenhet-1rum-lilla-essingen-stockholms-kommun-essinge-brogata-5,-4-tr-1160387654350074455",24-25m²,bostadsratt,2026-07-05T19:28:58.870169
7920079180638383501,https://www.hemnet.se/salda/lagenhet-1rum-fruangen-stockholms-kommun-doktor-widerstroms-gata-68-7920079180638383501,24-25m²,bostadsratt,2026-07-05T19:28:58.870170
5706819893920361987,https://www.hemnet.se/salda/lagenhet-1rum-fridhemsplan-stockholms-kommun-fleminggatan-28-5706819893920361987,24-25m²,bostadsratt,2026-07-05T19:28:58.870172
3981245717390001058,https://www.hemnet.se/salda/lagenhet-1rum-masthugget-goteborgs-kommun-klostergangen-11-3981245717390001058,24-25m²,bostadsratt,2026-07-05T19:28:58.870175
3124130006722107105,"https://www.hemnet.se/salda/lagenhet-1rum-gardet-ostermalm-stockholms-kommun-rindogatan-30,-2tr-3124130006722107105",24-25m²,bostadsratt,2026-07-05T19:28:58.870176
774040576982758108,https://www.hemnet.se/salda/lagenhet-2rum-huddinge-huddinge-kommun-temperavagen-13a-774040576982758108,24-25m²,bostadsratt,2026-07-05T19:28:58.870178
7528378167586945316,https://www.hemnet.se/salda/lagenhet-1rum-torpa-jonkopings-kommun-humlevagen-4-7528378167586945316,24-25m²,bostadsratt,2026-07-05T19:28:58.870179
4828487929924091225,https://www.hemnet.se/salda/lagenhet-1rum-aker-nassjo-kommun-centralgatan-26a-4828487929924091225,24-25m²,bostadsratt,2026-07-05T19:28:58.870180
6273388349179116019,"https://www.hemnet.se/salda/lagenhet-1rum-norr-malarstrand-kungsholmen-stockholms-kommun-norr-malarstrand-94,-2-tr-6273388349179116019",24-25m²,bostadsratt,2026-07-05T19:28:58.870182
3858681670507746016,https://www.hemnet.se/salda/lagenhet-1rum-rasunda-solna-kommun-uppfartsvagen-4-3858681670507746016,24-25m²,bostadsratt,2026-07-05T19:28:58.870183
4631740071238998769,https://www.hemnet.se/salda/lagenhet-1rum-kungsholmen-lilla-essingen-stockholms-kommun-essinge-brogata-22-4631740071238998769,24-25m²,bostadsratt,2026-07-05T19:28:58.870184
9151771009563226084,https://www.hemnet.se/salda/lagenhet-1rum-flemingsberg-huddinge-kommun-terapivagen-16-c-9151771009563226084,24-25m²,bostadsratt,2026-07-05T19:28:58.870186
899218234113999649,"https://www.hemnet.se/salda/lagenhet-1rum-hokarangen-stockholms-kommun-russinvagen-3,-3-tr-899218234113999649",24-25m²,bostadsratt,2026-07-05T19:28:58.870187
88206068408946098,https://www.hemnet.se/salda/lagenhet-1rum-hono-ockero-kommun-karrvagen-15c-88206068408946098,24-25m²,bostadsratt,2026-07-05T19:28:58.870188
3067029596385041406,https://www.hemnet.se/salda/lagenhet-1rum-kapellgardet-uppsala-kommun-orgelgatan-13-3067029596385041406,24-25m²,bostadsratt,2026-07-05T19:28:58.870190
6397217558927894015,"https://www.hemnet.se/salda/lagenhet-1rum-kungsholmen-stockholms-kommun-sankt-goransgatan-153,-6-tr-6397217558927894015",24-25m²,bostadsratt,2026-07-05T19:28:58.870191
5160244051686098709,"https://www.hemnet.se/salda/lagenhet-1,5rum-masthugget-goteborgs-kommun-kjellmansgatan-30-5160244051686098709",24-25m²,bostadsratt,2026-07-05T19:28:58.870194
8735648725519694180,https://www.hemnet.se/salda/lagenhet-1rum-aspudden-stockholms-kommun-schlytersvagen-64-8735648725519694180,24-25m²,bostadsratt,2026-07-05T19:28:58.870196
6224265727511913712,https://www.hemnet.se/salda/lagenhet-1rum-luthagen-uppsala-kommun-tegnergatan-25c-6224265727511913712,24-25m²,bostadsratt,2026-07-05T19:28:58.870197
2608196409751829656,https://www.hemnet.se/salda/lagenhet-1rum-flemingsberg-huddinge-kommun-terapivagen-18d-2608196409751829656,24-25m²,bostadsratt,2026-07-05T19:28:58.870198
5937231337407910247,"https://www.hemnet.se/salda/lagenhet-1,5rum-norra-sorunda-haninge-kommun-runstens-byvag-86b-5937231337407910247",24-25m²,bostadsratt,2026-07-05T19:28:58.870200
5971451104000826887,"https://www.hemnet.se/salda/lagenhet-1rum-kungsholmen-stockholms-kommun-kungsklippan-11,-3-tr-5971451104000826887",24-25m²,bostadsratt,2026-07-05T19:28:58.870201
8716154502998292715,https://www.hemnet.se/salda/lagenhet-1rum-huvudsta-solna-kommun-wiboms-vag-2-8716154502998292715,24-25m²,bostadsratt,2026-07-05T19:28:58.870202
6810260960954449320,https://www.hemnet.se/salda/lagenhet-1rum-kungsholmen-nedre-kungsholmen-stockholms-kommun-kungsholmsgatan-13-6810260960954449320,24-25m²,bostadsratt,2026-07-05T19:28:58.870204
5480794793563064410,https://www.hemnet.se/salda/lagenhet-1rum-enskede-stockholms-kommun-fagelkarrsvagen-2d-5480794793563064410,24-25m²,bostadsratt,2026-07-05T19:28:58.870205
7050517299864457924,https://www.hemnet.se/salda/lagenhet-1rum-brannbo-sigtuna-kommun-stora-brannbovagen-29-7050517299864457924,24-25m²,bostadsratt,2026-07-05T19:28:58.870206
1646188315069256920,"https://www.hemnet.se/salda/lagenhet-1rum-kungsholmen-norr-malarstrand-stockholms-kommun-john-ericssonsgatan-18,-3tr-1646188315069256920",24-25m²,bostadsratt,2026-07-05T19:28:58.870208
4492454216963788450,https://www.hemnet.se/salda/lagenhet-1rum-ostermalm-stockholms-kommun-grevgatan-19-4492454216963788450,24-25m²,bostadsratt,2026-07-05T19:28:58.870209
5411263184875248678,https://www.hemnet.se/salda/lagenhet-1rum-gullmarsplan-stockholms-kommun-gullmarsvagen-8-5411263184875248678,24-25m²,bostadsratt,2026-07-05T19:28:58.870212
3964032828263382883,https://www.hemnet.se/salda/lagenhet-1rum-nyby-uppsala-kommun-leopoldsgatan-25-3964032828263382883,24-25m²,bostadsratt,2026-07-05T19:28:58.870214
6671609181355806376,"https://www.hemnet.se/salda/lagenhet-1rum-rasunda-solna-kommun-vasavagen-6,-van-2-6671609181355806376",24-25m²,bostadsratt,2026-07-05T19:28:58.870215
4653131637456375449,https://www.hemnet.se/salda/lagenhet-1rum-gardet-stockholms-kommun-tegeluddsvagen-30-4653131637456375449,24-25m²,bostadsratt,2026-07-05T19:28:58.870216
3825529410437421319,https://www.hemnet.se/salda/lagenhet-1rum-sodermalm-stockholms-kommun-slipgatan-14-3825529410437421319,24-25m²,bostadsratt,2026-07-05T19:28:58.870218
4285998847803206839,https://www.hemnet.se/salda/lagenhet-1rum-hagastaden-stockholms-kommun-valfrid-palmgrens-gata-1-4285998847803206839,24-25m²,bostadsratt,2026-07-05T19:28:58.870219
1913239994513619921,"https://www.hemnet.se/salda/lagenhet-1rum-farsta-stockholms-kommun-torsbygatan-34,-6-tr-1913239994513619921",24-25m²,bostadsratt,2026-07-05T19:28:58.870220
7373641516782546977,https://www.hemnet.se/salda/lagenhet-1rum-central-gavle-kommun-norra-skeppargatan-3c-7373641516782546977,24-25m²,bostadsratt,2026-07-05T19:28:58.870222
5072274614331856952,https://www.hemnet.se/salda/lagenhet-1rum-ostermalm-stockholms-kommun-nybrogatan-83a-5072274614331856952,24-25m²,bostadsratt,2026-07-05T19:28:58.870223
3139644939136238114,https://www.hemnet.se/salda/lagenhet-1rum-gardet-ostermalm-stockholms-kommun-rindogatan-14-3139644939136238114,24-25m²,bostadsratt,2026-07-05T19:28:58.870224
5008733397705843415,https://www.hemnet.se/salda/lagenhet-1rum-nedre-johanneberg-goteborgs-kommun-vidblicksgatan-9-5008733397705843415,24-25m²,bostadsratt,2026-07-05T19:28:58.870226
910683517124038508,https://www.hemnet.se/salda/lagenhet-1rum-centralt-vasteras-kommun-engelbrektsgatan-13-910683517124038508,24-25m²,bostadsratt,2026-07-05T19:28:58.870227
8068622001528437589,"https://www.hemnet.se/salda/lagenhet-1rum-sodermalm-stockholms-kommun-tjustgatan-2,-1,5-tr-8068622001528437589",24-25m²,bostadsratt,2026-07-05T19:28:58.870228
3109886980916970014,https://www.hemnet.se/salda/lagenhet-1rum-haga-sundsvalls-kommun-vastergatan-23a-3109886980916970014,24-25m²,bostadsratt,2026-07-05T19:28:58.870230
5413641337704014350,https://www.hemnet.se/salda/lagenhet-1rum-kungsholmen-stockholms-kommun-svarvargatan-10-5413641337704014350,24-25m²,bostadsratt,2026-07-05T19:28:58.870231
562131998970867893,https://www.hemnet.se/salda/lagenhet-1rum-norrby-boras-kommun-vastmannagatan-11-562131998970867893,24-25m²,bostadsratt,2026-07-05T19:28:58.870232
7718434906017954359,https://www.hemnet.se/salda/lagenhet-1rum-torsvik-lidingo-kommun-torsvikssvangen-52-7718434906017954359,24-25m²,bostadsratt,2026-07-05T19:28:58.870233
6007014886070290479,https://www.hemnet.se/salda/lagenhet-1rum-grondal-stockholms-kommun-ljusstoparbacken-7b-6007014886070290479,24-25m²,bostadsratt,2026-07-05T19:28:58.870235
6134974014064163547,https://www.hemnet.se/salda/lagenhet-1rum-mariekall-sodertalje-kommun-kolonigatan-2-6134974014064163547,24-25m²,bostadsratt,2026-07-05T19:28:58.870236
2196905632491928073,"https://www.hemnet.se/salda/lagenhet-1rum-kungsholmen-stockholms-kommun-sysslomansgatan-24,-van-8-2196905632491928073",24-25m²,bostadsratt,2026-07-05T19:28:58.870237
6561073901321997646,https://www.hemnet.se/salda/lagenhet-1rum-svartbacken-uppsala-kommun-svartbacksgatan-83a-6561073901321997646,24-25m²,bostadsratt,2026-07-05T19:28:58.870241
2753523341843464892,"https://www.hemnet.se/salda/lagenhet-1rum-enskede-stockholms-kommun-ostrandsvagen-70a,-accepterat-pris-2753523341843464892",24-25m²,bostadsratt,2026-07-05T19:28:58.870242
328743806938808945,https://www.hemnet.se/salda/lagenhet-1rum-birkastan-vasastan-stockholms-kommun-torsgatan-33-328743806938808945,24-25m²,bostadsratt,2026-07-05T19:28:58.870243
4205003049899460872,https://www.hemnet.se/salda/lagenhet-1rum-ostra-vi-gotlands-kommun-volontargatan-133-4205003049899460872,24-25m²,bostadsratt,2026-07-05T19:28:58.870245
9003422311425343259,"https://www.hemnet.se/salda/lagenhet-1rum-vasastan-sibirien-stockholms-kommun-roslagsgatan-29a,-1tr-9003422311425343259",24-25m²,bostadsratt,2026-07-05T19:28:58.870246
7750978696861920944,https://www.hemnet.se/salda/lagenhet-1rum-ostervarn-malmo-kommun-vargatan-3b-7750978696861920944,24-25m²,bostadsratt,2026-07-05T19:28:58.870247
2640450922554774296,https://www.hemnet.se/salda/lagenhet-2rum-centrala-hisingen-goteborgs-kommun-jagaregatan-16a-2640450922554774296,24-25m²,bostadsratt,2026-07-05T19:28:58.870254
7118046782844115282,https://www.hemnet.se/salda/lagenhet-1rum-ulvsunda-stockholms-kommun-granbacken-20-7118046782844115282,24-25m²,bostadsratt,2026-07-05T19:28:58.870256
5675407524206209472,https://www.hemnet.se/salda/lagenhet-1rum-saltsjobaden-rosunda-nacka-kommun-karl-gerhards-vag-23-5675407524206209472,24-25m²,bostadsratt,2026-07-05T19:28:58.870257
2071092341786584625,"https://www.hemnet.se/salda/lagenhet-1rum-vasastan-ostermalm-stockholms-kommun-valhallavagen-47,-5tr-2071092341786584625",24-25m²,bostadsratt,2026-07-05T19:28:58.870258
7353747817830451920,https://www.hemnet.se/salda/lagenhet-1rum-enskede-stureby-stockholms-kommun-kubikenborgsvagen-1c-7353747817830451920,24-25m²,bostadsratt,2026-07-05T19:28:58.870260
7153407869035452449,"https://www.hemnet.se/salda/lagenhet-1rum-sodermalm-maria-hogalid-stockholms-kommun-hogalidsgatan-29,-3-tr-7153407869035452449",24-25m²,bostadsratt,2026-07-05T19:28:58.870261
6622275975924257191,https://www.hemnet.se/salda/lagenhet-1rum-centrala-huddinge-huddinge-kommun-edsvagen-9-6622275975924257191,24-25m²,bostadsratt,2026-07-05T19:28:58.870262
1645138713083660668,https://www.hemnet.se/salda/lagenhet-1rum-gardet-stockholms-kommun-sandhamnsgatan-23-1645138713083660668,24-25m²,bostadsratt,2026-07-05T19:28:58.870264
1192282688756252030,https://www.hemnet.se/salda/lagenhet-1rum-gardet-stockholms-kommun-smedsbacksgatan-8-1192282688756252030,24-25m²,bostadsratt,2026-07-05T19:28:58.870265
3293862114296252988,https://www.hemnet.se/salda/lagenhet-1rum-centrum-tidaholms-kommun-dyckertsgatan-8-3293862114296252988,24-25m²,bostadsratt,2026-07-05T19:28:58.870266
1857632007797761415,https://www.hemnet.se/salda/lagenhet-1rum-haga-norra-solna-kommun-sylvangatan-9-1857632007797761415,24-25m²,bostadsratt,2026-07-05T19:28:58.870269
6063158673234690971,https://www.hemnet.se/salda/lagenhet-1rum-kungsholmen-fridhemsplan-stockholms-kommun-svarvargatan-10-6063158673234690971,24-25m²,bostadsratt,2026-07-05T19:28:58.870271
8448690544605119717,https://www.hemnet.se/salda/lagenhet-1rum-kungalv-centrum-kungalvs-kommun-strandgatan-70-8448690544605119717,24-25m²,bostadsratt,2026-07-05T19:28:58.870272
1695512560543712490,"https://www.hemnet.se/salda/lagenhet-1rum-sodermalm-stockholms-kommun-malmgardsvagen-10,-3-tr-1695512560543712490",24-25m²,bostadsratt,2026-07-05T19:28:58.870273
2528501509941674206,"https://www.hemnet.se/salda/lagenhet-1rum-haga-norra-solna-kommun-sylvangatan-5,-van-6-2528501509941674206",24-25m²,bostadsratt,2026-07-05T19:28:58.870275
585959843348744953,https://www.hemnet.se/salda/lagenhet-1rum-salabacke-uppsala-kommun-murargatan-14c-585959843348744953,24-25m²,bostadsratt,2026-07-05T19:28:58.870276
1742092306080264563,"https://www.hemnet.se/salda/lagenhet-1rum-pataker-vallentuna-kommun-patakervagen-34,-lgh-4-1742092306080264563",24-25m²,bostadsratt,2026-07-05T19:28:58.870278
2491081133566010875,https://www.hemnet.se/salda/lagenhet-1rum-jarva-solna-kommun-master-simons-vag-12-2491081133566010875,24-25m²,bostadsratt,2026-07-05T19:28:58.870279
8857319190412153372,"https://www.hemnet.se/salda/lagenhet-1rum-hagerneholm,-arninge-ullna-taby-kommun-hagerneholmsvagen-7a-1-tr-8857319190412153372",24-25m²,bostadsratt,2026-07-05T19:28:58.870280
9116446736192476141,https://www.hemnet.se/salda/lagenhet-1rum-rasunda-solna-kommun-sankt-ansgars-vag-10b-9116446736192476141,24-25m²,bostadsratt,2026-07-05T19:28:58.870282
9216458517134766462,https://www.hemnet.se/salda/lagenhet-1rum-sandarna-och-fixfabriken-goteborgs-kommun-walter-bengtssons-gata-22-9216458517134766462,24-25m²,bostadsratt,2026-07-05T19:28:58.870283
5982892275684328465,https://www.hemnet.se/salda/lagenhet-1rum-arsta-uppsala-kommun-fyrislundsgatan-46-5982892275684328465,24-25m²,bostadsratt,2026-07-05T19:28:58.870285
4488673534124220830,https://www.hemnet.se/salda/lagenhet-1rum-sodermalm-stockholms-kommun-brannkyrkagatan-92a-4488673534124220830,24-25m²,bostadsratt,2026-07-05T19:28:58.870286
4295675402398396986,https://www.hemnet.se/salda/lagenhet-1rum-rasunda-solna-kommun-rasundavagen-133a-4295675402398396986,24-25m²,bostadsratt,2026-07-05T19:28:58.870287
4565932223796490296,https://www.hemnet.se/salda/lagenhet-1rum-vastra-kattarp-malmo-kommun-poppelgatan-18b-4565932223796490296,24-25m²,bostadsratt,2026-07-05T19:28:58.870289
6625654434329666616,"https://www.hemnet.se/salda/lagenhet-1rum-nedre-gardet-ostermalm-stockholms-kommun-sandelsgatan-14,-1tr-6625654434329666616",24-25m²,bostadsratt,2026-07-05T19:28:58.870292
68359935402742891,https://www.hemnet.se/salda/lagenhet-1rum-vasastan-roda-bergen-stockholms-kommun-rodabergsbrinken-7-68359935402742891,24-25m²,bostadsratt,2026-07-05T19:28:58.870295
9162251328485954037,https://www.hemnet.se/salda/lagenhet-1rum-salabacke-uppsala-kommun-murargatan-14c-9162251328485954037,24-25m²,bostadsratt,2026-07-05T19:28:58.870296
5411680577012588634,https://www.hemnet.se/salda/lagenhet-1rum-ostermalm-stockholms-kommun-banergatan-25a-5411680577012588634,24-25m²,bostadsratt,2026-07-05T19:28:58.870297
3896022596262068203,"https://www.hemnet.se/salda/lagenhet-1rum-luossavaara-kiruna-kommun-dubengatan-29-b-van,2-3896022596262068203",24-25m²,bostadsratt,2026-07-05T19:28:58.870299
195452170610297892,https://www.hemnet.se/salda/lagenhet-1rum-centrala-vasby-upplands-vasby-kommun-optimusvagen-3b-195452170610297892,24-25m²,bostadsratt,2026-07-05T19:28:58.870300
3088874187918737206,https://www.hemnet.se/salda/lagenhet-1rum-gustavsberg-varmdo-kommun-skogsbovagen-22-3088874187918737206,24-25m²,bostadsratt,2026-07-05T19:28:58.870301
9172347353977812260,https://www.hemnet.se/salda/lagenhet-1rum-vasastan-birkastan-stockholms-kommun-norrbackagatan-14-9172347353977812260,24-25m²,bostadsratt,2026-07-05T19:28:58.870303
1309510429797940855,"https://www.hemnet.se/salda/lagenhet-1rum-hagersten-midsommarkransen-stockholms-kommun-svandammsvagen-23,-2-tr-1309510429797940855",24-25m²,bostadsratt,2026-07-05T19:28:58.870304
7579913263180419677,"https://www.hemnet.se/salda/lagenhet-1rum-tappet-kristianstads-kommun-kantarellvagen,-lgh-219000-7579913263180419677",24-25m²,bostadsratt,2026-07-05T19:28:58.870306
5796318442219013412,https://www.hemnet.se/salda/lagenhet-1rum-centralt-norr-orebro-kommun-hjortstorpsvagen-13a-5796318442219013412,24-25m²,bostadsratt,2026-07-05T19:28:58.870307
3246088594631783521,https://www.hemnet.se/salda/lagenhet-1rum-vastertorp-stockholms-kommun-skridskovagen-9a-3246088594631783521,24-25m²,bostadsratt,2026-07-05T19:28:58.870308
1649778952503006412,"https://www.hemnet.se/salda/lagenhet-1rum-sodermalm-hornstull-stockholms-kommun-hogalidsgatan-29,-van-3-av-3-1649778952503006412",24-25m²,bostadsratt,2026-07-05T19:28:58.870310
4909158921023654773,https://www.hemnet.se/salda/lagenhet-1rum-centralt-ornskoldsviks-kommun-angermanlandsgatan-18-4909158921023654773,24-25m²,bostadsratt,2026-07-05T19:28:58.870311
856499293154668577,"https://www.hemnet.se/salda/lagenhet-1rum-vasastan-norrmalm-stockholms-kommun-tegnergatan-55c,-4-tr-856499293154668577",24-25m²,bostadsratt,2026-07-05T19:28:58.870313
3041269903649624185,https://www.hemnet.se/salda/lagenhet-1rum-centrala-ostersund-ostersunds-kommun-residensgrand-32a-3041269903649624185,24-25m²,bostadsratt,2026-07-05T19:28:58.870314
316763852450775329,https://www.hemnet.se/salda/lagenhet-1rum-kortedala-goteborgs-kommun-forstamajgatan-22-316763852450775329,24-25m²,bostadsratt,2026-07-05T19:28:58.870315
7118597518783724584,https://www.hemnet.se/salda/lagenhet-1rum-nynashamn-nynashamns-kommun-sigyns-vag-12a-7118597518783724584,24-25m²,bostadsratt,2026-07-05T19:28:58.870317
8905165158203418917,https://www.hemnet.se/salda/lagenhet-2rum-huddinge-huddinge-kommun-temperavagen-7c-8905165158203418917,24-25m²,bostadsratt,2026-07-05T19:28:58.870319
8718575098387588768,https://www.hemnet.se/salda/lagenhet-1rum-enogla-enkopings-kommun-enoglavagen-20b-8718575098387588768,24-25m²,bostadsratt,2026-07-05T19:28:58.870320
2538765015874765369,https://www.hemnet.se/salda/lagenhet-1rum-kungsholmen-kungsklippan-stockholms-kommun-kungsklippan-11-2538765015874765369,24-25m²,bostadsratt,2026-07-05T19:28:58.870321
6901686136091525621,https://www.hemnet.se/salda/lagenhet-1rum-hammarbyhojden-stockholms-kommun-ulricehamnsvagen-4-6901686136091525621,24-25m²,bostadsratt,2026-07-05T19:28:58.870323
7923303735940579682,https://www.hemnet.se/salda/lagenhet-1rum-telefonplan-hagersten-stockholms-kommun-boktryckarvagen-7-7923303735940579682,24-25m²,bostadsratt,2026-07-05T19:28:58.870324
2169104777944330387,https://www.hemnet.se/salda/lagenhet-1rum-gideonsberg-vasteras-kommun-blomstergatan-10-2169104777944330387,24-25m²,bostadsratt,2026-07-05T19:28:58.870325
6047640350237834547,https://www.hemnet.se/salda/lagenhet-1rum-sodermalm-stockholms-kommun-moregatan-7-6047640350237834547,24-25m²,bostadsratt,2026-07-05T19:28:58.870327
8879315363126608051,"https://www.hemnet.se/salda/lagenhet-1rum-hokarangen-stockholms-kommun-russinvagen-7,-2-tr-8879315363126608051",24-25m²,bostadsratt,2026-07-05T19:28:58.870328
2704801257621603504,https://www.hemnet.se/salda/lagenhet-1rum-rasunda-solna-kommun-klovervagen-5-2704801257621603504,24-25m²,bostadsratt,2026-07-05T19:28:58.870331
4675547468684506672,https://www.hemnet.se/salda/lagenhet-1rum-falhagen-uppsala-kommun-petterslundsgatan-14e-4675547468684506672,24-25m²,bostadsratt,2026-07-05T19:28:58.870332
7374355910273028397,"https://www.hemnet.se/salda/lagenhet-1rum-flemingsberg-huddinge-kommun-terapivagen-14d,-accepterat-pris-7374355910273028397",24-25m²,bostadsratt,2026-07-05T19:28:58.870334
4588473952849226913,https://www.hemnet.se/salda/lagenhet-1rum-johanneberg-goteborgs-kommun-gibraltargatan-21c-4588473952849226913,24-25m²,bostadsratt,2026-07-05T19:28:58.870335
7920469717211025307,https://www.hemnet.se/salda/lagenhet-2rum-trangsund-huddinge-kommun-bondevagen-12b-7920469717211025307,24-25m²,bostadsratt,2026-07-05T19:28:58.870336
7399235865717588138,https://www.hemnet.se/salda/lagenhet-1rum-hejdegarden-linkopings-kommun-nattstuvugatan-15-7399235865717588138,24-25m²,bostadsratt,2026-07-05T19:28:58.870338
175657987456015711,https://www.hemnet.se/salda/lagenhet-1rum-gustavsberg-porslinskvarteren-varmdo-kommun-stig-lindbergs-gata-17a-175657987456015711,24-25m²,bostadsratt,2026-07-05T19:28:58.870341
7369170546872741536,"https://www.hemnet.se/salda/lagenhet-1rum-sodermalm-stockholms-kommun-folkskolegatan-6,-3tr-7369170546872741536",24-25m²,bostadsratt,2026-07-05T19:28:58.870343
5823665921902611575,https://www.hemnet.se/salda/lagenhet-1rum-solna-solna-kommun-enkopingsvagen-19c-5823665921902611575,24-25m²,bostadsratt,2026-07-05T19:28:58.870344
4290012814667360645,https://www.hemnet.se/salda/lagenhet-1rum-brynas-gavle-kommun-sjatte-tvargatan-39-4290012814667360645,24-25m²,bostadsratt,2026-07-05T19:28:58.870345
6066748727824746176,https://www.hemnet.se/salda/lagenhet-1rum-ostermalm-gardet-stockholms-kommun-furusundsgatan-2-6066748727824746176,24-25m²,bostadsratt,2026-07-05T19:28:58.870347
1080171190444471311,https://www.hemnet.se/salda/lagenhet-1rum-haga-norra-solna-kommun-sylvangatan-5-1080171190444471311,24-25m²,bostadsratt,2026-07-05T19:28:58.870348
5115221104866377420,https://www.hemnet.se/salda/lagenhet-1rum-framre-luthagen-uppsala-kommun-sysslomansgatan-7-5115221104866377420,24-25m²,bostadsratt,2026-07-05T19:28:58.870349
1334308309324693465,https://www.hemnet.se/salda/lagenhet-1rum-rasunda-solna-kommun-rosstigen-7-1334308309324693465,24-25m²,bostadsratt,2026-07-05T19:28:58.870351
4674575304041702930,"https://www.hemnet.se/salda/lagenhet-1rum-sodermalm-stockholms-kommun-krukmakargatan-65,-1-tr-accepterat-pris-4674575304041702930",24-25m²,bostadsratt,2026-07-05T19:28:58.870352
4665150522672900345,https://www.hemnet.se/salda/lagenhet-1rum-garda-goteborgs-kommun-vadursgatan-1-4665150522672900345,24-25m²,bostadsratt,2026-07-05T19:28:58.870353
8410082642311094736,"https://www.hemnet.se/salda/lagenhet-1rum-gardet-ostermalm-stockholms-kommun-rindogatan-14,-4tr-8410082642311094736",24-25m²,bostadsratt,2026-07-05T19:28:58.870355
4972687176870213378,https://www.hemnet.se/salda/lagenhet-1rum-kortedala-goteborgs-kommun-fastlagsgatan-3-4972687176870213378,24-25m²,bostadsratt,2026-07-05T19:28:58.870356
7770104680313445962,https://www.hemnet.se/salda/lagenhet-1rum-midsommarkransen-stockholms-kommun-vattenledningsvagen-39-7770104680313445962,24-25m²,bostadsratt,2026-07-05T19:28:58.870357
4855377324014841936,"https://www.hemnet.se/salda/lagenhet-1rum-vasastan-stockholms-kommun-tegnergatan-55-c,-3-tr-4855377324014841936",24-25m²,bostadsratt,2026-07-05T19:28:58.870359
1903715551672882502,https://www.hemnet.se/salda/lagenhet-1rum-gardet-ostermalm-stockholms-kommun-sandhamnsgatan-23-1903715551672882502,24-25m²,bostadsratt,2026-07-05T19:28:58.870360
7208248555961574864,https://www.hemnet.se/salda/lagenhet-1rum-vasjon-sollentuna-kommun-vasjovagen-6c-7208248555961574864,24-25m²,bostadsratt,2026-07-05T19:28:58.870361
6049460883932084769,https://www.hemnet.se/salda/lagenhet-1rum-ostermalm-stockholms-kommun-linnegatan-90-6049460883932084769,24-25m²,bostadsratt,2026-07-05T19:28:58.870364
7303389254574973151,https://www.hemnet.se/salda/lagenhet-1rum-handen-haninge-kommun-midgardsvagen-26-7303389254574973151,24-25m²,bostadsratt,2026-07-05T19:28:58.870366
6036831800069522977,https://www.hemnet.se/salda/lagenhet-1rum-sodermalm-hornstull-stockholms-kommun-slipgatan-5-6036831800069522977,24-25m²,bostadsratt,2026-07-05T19:28:58.870367
560623641590307221,https://www.hemnet.se/salda/lagenhet-1rum-vaster-lunds-kommun-trastvagen-9-560623641590307221,24-25m²,bostadsratt,2026-07-05T19:28:58.870370
2856297939678759305,https://www.hemnet.se/salda/lagenhet-1rum-grimsta-stockholms-kommun-grimstagatan-36a-2856297939678759305,24-25m²,bostadsratt,2026-07-05T19:28:58.870371
965447796758049315,"https://www.hemnet.se/salda/lagenhet-1rum-vasastan-stockholms-kommun-tulegatan-27,-2-tr,-965447796758049315",24-25m²,bostadsratt,2026-07-05T19:28:58.870373
151422244799507572,https://www.hemnet.se/salda/lagenhet-1rum-hagersten-stockholms-kommun-backvagen-120-151422244799507572,24-25m²,bostadsratt,2026-07-05T19:28:58.870374
6175986325553722238,https://www.hemnet.se/salda/lagenhet-1rum-vallastaden-linkopings-kommun-nanna-svartz-gata-9-6175986325553722238,24-25m²,bostadsratt,2026-07-05T19:28:58.870375
1644660904241078889,https://www.hemnet.se/salda/lagenhet-1rum-salabacke-uppsala-kommun-murargatan-14-e-1644660904241078889,24-25m²,bostadsratt,2026-07-05T19:28:58.870377
8044139206167564619,"https://www.hemnet.se/salda/lagenhet-1rum-kungsholmen-stockholms-kommun-fleminggatan-58,-2tr-8044139206167564619",24-25m²,bostadsratt,2026-07-05T19:28:58.870378
2152400044397377329,"https://www.hemnet.se/salda/lagenhet-1rum-gardet-ostermalm-stockholms-kommun-vartavagen-59,-2tr-2152400044397377329",24-25m²,bostadsratt,2026-07-05T19:28:58.870379
4404011697477738003,"https://www.hemnet.se/salda/lagenhet-1rum-gardet-ostermalm-stockholms-kommun-vartavagen-59,-2-tr-4404011697477738003",24-25m²,bostadsratt,2026-07-05T19:28:58.870381
6612111818482402964,https://www.hemnet.se/salda/lagenhet-1rum-sickla-nacka-kommun-atlasvagen-37-6612111818482402964,24-25m²,bostadsratt,2026-07-05T19:28:58.870382
3010611545415469783,https://www.hemnet.se/salda/lagenhet-1rum-sofiaparken-lunds-kommun-sofiavagen-5e-3010611545415469783,24-25m²,bostadsratt,2026-07-05T19:28:58.870383
1309470413537844044,https://www.hemnet.se/salda/lagenhet-1rum-ribersborg-malmo-kommun-tessins-vag-19b-1309470413537844044,24-25m²,bostadsratt,2026-07-05T19:28:58.870384
5386091439904045477,https://www.hemnet.se/salda/lagenhet-1rum-slottsstaden-malmo-kommun-mariedalsvagen-49a-5386091439904045477,24-25m²,bostadsratt,2026-07-05T19:28:58.870386
4083349809270938724,https://www.hemnet.se/salda/lagenhet-1rum-centrum-lunds-kommun-sodra-esplanaden-13c-4083349809270938724,24-25m²,bostadsratt,2026-07-05T19:28:58.870389
6965817488427711627,https://www.hemnet.se/salda/lagenhet-1rum-sodermalm-maria-hogalid-stockholms-kommun-langholmsgatan-11b-gardshus-6965817488427711627,24-25m²,bostadsratt,2026-07-05T19:28:58.870390
3987276095568904809,"https://www.hemnet.se/salda/lagenhet-1rum-sodermalm-mariaberget-stockholms-kommun-tavastgatan-16,-3-tr-3987276095568904809",24-25m²,bostadsratt,2026-07-05T19:28:58.870392
6114693862759815848,https://www.hemnet.se/salda/lagenhet-1rum-karrdal-sollentuna-kommun-lomvagen-30-6114693862759815848,24-25m²,bostadsratt,2026-07-05T19:28:58.870393
540680077677814751,https://www.hemnet.se/salda/lagenhet-1rum-sickla-strand-nacka-kommun-sickla-strand-53-540680077677814751,24-25m²,bostadsratt,2026-07-05T19:28:58.870394
2783068539289465769,"https://www.hemnet.se/salda/lagenhet-1rum-hagerstensasen-stockholms-kommun-arvodesvagen-23,-van-2-2783068539289465769",24-25m²,bostadsratt,2026-07-05T19:28:58.870396
4827961788992173223,https://www.hemnet.se/salda/lagenhet-1rum-framre-luthagen-uppsala-kommun-sturegatan-1-4827961788992173223,24-25m²,bostadsratt,2026-07-05T19:28:58.870397
6065192340679028743,https://www.hemnet.se/salda/lagenhet-1rum-stora-essingen-stockholms-kommun-essingetorget-37-6065192340679028743,24-25m²,bostadsratt,2026-07-05T19:28:58.870398
5100751579595222516,"https://www.hemnet.se/salda/lagenhet-1,5rum-pildammarna-kronborg-malmo-kommun-eriksrogatan-5-5100751579595222516",24-25m²,bostadsratt,2026-07-05T19:28:58.870400
6959594469647448560,https://www.hemnet.se/salda/lagenhet-1rum-sodermalm-kristinehamns-kommun-sodra-ringvagen-63-6959594469647448560,24-25m²,bostadsratt,2026-07-05T19:28:58.870401
5172852848831402911,"https://www.hemnet.se/salda/lagenhet-1rum-kungsholmen-stockholms-kommun-fleminggatan-58,-3tr-5172852848831402911",24-25m²,bostadsratt,2026-07-05T19:28:58.870402
3759071840940521908,https://www.hemnet.se/salda/lagenhet-1rum-centrala-sundbyberg-sundbybergs-kommun-kyrkogatan-2-3759071840940521908,24-25m²,bostadsratt,2026-07-05T19:28:58.870404
9174059515589899034,https://www.hemnet.se/salda/lagenhet-1rum-arsta-stockholms-kommun-arstavagen-79-9174059515589899034,24-25m²,bostadsratt,2026-07-05T19:28:58.870405
6511589540895202364,https://www.hemnet.se/salda/lagenhet-1rum-dammfri-malmo-kommun-pilakersvagen-5b-6511589540895202364,24-25m²,bostadsratt,2026-07-05T19:28:58.870408
5834551854982885719,https://www.hemnet.se/salda/lagenhet-1rum-sodermalm-stockholms-kommun-kocksgatan-52-5834551854982885719,24-25m²,bostadsratt,2026-07-05T19:28:58.870410
1356830608428745014,"https://www.hemnet.se/salda/lagenhet-1rum-sodermalm-mariatorget-stockholms-kommun-maria-prastgardsgata-4,-3-tr-1356830608428745014",24-25m²,bostadsratt,2026-07-05T19:28:58.870411
3810039183638153134,"https://www.hemnet.se/salda/lagenhet-1rum-grondal-stockholms-kommun-grondalsvagen-120,-van-5-3810039183638153134",24-25m²,bostadsratt,2026-07-05T19:28:58.870412
4864538255535520656,https://www.hemnet.se/salda/lagenhet-1rum-orgryte-jakobsdal-goteborgs-kommun-karlfeldtsgatan-10-4864538255535520656,24-25m²,bostadsratt,2026-07-05T19:28:58.870414
4782447911533418673,https://www.hemnet.se/salda/lagenhet-1rum-bergshamra-solna-kommun-lostigen-2-4782447911533418673,24-25m²,bostadsratt,2026-07-05T19:28:58.870415
1954430945388803954,https://www.hemnet.se/salda/lagenhet-1rum-gardet-stockholms-kommun-sandhamnsgatan-23-1954430945388803954,24-25m²,bostadsratt,2026-07-05T19:28:58.870416
1052736293502739653,https://www.hemnet.se/salda/lagenhet-1rum-korsta-sundsvalls-kommun-klippgatan-16-1052736293502739653,24-25m²,bostadsratt,2026-07-05T19:28:58.870418
7002231301356432060,https://www.hemnet.se/salda/lagenhet-1rum-midsommarkransen-stockholms-kommun-vattenledningsvagen-53-7002231301356432060,24-25m²,bostadsratt,2026-07-05T19:28:58.870419
6923907004132900998,https://www.hemnet.se/salda/lagenhet-1rum-sodermalm-stockholms-kommun-heleneborgsgatan-9c-6923907004132900998,24-25m²,bostadsratt,2026-07-05T19:28:58.870420
663201764316831518,https://www.hemnet.se/salda/lagenhet-1rum-malmen-kristinehamns-kommun-sodra-ringvagen-61a-663201764316831518,24-25m²,bostadsratt,2026-07-05T19:28:58.870422
6542628178445853148,https://www.hemnet.se/salda/lagenhet-1rum-nedre-johanneberg-goteborgs-kommun-gibraltargatan-28-6542628178445853148,24-25m²,bostadsratt,2026-07-05T19:28:58.870423
1626156728380939046,https://www.hemnet.se/salda/lagenhet-1rum-ostermalm-stockholms-kommun-nybrogatan-72-3-tr-1626156728380939046,24-25m²,bostadsratt,2026-07-05T19:28:58.870424
935824367051820194,https://www.hemnet.se/salda/lagenhet-1rum-lunden-goteborgs-kommun-ulfsparregatan-22-935824367051820194,24-25m²,bostadsratt,2026-07-05T19:28:58.870426
6705922664526521891,"https://www.hemnet.se/salda/lagenhet-1,5rum-ostermalm-stockholms-kommun-grevgatan-40-6705922664526521891",24-25m²,bostadsratt,2026-07-05T19:28:58.870427
228501413787262364,"https://www.hemnet.se/salda/lagenhet-1rum-kungsholmen-fridhemsplan-stockholms-kommun-alstromergatan-51,-2tr-228501413787262364",24-25m²,bostadsratt,2026-07-05T19:28:58.870428
5541855062518001246,https://www.hemnet.se/salda/lagenhet-1rum-vasastan-birkastan-stockholms-kommun-drejargatan-4-5541855062518001246,24-25m²,bostadsratt,2026-07-05T19:28:58.870430
2680910297521162147,"https://www.hemnet.se/salda/lagenhet-1rum-norra-lannersta,-nacka,-saltsjo-boo-nacka-kommun-fagelstigen-2680910297521162147",24-25m²,bostadsratt,2026-07-05T19:28:58.870431
7083659773397463533,https://www.hemnet.se/salda/lagenhet-1rum-sala-backe-uppsala-kommun-verkmastargatan-1b-7083659773397463533,24-25m²,bostadsratt,2026-07-05T19:28:58.870432
438690618646730365,https://www.hemnet.se/salda/lagenhet-1rum-soder-gavle-kommun-sodra-kungsgatan-18-b-438690618646730365,24-25m²,bostadsratt,2026-07-05T19:28:58.870436
3774439948792021941,https://www.hemnet.se/salda/lagenhet-1rum-kungsholmen-stockholms-kommun-norr-malarstrand-90-3774439948792021941,24-25m²,bostadsratt,2026-07-05T19:28:58.870437
8877937108717812731,https://www.hemnet.se/salda/lagenhet-1rum-kungsholmen-stockholms-kommun-kungsklippan-11-8877937108717812731,24-25m²,bostadsratt,2026-07-05T19:28:58.870438
5438220784713273140,https://www.hemnet.se/salda/lagenhet-1rum-sodermalm-stockholms-kommun-hogbergsgatan-22-5438220784713273140,24-25m²,bostadsratt,2026-07-05T19:28:58.870439
5000826968060757173,https://www.hemnet.se/salda/lagenhet-1rum-fagelbo-nykopings-kommun-fagelbovagen-11b-5000826968060757173,24-25m²,bostadsratt,2026-07-05T19:28:58.870441
7973497652442982248,https://www.hemnet.se/salda/lagenhet-1rum-gideonsberg-vasteras-kommun-blomstergatan-8-7973497652442982248,24-25m²,bostadsratt,2026-07-05T19:28:58.870442
1623446416819120834,https://www.hemnet.se/salda/lagenhet-1rum-haga-norra-solna-kommun-sylvangatan-5-1623446416819120834,24-25m²,bostadsratt,2026-07-05T19:28:58.870445
2753484577257825061,https://www.hemnet.se/salda/lagenhet-1rum-or-sundbybergs-kommun-logdansvagen-40-2753484577257825061,24-25m²,bostadsratt,2026-07-05T19:28:58.870446
3515688482313165068,https://www.hemnet.se/salda/lagenhet-1rum-vaster-lunds-kommun-slojdgatan-12-3515688482313165068,24-25m²,bostadsratt,2026-07-05T19:28:58.870448
8644703545531971558,https://www.hemnet.se/salda/lagenhet-1rum-norrkoping-norrkopings-kommun-enebygatan-8b-8644703545531971558,24-25m²,bostadsratt,2026-07-05T19:28:58.870449
404860015874941243,"https://www.hemnet.se/salda/lagenhet-1rum-gardet-ostermalm-stockholms-kommun-furusundsgatan-15,-4-tr-404860015874941243",24-25m²,bostadsratt,2026-07-05T19:28:58.870450
4010181469499656606,https://www.hemnet.se/salda/lagenhet-1rum-hornstull-stockholms-kommun-tobaksspinnargatan-6-4010181469499656606,24-25m²,bostadsratt,2026-07-05T19:28:58.870451
5822769626753736816,https://www.hemnet.se/salda/lagenhet-1rum-falhagen-uppsala-kommun-vaderkvarnsgatan-32b-5822769626753736816,24-25m²,bostadsratt,2026-07-05T19:28:58.870453
3632446763623427937,"https://www.hemnet.se/salda/lagenhet-1rum-sodermalm-hornstull-stockholms-kommun-heleneborgsgatan-9c-o,g,-4-tr-3632446763623427937",24-25m²,bostadsratt,2026-07-05T19:28:58.870454
4145200505160776418,"https://www.hemnet.se/salda/lagenhet-1rum-handen-haninge-kommun-bragevagen-13,-2tr-4145200505160776418",24-25m²,bostadsratt,2026-07-05T19:28:58.870456
5039276680739100447,"https://www.hemnet.se/salda/lagenhet-1,5rum-sollentuna-vasjon-sollentuna-kommun-sodersatravagen-32a-5039276680739100447",24-25m²,bostadsratt,2026-07-05T19:28:58.870459
6732571368775627918,https://www.hemnet.se/salda/lagenhet-1rum-aspudden-stockholms-kommun-hagerstensvagen-211-6732571368775627918,24-25m²,bostadsratt,2026-07-05T19:28:58.870460
1536818732270969145,https://www.hemnet.se/salda/lagenhet-1rum-flemingsberg-huddinge-kommun-terapivagen-18d-1536818732270969145,24-25m²,bostadsratt,2026-07-05T19:28:58.870461
247120367888952863,"https://www.hemnet.se/salda/lagenhet-1rum-gardet-ostermalm-stockholms-kommun-vartavagen-59,-6tr-247120367888952863",24-25m²,bostadsratt,2026-07-05T19:28:58.870463
409464386259568192,"https://www.hemnet.se/salda/lagenhet-1rum-rasunda-solna-kommun-gustafsvagen-12,-3-tr-409464386259568192",24-25m²,bostadsratt,2026-07-05T19:28:58.870464
8732822110989976362,https://www.hemnet.se/salda/lagenhet-1rum-funasfjallen-harjedalens-kommun-vallarstigen-3c-8732822110989976362,24-25m²,bostadsratt,2026-07-05T19:28:58.870465
2924002931932324101,"https://www.hemnet.se/salda/lagenhet-1rum-vallingby-centrum-stockholms-kommun-jamtlandsgatan-74,-van-3-2924002931932324101",24-25m²,bostadsratt,2026-07-05T19:28:58.870467
5384623090312488301,https://www.hemnet.se/salda/lagenhet-1rum-luthagen-uppsala-kommun-tegnergatan-40c-5384623090312488301,24-25m²,bostadsratt,2026-07-05T19:28:58.870468
5354580627869133652,https://www.hemnet.se/salda/lagenhet-1rum-centrala-vasby-upplands-vasby-kommun-centralvagen-8b-5354580627869133652,24-25m²,bostadsratt,2026-07-05T19:28:58.870469
7296513059752826534,https://www.hemnet.se/salda/lagenhet-1rum-kungsholmen-norr-malarstrand-stockholms-kommun-karlsviksgatan-1-7296513059752826534,24-25m²,bostadsratt,2026-07-05T19:28:58.870471
3680440562648561745,https://www.hemnet.se/salda/lagenhet-1rum-johanneberg-goteborgs-kommun-gibraltargatan-21a-3680440562648561745,24-25m²,bostadsratt,2026-07-05T19:28:58.870472
5885203800626431606,https://www.hemnet.se/salda/lagenhet-1rum-kungsholmen-stora-essingen-stockholms-kommun-badstrandsvagen-31-5885203800626431606,24-25m²,bostadsratt,2026-07-05T19:28:58.870473
7783456332905650724,https://www.hemnet.se/salda/lagenhet-1rum-trollbacken-tyreso-kommun-kumla-alle-14-7783456332905650724,24-25m²,bostadsratt,2026-07-05T19:28:58.870475
4548293237335905402,https://www.hemnet.se/salda/lagenhet-1rum-nol-ale-kommun-storegardsvagen-8-4548293237335905402,24-25m²,bostadsratt,2026-07-05T19:28:58.870476
1164763514682594738,https://www.hemnet.se/salda/lagenhet-1rum-falhagen-uppsala-kommun-petterslundsgatan-14e-1164763514682594738,24-25m²,bostadsratt,2026-07-05T19:28:58.870477
1089466598904859626,https://www.hemnet.se/salda/lagenhet-2rum-arsta-stockholms-kommun-arstavagen-127a-1089466598904859626,24-25m²,bostadsratt,2026-07-05T19:28:58.870478
3380662411133448585,https://www.hemnet.se/salda/lagenhet-1rum-sundsvall-sundsvalls-kommun-harmonigatan-40-3380662411133448585,24-25m²,bostadsratt,2026-07-05T19:28:58.870480
7843843014679255325,"https://www.hemnet.se/salda/lagenhet-1rum-ostermalm-gardet-stockholms-kommun-osthammarsgatan-75,-1tr-7843843014679255325",24-25m²,bostadsratt,2026-07-05T19:28:58.870484
5553514383370928896,"https://www.hemnet.se/salda/lagenhet-1rum-vasastan-roda-bergen-stockholms-kommun-falugatan-16,-3tr-5553514383370928896",24-25m²,bostadsratt,2026-07-05T19:28:58.870486
4979664297924784605,https://www.hemnet.se/salda/lagenhet-1rum-kungsholmen-stockholms-kommun-industrigatan-16-4979664297924784605,24-25m²,bostadsratt,2026-07-05T19:28:58.870487
6761072559982135480,https://www.hemnet.se/salda/lagenhet-1rum-ellstorp-malmo-kommun-ellstorpsgatan-2c-6761072559982135480,24-25m²,bostadsratt,2026-07-05T19:28:58.870488
1007714838782054020,https://www.hemnet.se/salda/lagenhet-1rum-hornstull-hogalid-stockholms-kommun-hogalidsgatan-29-1007714838782054020,24-25m²,bostadsratt,2026-07-05T19:28:58.870490
1275070141709158530,https://www.hemnet.se/salda/lagenhet-1rum-kortedala-goteborgs-kommun-lovmanadsgatan-2-1275070141709158530,24-25m²,bostadsratt,2026-07-05T19:28:58.870491
6725161657724387631,https://www.hemnet.se/salda/lagenhet-1rum-kungsholmen-stockholms-kommun-kungsholmsgatan-9-6725161657724387631,24-25m²,bostadsratt,2026-07-05T19:28:58.870492
2693297562636721571,"https://www.hemnet.se/salda/lagenhet-1rum-lindholmen,-goteborg-goteborgs-kommun-lodjursstraket-1-2693297562636721571",24-25m²,bostadsratt,2026-07-05T19:28:58.870494
4149221962033865936,"https://www.hemnet.se/salda/lagenhet-1rum-nedre-gardet-ostermalm-stockholms-kommun-erik-dahlbergsgatan-52,-2-tr-4149221962033865936",24-25m²,bostadsratt,2026-07-05T19:28:58.870495
2964722873591839636,https://www.hemnet.se/salda/lagenhet-1rum-bremerlyckan-kalmar-kommun-frejagatan-3d-2964722873591839636,24-25m²,bostadsratt,2026-07-05T19:28:58.870496
2216245078538209546,https://www.hemnet.se/salda/lagenhet-1rum-liljeholmen-jonkopings-kommun-mellangatan-49b-2216245078538209546,24-25m²,bostadsratt,2026-07-05T19:28:58.870498
6051120839036465583,https://www.hemnet.se/salda/lagenhet-1rum-gullmarsplan-stockholms-kommun-gullmarsvagen-8-6051120839036465583,24-25m²,bostadsratt,2026-07-05T19:28:58.870499
7146957926502039590,https://www.hemnet.se/salda/lagenhet-1rum-arsta-uppsala-kommun-fyrislundsgatan-50-7146957926502039590,24-25m²,bostadsratt,2026-07-05T19:28:58.870500
8008544212643766390,"https://www.hemnet.se/salda/lagenhet-1rum-sodermalm-katarina-stockholms-kommun-bjurholmsplan-23,-van-5-8008544212643766390",24-25m²,bostadsratt,2026-07-05T19:28:58.870502
8450356668333286613,https://www.hemnet.se/salda/lagenhet-1rum-solberga-stockholms-kommun-kristallvagen-9-8450356668333286613,24-25m²,bostadsratt,2026-07-05T19:28:58.870503
2053000837547314748,https://www.hemnet.se/salda/lagenhet-1rum-grossgardet-norrtalje-kommun-esplanaden-15-2053000837547314748,24-25m²,bostadsratt,2026-07-05T19:28:58.870504
7324849811448649957,"https://www.hemnet.se/salda/lagenhet-1rum-vasastan-stockholms-kommun-norrtullsgatan-24,-4tr-7324849811448649957",24-25m²,bostadsratt,2026-07-05T19:28:58.870505
1608287977610247230,https://www.hemnet.se/salda/lagenhet-1rum-falhagen-uppsala-kommun-petterslundsgatan-14e-1608287977610247230,24-25m²,bostadsratt,2026-07-05T19:28:58.870507
2638053440728776550,https://www.hemnet.se/salda/lagenhet-1rum-kungsholmen-radhuset-stockholms-kommun-kungsklippan-11-2638053440728776550,24-25m²,bostadsratt,2026-07-05T19:28:58.870508
3283364180578989184,https://www.hemnet.se/salda/lagenhet-1rum-biskopsgarden-goteborgs-kommun-regnvadersgatan-26-3283364180578989184,24-25m²,bostadsratt,2026-07-05T19:28:58.870509
3679051604027551738,https://www.hemnet.se/salda/lagenhet-1rum-centrala-sundbyberg-sundbybergs-kommun-rastensgatan-11-3679051604027551738,24-25m²,bostadsratt,2026-07-05T19:28:58.870511
4326969976358165278,https://www.hemnet.se/salda/lagenhet-2rum-ostermalm-stockholms-kommun-storgatan-32-4326969976358165278,24-25m²,bostadsratt,2026-07-05T19:28:58.870512
1096348217793439769,https://www.hemnet.se/salda/lagenhet-1rum-hjorthagen-stockholms-kommun-ahlsellvagen-6-1096348217793439769,24-25m²,bostadsratt,2026-07-05T19:28:58.870513
7655165372717776401,https://www.hemnet.se/salda/lagenhet-1rum-molndal-bosgarden-molndals-kommun-piltegatan-5-a-7655165372717776401,24-25m²,bostadsratt,2026-07-05T19:28:58.870514
8331747345521540939,https://www.hemnet.se/salda/lagenhet-1rum-kungsholmen-nedre-kungsholmen-stockholms-kommun-john-ericssonsgatan-16-8331747345521540939,24-25m²,bostadsratt,2026-07-05T19:28:58.870516
6995876919087171716,https://www.hemnet.se/salda/lagenhet-1rum-vaster-lunds-kommun-trastvagen-9-6995876919087171716,24-25m²,bostadsratt,2026-07-05T19:28:58.870519
628595885352963264,https://www.hemnet.se/salda/lagenhet-1rum-bromma-alsten-stockholms-kommun-vesslevagen-40-628595885352963264,24-25m²,bostadsratt,2026-07-05T19:28:58.870520
7002753787062559583,https://www.hemnet.se/salda/lagenhet-1rum-centrum-bodens-kommun-kyrkgatan-55-7002753787062559583,24-25m²,bostadsratt,2026-07-05T19:28:58.870522
5271176031478797680,https://www.hemnet.se/salda/lagenhet-1rum-liljeholmen-jonkopings-kommun-starrgatan-3-5271176031478797680,24-25m²,bostadsratt,2026-07-05T19:28:58.870523
7069761401472687538,"https://www.hemnet.se/salda/lagenhet-1rum-rasunda-solna-kommun-rasundavagen-134,-van-4-7069761401472687538",24-25m²,bostadsratt,2026-07-05T19:28:58.870524
7861637337944285892,https://www.hemnet.se/salda/lagenhet-1rum-ostermalm-stockholms-kommun-korsbarsvagen-6-7861637337944285892,24-25m²,bostadsratt,2026-07-05T19:28:58.870526
3237221384725167220,https://www.hemnet.se/salda/lagenhet-1rum-sodertalje-sodertalje-kommun-vastra-kanalgatan-9-3237221384725167220,24-25m²,bostadsratt,2026-07-05T19:28:58.870529
5274572934782646009,"https://www.hemnet.se/salda/lagenhet-1rum-lanna-huddinge-kommun-timmervagen-57-d,-hus-nr-15-5274572934782646009",24-25m²,bostadsratt,2026-07-05T19:28:58.870530
4880170774219206304,https://www.hemnet.se/salda/lagenhet-1rum-valla-linkopings-kommun-ostsvangen-1c-4880170774219206304,24-25m²,bostadsratt,2026-07-05T19:28:58.870532
4491294578552778506,https://www.hemnet.se/salda/lagenhet-3rum-kabdalis-mastertoppen-jokkmokks-kommun-mastertoppen-298b-4491294578552778506,24-25m²,bostadsratt,2026-07-05T19:28:58.870533
8843200342520382071,https://www.hemnet.se/salda/lagenhet-1rum-nedre-johanneberg-goteborgs-kommun-walleriusgatan-4-8843200342520382071,24-25m²,bostadsratt,2026-07-05T19:28:58.870534
3049778548357568718,https://www.hemnet.se/salda/lagenhet-1rum-mariatorget-stockholms-kommun-bellmansgatan-34-3049778548357568718,24-25m²,bostadsratt,2026-07-05T19:28:58.870535
6825674821134820965,https://www.hemnet.se/salda/lagenhet-1rum-finntorp-nacka-kommun-finntorpsvagen-3-6825674821134820965,24-25m²,bostadsratt,2026-07-05T19:28:58.870537
6022393468492274190,https://www.hemnet.se/salda/lagenhet-1rum-hagerstensasen-stockholms-kommun-sparbanksvagen-16-6022393468492274190,24-25m²,bostadsratt,2026-07-05T19:28:58.870538
5225510700957587070,https://www.hemnet.se/salda/lagenhet-1rum-torpa-jonkopings-kommun-ekgatan-3-5225510700957587070,24-25m²,bostadsratt,2026-07-05T19:28:58.870539
7843397922152309680,https://www.hemnet.se/salda/lagenhet-1rum-porslinskvarteren-varmdo-kommun-stig-lindbergs-gata-17b-7843397922152309680,24-25m²,bostadsratt,2026-07-05T19:28:58.870541
6090799200755572396,https://www.hemnet.se/salda/lagenhet-1rum-lindholmen-karlastaden-goteborgs-kommun-lodjursstraket-1-karlatornet-van5-6090799200755572396,24-25m²,bostadsratt,2026-07-05T19:28:58.870542
220436964207248157,https://www.hemnet.se/salda/lagenhet-1rum-arsta-uppsala-kommun-fyrislundsgatan-60-220436964207248157,24-25m²,bostadsratt,2026-07-05T19:28:58.870544
6065355463116062627,https://www.hemnet.se/salda/lagenhet-1rum-linkopings-innerstad-linkopings-kommun-snickaregatan-27-6065355463116062627,24-25m²,bostadsratt,2026-07-05T19:28:58.870545
3392841303606267615,"https://www.hemnet.se/salda/lagenhet-1rum-grondal-stockholms-kommun-ekensbergsvagen-118,-5-tr-3392841303606267615",24-25m²,bostadsratt,2026-07-05T19:28:58.870546
1637482784873188590,https://www.hemnet.se/salda/lagenhet-1rum-djursholm-danderyds-kommun-gudmundvagen-1b-1637482784873188590,24-25m²,bostadsratt,2026-07-05T19:28:58.870548
9056349701267822597,https://www.hemnet.se/salda/lagenhet-1rum-salabacke-uppsala-kommun-murargatan-14-d-9056349701267822597,24-25m²,bostadsratt,2026-07-05T19:28:58.870549
804918151322002674,https://www.hemnet.se/salda/lagenhet-1rum-centrala-sundbyberg-sundbybergs-kommun-rastensgatan-11-804918151322002674,24-25m²,bostadsratt,2026-07-05T19:28:58.870552
4048178941805155661,https://www.hemnet.se/salda/lagenhet-1rum-arsta-uppsala-kommun-fyrislundsgatan-56-4048178941805155661,24-25m²,bostadsratt,2026-07-05T19:28:58.870553
6557844620042869330,https://www.hemnet.se/salda/lagenhet-1rum-rasunda-solna-kommun-rasundavagen-134-6557844620042869330,24-25m²,bostadsratt,2026-07-05T19:28:58.870555
4266793578087537028,https://www.hemnet.se/salda/lagenhet-1rum-centralt-monsteras-monsteras-kommun-kvarngatan-21-4266793578087537028,24-25m²,bostadsratt,2026-07-05T19:28:58.870556
857492563015279230,https://www.hemnet.se/salda/lagenhet-1rum-falhagen-uppsala-kommun-petterslundsgatan-14-857492563015279230,24-25m²,bostadsratt,2026-07-05T19:28:58.870559
2724095397501014659,https://www.hemnet.se/salda/lagenhet-1rum-skonsmon-sundsvalls-kommun-kyrkbergsvagen-20-f-2724095397501014659,24-25m²,bostadsratt,2026-07-05T19:28:58.870561
3025380227430348147,https://www.hemnet.se/salda/lagenhet-1rum-vasastan-birkastan-stockholms-kommun-bravallagatan-6-3025380227430348147,24-25m²,bostadsratt,2026-07-05T19:28:58.870562
8980114137079198178,"https://www.hemnet.se/salda/lagenhet-1rum-stadshagen-stockholms-kommun-sankt-goransgatan-153,-5-tr-8980114137079198178",24-25m²,bostadsratt,2026-07-05T19:28:58.870564
253522899622493594,https://www.hemnet.se/salda/lagenhet-1rum-innerstaden-linkopings-kommun-sturegatan-3b-253522899622493594,24-25m²,bostadsratt,2026-07-05T19:28:58.870565
5960296109143067215,https://www.hemnet.se/salda/lagenhet-1rum-hagastaden-karolinska-solna-kommun-olof-af-acrels-vag-3-5960296109143067215,24-25m²,bostadsratt,2026-07-05T19:28:58.870566
8400506744265577804,https://www.hemnet.se/salda/lagenhet-1rum-froson-ostersunds-kommun-hornsgatan-26b-8400506744265577804,24-25m²,bostadsratt,2026-07-05T19:28:58.870568
4943564920583094260,https://www.hemnet.se/salda/lagenhet-1rum-sodermalm-maria-stockholms-kommun-bysistorget-6-4943564920583094260,24-25m²,bostadsratt,2026-07-05T19:28:58.870569
540102992532935701,https://www.hemnet.se/salda/lagenhet-1rum-aby-haninge-kommun-ringvagen-86-540102992532935701,24-25m²,bostadsratt,2026-07-05T19:28:58.870570
6047462229140986262,https://www.hemnet.se/salda/lagenhet-1rum-linne-goteborgs-kommun-nordenskioldsgatan-30a-6047462229140986262,24-25m²,bostadsratt,2026-07-05T19:28:58.870572
4750594615887655367,https://www.hemnet.se/salda/lagenhet-1rum-lilla-essingen-stockholms-kommun-disponentgatan-2-4750594615887655367,24-25m²,bostadsratt,2026-07-05T19:28:58.870573
8568887125997772852,https://www.hemnet.se/salda/lagenhet-1rum-nasby-park-taby-kommun-eskadervagen-12-8568887125997772852,24-25m²,bostadsratt,2026-07-05T19:28:58.870574
3870157762824778034,"https://www.hemnet.se/salda/lagenhet-1rum-sodermalm-stockholms-kommun-hogbergsgatan-22,-van-2-3870157762824778034",24-25m²,bostadsratt,2026-07-05T19:28:58.870578
3844244225252603414,https://www.hemnet.se/salda/lagenhet-1rum-centralt-upplands-vasby-kommun-centralvagen-8b-3844244225252603414,24-25m²,bostadsratt,2026-07-05T19:28:58.870579
5806865304065415955,https://www.hemnet.se/salda/lagenhet-1rum-morbylund-danderyds-kommun-morbylund-15c-5806865304065415955,24-25m²,bostadsratt,2026-07-05T19:28:58.870580
761384168650644664,"https://www.hemnet.se/salda/lagenhet-1rum-vasastan-stockholms-kommun-norrbackagatan-23,-van-7-761384168650644664",24-25m²,bostadsratt,2026-07-05T19:28:58.870582
3767112977214786556,https://www.hemnet.se/salda/lagenhet-1rum-centrum-uppsala-kommun-sysslomansgatan-7-3767112977214786556,24-25m²,bostadsratt,2026-07-05T19:28:58.870583
1888561580700247200,"https://www.hemnet.se/salda/lagenhet-1rum-sodermalm-stockholms-kommun-olandsgatan-44,-1-tr-1888561580700247200",24-25m²,bostadsratt,2026-07-05T19:28:58.870584
8681486063709287757,https://www.hemnet.se/salda/lagenhet-1rum-bagarmossen-stockholms-kommun-emagatan-12-8681486063709287757,24-25m²,bostadsratt,2026-07-05T19:28:58.870586
7476001970803713472,https://www.hemnet.se/salda/lagenhet-1rum-kungsholmen-marieberg-stockholms-kommun-wennerbergsgatan-6b-7476001970803713472,24-25m²,bostadsratt,2026-07-05T19:28:58.870587
728612013644864404,"https://www.hemnet.se/salda/lagenhet-1rum-vasastan-ostermalm-stockholms-kommun-korsbarsvagen-6,-4-tr,-728612013644864404",24-25m²,bostadsratt,2026-07-05T19:28:58.870588
4136992081873516424,"https://www.hemnet.se/salda/lagenhet-1rum-katarina-stockholms-kommun-tjustgatan-4,-5tr-4136992081873516424",24-25m²,bostadsratt,2026-07-05T19:28:58.870590
3066104704316339820,https://www.hemnet.se/salda/lagenhet-1rum-sodermalm-hornstull-stockholms-kommun-hogalidsgatan-33-3066104704316339820,24-25m²,bostadsratt,2026-07-05T19:28:58.870591
8968948284708089080,https://www.hemnet.se/salda/lagenhet-1rum-korsta-sundsvalls-kommun-klippgatan-14-8968948284708089080,24-25m²,bostadsratt,2026-07-05T19:28:58.870592
8795283428426861115,https://www.hemnet.se/salda/lagenhet-1rum-sodermalm-stockholms-kommun-tavastgatan-31-8795283428426861115,24-25m²,bostadsratt,2026-07-05T19:28:58.870594
3750986493108385332,https://www.hemnet.se/salda/lagenhet-1rum-sodermalm-katarina-stockholms-kommun-narkesgatan-4-3750986493108385332,24-25m²,bostadsratt,2026-07-05T19:28:58.870597
8866770464730208478,https://www.hemnet.se/salda/lagenhet-1rum-sodermalm-sofia-stockholms-kommun-folkungagatan-128-8866770464730208478,24-25m²,bostadsratt,2026-07-05T19:28:58.870598
2786103097122990518,https://www.hemnet.se/salda/lagenhet-1rum-johanneberg-goteborgs-kommun-gibraltargatan-21a-2786103097122990518,24-25m²,bostadsratt,2026-07-05T19:28:58.870599
7526986527122642961,"https://www.hemnet.se/salda/lagenhet-1rum-sodermalm-stockholms-kommun-kristinehovsgatan-5a,-5tr-7526986527122642961",24-25m²,bostadsratt,2026-07-05T19:28:58.870601
1850010228276962355,"https://www.hemnet.se/salda/lagenhet-1rum-sodermalm-katarina-sofia-stockholms-kommun-narkesgatan-2,-2tr-1850010228276962355",24-25m²,bostadsratt,2026-07-05T19:28:58.870602
4566695707267372908,"https://www.hemnet.se/salda/lagenhet-1rum-fruangen-stockholms-kommun-lina-sandells-plan-2,-van-2-4566695707267372908",24-25m²,bostadsratt,2026-07-05T19:28:58.870604
1207785091612262187,"https://www.hemnet.se/salda/lagenhet-1rum-midsommarkransen-stockholms-kommun-svandammsplan-8,-van-3-av-3-1207785091612262187",24-25m²,bostadsratt,2026-07-05T19:28:58.870605
9164996966673114599,https://www.hemnet.se/salda/lagenhet-1rum-gavle-centrum-gavle-kommun-skomakargatan-22b-9164996966673114599,24-25m²,bostadsratt,2026-07-05T19:28:58.870622
81936803001194612,https://www.hemnet.se/salda/lagenhet-1rum-centrala-nynashamn-nynashamns-kommun-sigyns-vag-4b-81936803001194612,24-25m²,bostadsratt,2026-07-05T19:28:58.870624
1071258206123024333,https://www.hemnet.se/salda/lagenhet-1rum-lanna-huddinge-kommun-timmervagen-57b-1071258206123024333,24-25m²,bostadsratt,2026-07-05T19:28:58.870625
3072069134349489754,"https://www.hemnet.se/salda/lagenhet-1rum-vasastan-birkastan-stockholms-kommun-torsgatan-33,-4tr-3072069134349489754",24-25m²,bostadsratt,2026-07-05T19:28:58.870626
2356583309021442513,https://www.hemnet.se/salda/lagenhet-1rum-jarnbrott-goteborgs-kommun-bildradiogatan-2-2356583309021442513,24-25m²,bostadsratt,2026-07-05T19:28:58.870628
7518586043786318827,https://www.hemnet.se/salda/lagenhet-1rum-midsommarkransen-stockholms-kommun-svandammsvagen-8-7518586043786318827,24-25m²,bostadsratt,2026-07-05T19:28:58.870629
7036189880681213479,https://www.hemnet.se/salda/lagenhet-1rum-fruangen-stockholms-kommun-lina-sandells-plan-2-7036189880681213479,24-25m²,bostadsratt,2026-07-05T19:28:58.870630
2392549137737854864,https://www.hemnet.se/salda/lagenhet-1rum-sodermalm-maria-stockholms-kommun-maria-prastgardsgata-27-2392549137737854864,24-25m²,bostadsratt,2026-07-05T19:28:58.870632
7954165280650195581,https://www.hemnet.se/salda/lagenhet-1rum-stureby-stockholms-kommun-skonviksvagen-270-7954165280650195581,24-25m²,bostadsratt,2026-07-05T19:28:58.870633
952044595674254718,https://www.hemnet.se/salda/lagenhet-1rum-framre-luthagen-uppsala-kommun-sysslomansgatan-7-952044595674254718,24-25m²,bostadsratt,2026-07-05T19:28:58.870634
3364862823597828441,https://www.hemnet.se/salda/lagenhet-1rum-centrum-vaxjo-kommun-nygatan-1b-3364862823597828441,24-25m²,bostadsratt,2026-07-05T19:28:58.870636
8445693323163796068,https://www.hemnet.se/salda/lagenhet-1rum-haga-norra-solna-kommun-sylvangatan-5-8445693323163796068,24-25m²,bostadsratt,2026-07-05T19:28:58.870637
8153485255763496530,https://www.hemnet.se/salda/lagenhet-1rum-centrala-vasby-upplands-vasby-kommun-optimusvagen-3b-8153485255763496530,24-25m²,bostadsratt,2026-07-05T19:28:58.870640
6004233763678628832,https://www.hemnet.se/salda/lagenhet-1rum-vasastan-sibirien-stockholms-kommun-roslagsgatan-29-6004233763678628832,24-25m²,bostadsratt,2026-07-05T19:28:58.870642
9043961463585415410,https://www.hemnet.se/salda/lagenhet-1rum-centralt-vasteras-kommun-engelbrektsgatan-13-9043961463585415410,24-25m²,bostadsratt,2026-07-05T19:28:58.870643
6005431179231193664,https://www.hemnet.se/salda/lagenhet-1rum-laholm-laholms-kommun-margaretagatan-18-6005431179231193664,24-25m²,bostadsratt,2026-07-05T19:28:58.870644
679221098132819586,https://www.hemnet.se/salda/lagenhet-1rum-rasunda-solna-kommun-rasundavagen-133a-679221098132819586,24-25m²,bostadsratt,2026-07-05T19:28:58.870646
5224068687624379445,https://www.hemnet.se/salda/lagenhet-1rum-alvsjo-stockholms-kommun-gimmerstavagen-12-5224068687624379445,24-25m²,bostadsratt,2026-07-05T19:28:58.870647
6503409401048033062,https://www.hemnet.se/salda/lagenhet-2rum-alby-botkyrka-kommun-lagmansbacken-4-6503409401048033062,24-25m²,bostadsratt,2026-07-05T19:28:58.870648
8453051792389974510,https://www.hemnet.se/salda/lagenhet-1rum-centrala-sundbyberg-sundbybergs-kommun-rosengatan-13-8453051792389974510,24-25m²,bostadsratt,2026-07-05T19:28:58.870651
8583520098207853731,https://www.hemnet.se/salda/lagenhet-1rum-gubbangen-stockholms-kommun-sicklingsvagen-5-8583520098207853731,24-25m²,bostadsratt,2026-07-05T19:28:58.870653
1583053314621834803,https://www.hemnet.se/salda/lagenhet-1rum-hagalund-borlange-kommun-sturegatan-20-1583053314621834803,24-25m²,bostadsratt,2026-07-05T19:28:58.870654
3827276472672405274,https://www.hemnet.se/salda/lagenhet-1rum-nynashamn-nynashamns-kommun-hojdgatan-7-3827276472672405274,24-25m²,bostadsratt,2026-07-05T19:28:58.870655
7815800717930414100,https://www.hemnet.se/salda/lagenhet-1rum-lamberget-karlstads-kommun-lambergsgatan-27b-7815800717930414100,24-25m²,bostadsratt,2026-07-05T19:28:58.870656
4858773369492765191,https://www.hemnet.se/salda/lagenhet-1rum-lilla-essingen-stockholms-kommun-stralgatan-35-4858773369492765191,24-25m²,bostadsratt,2026-07-05T19:28:58.870658
1687601668332886991,https://www.hemnet.se/salda/lagenhet-1rum-kungsholmen-stora-essingen-stockholms-kommun-essinge-hogvag-18-1687601668332886991,24-25m²,bostadsratt,2026-07-05T19:28:58.870661
8531474301758706281,https://www.hemnet.se/salda/lagenhet-1rum-sodermalm-mariaberget-stockholms-kommun-bastugatan-49-8531474301758706281,24-25m²,bostadsratt,2026-07-05T19:28:58.870663
764798299288416052,https://www.hemnet.se/salda/lagenhet-1rum-centralt-motala-kommun-terrassgatan-10b-764798299288416052,24-25m²,bostadsratt,2026-07-05T19:28:58.870664
1648375974613492511,https://www.hemnet.se/salda/lagenhet-1rum-ostermalm-stockholms-kommun-grevgatan-20-1648375974613492511,24-25m²,bostadsratt,2026-07-05T19:28:58.870665
8506736754786636844,https://www.hemnet.se/salda/lagenhet-1rum-hammarbyhojden-skarmarbrink-stockholms-kommun-olaus-magnus-vag-48-8506736754786636844,24-25m²,bostadsratt,2026-07-05T19:28:58.870667
7279317901966365333,"https://www.hemnet.se/salda/lagenhet-1rum-arsta-stockholms-kommun-arstavagen-81,-2-tr-7279317901966365333",24-25m²,bostadsratt,2026-07-05T19:28:58.870668
7788742878821533084,https://www.hemnet.se/salda/lagenhet-1rum-falhagen-uppsala-kommun-petterslundsgatan-14e-7788742878821533084,24-25m²,bostadsratt,2026-07-05T19:28:58.870669
1740516543592977861,https://www.hemnet.se/salda/lagenhet-1rum-kungsholmen-stockholms-kommun-sankt-goransgatan-167-1740516543592977861,24-25m²,bostadsratt,2026-07-05T19:28:58.870671
7993602628218818669,https://www.hemnet.se/salda/lagenhet-1rum-galjevangen-lunds-kommun-lagerbrings-vag-8e-7993602628218818669,24-25m²,bostadsratt,2026-07-05T19:28:58.870672
8473797842400847934,"https://www.hemnet.se/salda/lagenhet-1rum-kristineberg-stockholms-kommun-lidnersplan-16,-2,5-tr-8473797842400847934",24-25m²,bostadsratt,2026-07-05T19:28:58.870673
220412521272238038,https://www.hemnet.se/salda/lagenhet-1rum-skarmarbrink-stockholms-kommun-pelargatan-11-220412521272238038,24-25m²,bostadsratt,2026-07-05T19:28:58.870675
4389725100844051779,https://www.hemnet.se/salda/lagenhet-1rum-centrum-linkopings-kommun-snickaregatan-27-4389725100844051779,24-25m²,bostadsratt,2026-07-05T19:28:58.870676
1840672653156543543,https://www.hemnet.se/salda/lagenhet-1rum-sollentuna-helenelund-sollentuna-kommun-parkvagen-12-1840672653156543543,24-25m²,bostadsratt,2026-07-05T19:28:58.870677
1592040328684678164,https://www.hemnet.se/salda/lagenhet-1rum-hjorthagen-stockholms-kommun-ahlsellvagen-6-1592040328684678164,24-25m²,bostadsratt,2026-07-05T19:28:58.870679
8757512838013878264,https://www.hemnet.se/salda/lagenhet-1rum-centrum-vasteras-kommun-engelbrektsgatan-11b-8757512838013878264,24-25m²,bostadsratt,2026-07-05T19:28:58.870680
8506375173470636575,https://www.hemnet.se/salda/lagenhet-1rum-falhagen-uppsala-kommun-hjalmar-brantingsgatan-27-8506375173470636575,24-25m²,bostadsratt,2026-07-05T19:28:58.870681
5051094230870226179,https://www.hemnet.se/salda/lagenhet-1rum-rorsjostaden-malmo-kommun-dobelnsgatan-4-5051094230870226179,24-25m²,bostadsratt,2026-07-05T19:28:58.870683
6683647585305600264,https://www.hemnet.se/salda/lagenhet-1rum-johannesfred-stockholms-kommun-granbacken-22-6683647585305600264,24-25m²,bostadsratt,2026-07-05T19:28:58.870684
5600236196831534421,https://www.hemnet.se/salda/lagenhet-1rum-gardet-stockholms-kommun-furusundsgatan-9-nb-5600236196831534421,24-25m²,bostadsratt,2026-07-05T19:28:58.870685
1688813576893615800,https://www.hemnet.se/salda/lagenhet-1rum-kungsholmen-stockholms-kommun-sankt-goransgatan-64b-1688813576893615800,24-25m²,bostadsratt,2026-07-05T19:28:58.870690
3973754622705373482,"https://www.hemnet.se/salda/lagenhet-1rum-hagerneholm,-arninge-ullna-taby-kommun-hagerneholmsvagen-7b-van-1-3973754622705373482",24-25m²,bostadsratt,2026-07-05T19:28:58.870692
2559403247269304673,https://www.hemnet.se/salda/lagenhet-1rum-sodermalm-stockholms-kommun-hogalidsgatan-29-2559403247269304673,24-25m²,bostadsratt,2026-07-05T19:28:58.870693
1217143546888087932,"https://www.hemnet.se/salda/lagenhet-1rum-lindholmen-goteborgs-kommun-lodjursstraket-1-karlatornet,-van-24-1217143546888087932",24-25m²,bostadsratt,2026-07-05T19:28:58.870695
267214104482266861,https://www.hemnet.se/salda/lagenhet-1rum-bromma-alsten-stockholms-kommun-vesslevagen-40-267214104482266861,24-25m²,bostadsratt,2026-07-05T19:28:58.870696
1483067897810298098,https://www.hemnet.se/salda/lagenhet-1rum-tierp-tierps-kommun-stationsgatan-2-1483067897810298098,24-25m²,bostadsratt,2026-07-05T19:28:58.870697
6531469087039253212,https://www.hemnet.se/salda/lagenhet-1rum-gamla-rasunda-solna-kommun-parkvagen-15-6531469087039253212,24-25m²,bostadsratt,2026-07-05T19:28:58.870699
9130974294534747,https://www.hemnet.se/salda/lagenhet-1rum-gideonsberg-vasteras-kommun-blomstergatan-6-9130974294534747,24-25m²,bostadsratt,2026-07-05T19:28:58.870700
2505291637434262885,https://www.hemnet.se/salda/lagenhet-1rum-sala-backe-uppsala-kommun-murargatan-20b-2505291637434262885,24-25m²,bostadsratt,2026-07-05T19:28:58.870701
2839260954436102678,https://www.hemnet.se/salda/lagenhet-1rum-vastra-kungsholmen-stockholms-kommun-sankt-goransgatan-157x-2839260954436102678,24-25m²,bostadsratt,2026-07-05T19:28:58.870702
2188313128872601907,https://www.hemnet.se/salda/lagenhet-1rum-vasastan-stockholms-kommun-surbrunnsgatan-19-2188313128872601907,24-25m²,bostadsratt,2026-07-05T19:28:58.870704
7217094854194872623,https://www.hemnet.se/salda/lagenhet-1rum-hagerstensasen-stockholms-kommun-backvagen-114-7217094854194872623,24-25m²,bostadsratt,2026-07-05T19:28:58.870705
4572012675808596959,https://www.hemnet.se/salda/lagenhet-1rum-sodermalm-hogalid-stockholms-kommun-slipgatan-14-4572012675808596959,24-25m²,bostadsratt,2026-07-05T19:28:58.870706
1955332319373425277,"https://www.hemnet.se/salda/lagenhet-1rum-vasastan-odenplan-stockholms-kommun-norrtullsgatan-41-43,-5tr-1955332319373425277",24-25m²,bostadsratt,2026-07-05T19:28:58.870708
8413293003175449099,https://www.hemnet.se/salda/lagenhet-1rum-flemingsberg-huddinge-kommun-terapivagen-16c-8413293003175449099,24-25m²,bostadsratt,2026-07-05T19:28:58.870709
7942867776640391862,https://www.hemnet.se/salda/lagenhet-1rum-nyby-uppsala-kommun-leopoldsgatan-21-7942867776640391862,24-25m²,bostadsratt,2026-07-05T19:28:58.870710
8642562417273817229,https://www.hemnet.se/salda/lagenhet-1rum-sodertalje-sodertalje-kommun-gastgivaregatan-1-8642562417273817229,24-25m²,bostadsratt,2026-07-05T19:28:58.870712
8669726635914337352,https://www.hemnet.se/salda/lagenhet-1rum-gullmarsplan-stockholms-kommun-gullmarsvagen-12-8669726635914337352,24-25m²,bostadsratt,2026-07-05T19:28:58.870713
6669162136795703465,https://www.hemnet.se/salda/lagenhet-1rum-vasastaden-linkopings-kommun-sturegatan-3-b-6669162136795703465,24-25m²,bostadsratt,2026-07-05T19:28:58.870714
5479391049012033288,"https://www.hemnet.se/salda/lagenhet-1rum-luossavaara-kiruna-kommun-hjalmar-lundbohmsvagen-83-b,-van-4-5479391049012033288",24-25m²,bostadsratt,2026-07-05T19:28:58.870716
7017677092960480917,"https://www.hemnet.se/salda/lagenhet-1rum-ostermalm-stockholms-kommun-grevgatan-19,-4-tr-7017677092960480917",24-25m²,bostadsratt,2026-07-05T19:28:58.870717
6562954634672584838,https://www.hemnet.se/salda/lagenhet-1rum-bjorkekarr-goteborgs-kommun-stabbegatan-39-6562954634672584838,24-25m²,bostadsratt,2026-07-05T19:28:58.870718
5095507808540084986,https://www.hemnet.se/salda/lagenhet-1rum-skarmarbrink-stockholms-kommun-pelargatan-7-5095507808540084986,24-25m²,bostadsratt,2026-07-05T19:28:58.870720
1652731958596735407,https://www.hemnet.se/salda/lagenhet-1rum-haga-sundsvalls-kommun-tallrotsgatan-7-1652731958596735407,24-25m²,bostadsratt,2026-07-05T19:28:58.870721
680431023340526562,"https://www.hemnet.se/salda/lagenhet-1rum-gardet-stockholms-kommun-rindogatan-27,-2-tr-680431023340526562",24-25m²,bostadsratt,2026-07-05T19:28:58.870722
4185303108638271412,https://www.hemnet.se/salda/lagenhet-1rum-ostermalm-stockholms-kommun-valhallavagen-152b-4185303108638271412,24-25m²,bostadsratt,2026-07-05T19:28:58.870724
3790845534738729040,https://www.hemnet.se/salda/lagenhet-1rum-norrtalje-norrtalje-kommun-esplanaden-25-b-3790845534738729040,24-25m²,bostadsratt,2026-07-05T19:28:58.870727
6738065374886775898,https://www.hemnet.se/salda/lagenhet-1rum-vasastaden-goteborgs-kommun-viktoriagatan-14-6738065374886775898,24-25m²,bostadsratt,2026-07-05T19:28:58.870728
1071922830923920205,https://www.hemnet.se/salda/lagenhet-1rum-nedre-gardet-stockholms-kommun-sandelsgatan-16-1071922830923920205,24-25m²,bostadsratt,2026-07-05T19:28:58.870729
7372015636599323040,https://www.hemnet.se/salda/lagenhet-1rum-handen-haninge-kommun-midgardsvagen-40-7372015636599323040,24-25m²,bostadsratt,2026-07-05T19:28:58.870731
2234318559725102050,https://www.hemnet.se/salda/lagenhet-1rum-ahus-bykarna-kristianstads-kommun-snidaregatan-8a-2234318559725102050,24-25m²,bostadsratt,2026-07-05T19:28:58.870732
6498382645901962286,https://www.hemnet.se/salda/lagenhet-1rum-naset-lidingo-kommun-kallangsvagen-32-6498382645901962286,24-25m²,bostadsratt,2026-07-05T19:28:58.870735
8584988286990140600,https://www.hemnet.se/salda/lagenhet-1rum-sodermalm-zinkensdamm-stockholms-kommun-lundagatan-36b-8584988286990140600,24-25m²,bostadsratt,2026-07-05T19:28:58.870736
6568603152262479394,"https://www.hemnet.se/salda/lagenhet-1rum-rasunda-solna-kommun-vasavagen-22,-1-2tr-6568603152262479394",24-25m²,bostadsratt,2026-07-05T19:28:58.870738
5923626630789015610,https://www.hemnet.se/salda/lagenhet-1rum-brunnshog-lunds-kommun-brunnshogsgatan-45b-5923626630789015610,24-25m²,bostadsratt,2026-07-05T19:28:58.870739
2556434224320548980,https://www.hemnet.se/salda/lagenhet-1rum-or-sundbybergs-kommun-kavaljersbacken-4c-2556434224320548980,24-25m²,bostadsratt,2026-07-05T19:28:58.870740
8781064456637305334,https://www.hemnet.se/salda/lagenhet-1rum-gardet-ostermalm-stockholms-kommun-rindogatan-40-8781064456637305334,24-25m²,bostadsratt,2026-07-05T19:28:58.870742
8717641517379242342,https://www.hemnet.se/salda/lagenhet-1rum-ostermalm-stockholms-kommun-valhallavagen-67-8717641517379242342,24-25m²,bostadsratt,2026-07-05T19:28:58.870743
301016960415890203,https://www.hemnet.se/salda/lagenhet-1rum-sickla-finntorp-nacka-kommun-finntorpsvagen-3-301016960415890203,24-25m²,bostadsratt,2026-07-05T19:28:58.870744
3630175888599672094,https://www.hemnet.se/salda/lagenhet-1rum-sodermalm-katarina-sofia-stockholms-kommun-bondegatan-45-3630175888599672094,24-25m²,bostadsratt,2026-07-05T19:28:58.870746
2567844369980464845,https://www.hemnet.se/salda/lagenhet-1rum-almedal-johanneberg-goteborgs-kommun-framnasgatan-24e-2567844369980464845,24-25m²,bostadsratt,2026-07-05T19:28:58.870747
1549003522452274361,https://www.hemnet.se/salda/lagenhet-1rum-slussen-malmo-kommun-fredriksbergsgatan-8-1549003522452274361,24-25m²,bostadsratt,2026-07-05T19:28:58.870748
3948139335830077221,https://www.hemnet.se/salda/lagenhet-1rum-salabacke-uppsala-kommun-verkmastargatan-1b-3948139335830077221,24-25m²,bostadsratt,2026-07-05T19:28:58.870750
7077308368002824994,https://www.hemnet.se/salda/lagenhet-1rum-kungsholmen-fridhemsplan-stockholms-kommun-svarvargatan-10-7077308368002824994,24-25m²,bostadsratt,2026-07-05T19:28:58.870751
6470245818575861462,https://www.hemnet.se/salda/lagenhet-1rum-globen-stockholms-kommun-konstgjutarvagen-28-6470245818575861462,24-25m²,bostadsratt,2026-07-05T19:28:58.870752
1313278098096996207,"https://www.hemnet.se/salda/lagenhet-1rum-sodermalm-sofo-stockholms-kommun-renstiernas-gata-30,-1tr-1313278098096996207",24-25m²,bostadsratt,2026-07-05T19:28:58.870756
7329935606370825619,https://www.hemnet.se/salda/lagenhet-1rum-sodermalm-katarina-stockholms-kommun-tjarhovsgatan-22-7329935606370825619,24-25m²,bostadsratt,2026-07-05T19:28:58.870757
6838575731358341095,"https://www.hemnet.se/salda/lagenhet-1rum-ostermalm-gardet-stockholms-kommun-furusundsgatan-3,-3tr-6838575731358341095",24-25m²,bostadsratt,2026-07-05T19:28:58.870758
8405698138151712081,https://www.hemnet.se/salda/lagenhet-1rum-klostergarden-lunds-kommun-blidvadersvagen-6c-8405698138151712081,24-25m²,bostadsratt,2026-07-05T19:28:58.870760
5456501581271854689,"https://www.hemnet.se/salda/lagenhet-1rum-kungsholmen-stockholms-kommun-kungsklippan-11,-2-tr-5456501581271854689",24-25m²,bostadsratt,2026-07-05T19:28:58.870761
5700896874185326565,https://www.hemnet.se/salda/lagenhet-1rum-vasastan-ostermalm-stockholms-kommun-valhallavagen-47-5700896874185326565,24-25m²,bostadsratt,2026-07-05T19:28:58.870762
2168159361674632602,https://www.hemnet.se/salda/lagenhet-1rum-nyby-uppsala-kommun-leopoldsgatan-21-2168159361674632602,24-25m²,bostadsratt,2026-07-05T19:28:58.870765
3641089067644358821,https://www.hemnet.se/salda/lagenhet-1rum-sodermalm-stockholms-kommun-folkskolegatan-12-3641089067644358821,24-25m²,bostadsratt,2026-07-05T19:28:58.870767
2162185473015816597,https://www.hemnet.se/salda/lagenhet-1rum-kungsholmen-norr-malarstrand-stockholms-kommun-karlsviksgatan-9-2162185473015816597,24-25m²,bostadsratt,2026-07-05T19:28:58.870768
2921724176194916573,"https://www.hemnet.se/salda/lagenhet-1rum-midsommarkransen-stockholms-kommun-vattenledningsvagen-33,-van-2-2921724176194916573",24-25m²,bostadsratt,2026-07-05T19:28:58.870769
7348165109166814660,https://www.hemnet.se/salda/lagenhet-1rum-garnisonen-linkopings-kommun-kompanigatan-16-7348165109166814660,24-25m²,bostadsratt,2026-07-05T19:28:58.870771
3842448304184041898,https://www.hemnet.se/salda/lagenhet-1rum-karrtorp-stockholms-kommun-fyrskeppsvagen-33-3842448304184041898,24-25m²,bostadsratt,2026-07-05T19:28:58.870772
9137527538808286212,https://www.hemnet.se/salda/lagenhet-1rum-karolinska-hagastaden-solna-kommun-olof-af-acrels-vag-3-9137527538808286212,24-25m²,bostadsratt,2026-07-05T19:28:58.870773
4077444316076838551,"https://www.hemnet.se/salda/lagenhet-1rum-vasastan-stockholms-kommun-tre-liljor-6,-2-tr-mot-innergard-4077444316076838551",24-25m²,bostadsratt,2026-07-05T19:28:58.870775
2033145959497365767,https://www.hemnet.se/salda/lagenhet-1rum-sodertalje-centrum-sodertalje-kommun-erik-dahlbergs-vag-4-2033145959497365767,24-25m²,bostadsratt,2026-07-05T19:28:58.870776
6932299229679386822,"https://www.hemnet.se/salda/lagenhet-1rum-vasastan-stockholms-kommun-roslagsgatan-29a,-3-tr-og,-6932299229679386822",24-25m²,bostadsratt,2026-07-05T19:28:58.870778
2948055268106872777,https://www.hemnet.se/salda/lagenhet-1rum-arsta-uppsala-kommun-fyrislundsgatan-54-2948055268106872777,24-25m²,bostadsratt,2026-07-05T19:28:58.870779
1470440043652485390,https://www.hemnet.se/salda/lagenhet-1rum-ostermalm-stockholms-kommun-nybrogatan-50-1470440043652485390,24-25m²,bostadsratt,2026-07-05T19:28:58.870780
5373972430785980382,https://www.hemnet.se/salda/lagenhet-1rum-luossavaara-kiruna-kommun-hjalmar-lundbohmsvagen-83c-5373972430785980382,24-25m²,bostadsratt,2026-07-05T19:28:58.870783
7830577247112907946,https://www.hemnet.se/salda/lagenhet-1rum-ekhagen-stockholms-kommun-ekhagsvagen-8-7830577247112907946,24-25m²,bostadsratt,2026-07-05T19:28:58.870785
6054344251462188792,https://www.hemnet.se/salda/lagenhet-1rum-s-t-knut-malmo-kommun-master-henriksgatan-10a-6054344251462188792,24-25m²,bostadsratt,2026-07-05T19:28:58.870786
8197535993513290067,"https://www.hemnet.se/salda/lagenhet-1rum-sodermalm-stockholms-kommun-langholmsgatan-13a-1tr-o,g-8197535993513290067",24-25m²,bostadsratt,2026-07-05T19:28:58.870788
4884162721606592509,https://www.hemnet.se/salda/lagenhet-1rum-ellstorp-malmo-kommun-ellstorpsgatan-2c-4884162721606592509,24-25m²,bostadsratt,2026-07-05T19:28:58.870789
8956326574405651552,https://www.hemnet.se/salda/lagenhet-1rum-traneberg-stockholms-kommun-hallebergsvagen-26-8956326574405651552,24-25m²,bostadsratt,2026-07-05T19:28:58.870790
4554791548162442195,"https://www.hemnet.se/salda/lagenhet-1rum-lilla-essingen-kungsholmen-stockholms-kommun-disponentgatan-2,-van-3-accepterat-pris-4554791548162442195",24-25m²,bostadsratt,2026-07-05T19:28:58.870792
8987535096687031513,https://www.hemnet.se/salda/lagenhet-2rum-flens-kommun-jasminvagen-11a-8987535096687031513,24-25m²,bostadsratt,2026-07-05T19:28:58.870793
8883893177614811791,https://www.hemnet.se/salda/lagenhet-1rum-hagerstensasen-stockholms-kommun-inteckningsvagen-56-8883893177614811791,24-25m²,bostadsratt,2026-07-05T19:28:58.870795
8998252549979044486,https://www.hemnet.se/salda/lagenhet-1rum-karolinska-solna-kommun-olof-af-acrels-vag-5-8998252549979044486,24-25m²,bostadsratt,2026-07-05T19:28:58.870796
5265112334436168396,"https://www.hemnet.se/salda/lagenhet-1rum-hammarbyhojden,-johanneshov-stockholms-kommun-finn-malmgrens-vag-2b-5265112334436168396",24-25m²,bostadsratt,2026-07-05T19:28:58.870797
2218199907353656048,https://www.hemnet.se/salda/lagenhet-2rum-bruksvallarna-harjedalens-kommun-sorliden-2c-2218199907353656048,24-25m²,bostadsratt,2026-07-05T19:28:58.870799
4218456301626513642,"https://www.hemnet.se/salda/lagenhet-1rum-maria-stockholms-kommun-tavastgatan-18,-4-tr-4218456301626513642",24-25m²,bostadsratt,2026-07-05T19:28:58.870800
4870508438465975270,https://www.hemnet.se/salda/lagenhet-1rum-sodermalm-maria-stockholms-kommun-tavastgatan-31-4870508438465975270,24-25m²,bostadsratt,2026-07-05T19:28:58.870801
715597563167504993,https://www.hemnet.se/salda/lagenhet-1rum-ostermalm-stockholms-kommun-nybrogatan-50-715597563167504993,24-25m²,bostadsratt,2026-07-05T19:28:58.870808
1126872509224503763,https://www.hemnet.se/salda/lagenhet-1rum-centrum-mora-kommun-millakersgatan-15-1126872509224503763,24-25m²,bostadsratt,2026-07-05T19:28:58.870809
2863825833726740638,https://www.hemnet.se/salda/lagenhet-1rum-luthagen-uppsala-kommun-tegnergatan-25b-2863825833726740638,24-25m²,bostadsratt,2026-07-05T19:28:58.870810
4971089570808464743,https://www.hemnet.se/salda/lagenhet-1rum-kungsholmen-kungsklippan-stockholms-kommun-kungsklippan-11-4971089570808464743,24-25m²,bostadsratt,2026-07-05T19:28:58.870812
898066614122608788,"https://www.hemnet.se/salda/lagenhet-1rum-sodermalm-stockholms-kommun-gotgatan-96a,-2tr-898066614122608788",24-25m²,bostadsratt,2026-07-05T19:28:58.870813
2426194697744050165,"https://www.hemnet.se/salda/lagenhet-1rum-sodermalm-stockholms-kommun-ringvagen-112,-5tr-2426194697744050165",24-25m²,bostadsratt,2026-07-05T19:28:58.870814
927849130499335342,https://www.hemnet.se/salda/lagenhet-1rum-falhagen-uppsala-kommun-petterslundsgatan-14e-927849130499335342,24-25m²,bostadsratt,2026-07-05T19:28:58.870816
8321805473760420237,"https://www.hemnet.se/salda/lagenhet-1rum-grondal-stockholms-kommun-ekensbergsvagen-118,-3tr-8321805473760420237",24-25m²,bostadsratt,2026-07-05T19:28:58.870817
5496022172166085117,https://www.hemnet.se/salda/lagenhet-1rum-kungsholmen-stockholms-kommun-ehrensvardsgatan-4-5496022172166085117,24-25m²,bostadsratt,2026-07-05T19:28:58.870818
8073410765498782388,"https://www.hemnet.se/salda/lagenhet-1,5rum-lanna-huddinge-kommun-bjornvagen-13-a-8073410765498782388",24-25m²,bostadsratt,2026-07-05T19:28:58.870820
5681041659220694978,https://www.hemnet.se/salda/lagenhet-1rum-seved-malmo-kommun-kopmansgatan-5-5681041659220694978,24-25m²,bostadsratt,2026-07-05T19:28:58.870821
8100135900102320294,https://www.hemnet.se/salda/lagenhet-1rum-ellstorp-malmo-kommun-ellstorpsgatan-2c-8100135900102320294,24-25m²,bostadsratt,2026-07-05T19:28:58.870822
5469001144499969622,https://www.hemnet.se/salda/lagenhet-1rum-vasastan-ostermalm-stockholms-kommun-birger-jarlsgatan-104f-5469001144499969622,24-25m²,bostadsratt,2026-07-05T19:28:58.870824
3857626515981170876,https://www.hemnet.se/salda/lagenhet-1rum-centrala-sundbyberg-sundbybergs-kommun-vegagatan-18-3857626515981170876,24-25m²,bostadsratt,2026-07-05T19:28:58.870825
6929533394052843825,https://www.hemnet.se/salda/lagenhet-1rum-saltangen-nacka-kommun-beckasinvagen-47a-6929533394052843825,24-25m²,bostadsratt,2026-07-05T19:28:58.870826
8273880778142171240,https://www.hemnet.se/salda/lagenhet-1rum-haga-norra-solna-kommun-sylvangatan-5-8273880778142171240,24-25m²,bostadsratt,2026-07-05T19:28:58.870827
1931226199511936838,https://www.hemnet.se/salda/lagenhet-1rum-ostermalm-gardet-stockholms-kommun-rindogatan-14-1931226199511936838,24-25m²,bostadsratt,2026-07-05T19:28:58.870829
8254843986123442526,https://www.hemnet.se/salda/lagenhet-1rum-sofiaparken-lunds-kommun-sofiavagen-5e-8254843986123442526,24-25m²,bostadsratt,2026-07-05T19:28:58.870830
8707240352631104327,https://www.hemnet.se/salda/lagenhet-1rum-arsta-stockholms-kommun-jarnlundsvagen-22-8707240352631104327,24-25m²,bostadsratt,2026-07-05T19:28:58.870833
2786308239078098370,https://www.hemnet.se/salda/lagenhet-1rum-gardet-ostermalm-stockholms-kommun-brantingsgatan-23-2786308239078098370,24-25m²,bostadsratt,2026-07-05T19:28:58.870835
6906362413200211780,"https://www.hemnet.se/salda/lagenhet-1rum-nedre-gardet-ostermalm-stockholms-kommun-skeppargatan-75,-1tr-6906362413200211780",24-25m²,bostadsratt,2026-07-05T19:28:58.870836
6984509212159415657,https://www.hemnet.se/salda/lagenhet-1rum-farsta-stockholms-kommun-filipstadsbacken-46-6984509212159415657,24-25m²,bostadsratt,2026-07-05T19:28:58.870837
4712940854565812654,https://www.hemnet.se/salda/lagenhet-1rum-gustavsberg-gustavsbergs-hamn-varmdo-kommun-stig-lindbergs-gata-21-4712940854565812654,24-25m²,bostadsratt,2026-07-05T19:28:58.870839
4777189590698808292,https://www.hemnet.se/salda/lagenhet-1rum-vasastan-stockholms-kommun-roslagsgatan-54-4777189590698808292,24-25m²,bostadsratt,2026-07-05T19:28:58.870840
903310643124653572,https://www.hemnet.se/salda/lagenhet-1rum-nyby-uppsala-kommun-leopoldsgatan-23-903310643124653572,24-25m²,bostadsratt,2026-07-05T19:28:58.870842
4366409378303573953,https://www.hemnet.se/salda/lagenhet-1rum-sodermalm-hornstull-stockholms-kommun-hogalidsgatan-33-4366409378303573953,24-25m²,bostadsratt,2026-07-05T19:28:58.870845
461540278515184872,https://www.hemnet.se/salda/lagenhet-1rum-sodermalm-stockholms-kommun-bastugatan-21-461540278515184872,24-25m²,bostadsratt,2026-07-05T19:28:58.870846
1500353306416625371,https://www.hemnet.se/salda/lagenhet-1rum-masthugget-goteborgs-kommun-masthuggsliden-16-1500353306416625371,24-25m²,bostadsratt,2026-07-05T19:28:58.870847
2715757144968268175,https://www.hemnet.se/salda/lagenhet-1rum-segevang-malmo-kommun-kronetorpsgatan-52b-2715757144968268175,24-25m²,bostadsratt,2026-07-05T19:28:58.870849
3205961844531619755,https://www.hemnet.se/salda/lagenhet-1rum-stora-essingen-stockholms-kommun-stenshallsvagen-10-3205961844531619755,24-25m²,bostadsratt,2026-07-05T19:28:58.870850
339934784899393613,https://www.hemnet.se/salda/lagenhet-1rum-katarina-sofia-stockholms-kommun-skanegatan-51-339934784899393613,24-25m²,bostadsratt,2026-07-05T19:28:58.870851
4241592712802360691,"https://www.hemnet.se/salda/lagenhet-1rum-sodermalm-stockholms-kommun-hornsgatan-180,-1-tr-4241592712802360691",24-25m²,bostadsratt,2026-07-05T19:28:58.870853
3808474477443198159,https://www.hemnet.se/salda/lagenhet-1rum-centrala-ostersund-ostersunds-kommun-storgatan-49b-3808474477443198159,24-25m²,bostadsratt,2026-07-05T19:28:58.870854
1726150435378765082,https://www.hemnet.se/salda/lagenhet-1rum-hagerstensasen-stockholms-kommun-bokbindarvagen-78-1726150435378765082,24-25m²,bostadsratt,2026-07-05T19:28:58.870855
9086744009509253680,https://www.hemnet.se/salda/lagenhet-1rum-centrala-sundbyberg-sundbybergs-kommun-sturegatan-43-9086744009509253680,24-25m²,bostadsratt,2026-07-05T19:28:58.870858
7243865535745400137,https://www.hemnet.se/salda/lagenhet-1rum-sodermalm-maria-stockholms-kommun-maria-prastgardsgata-4-7243865535745400137,24-25m²,bostadsratt,2026-07-05T19:28:58.870860
8546792462613843671,https://www.hemnet.se/salda/lagenhet-1rum-centralt-hallstahammars-kommun-vasttunagatan-44b-8546792462613843671,24-25m²,bostadsratt,2026-07-05T19:28:58.870861
2821066706742106769,"https://www.hemnet.se/salda/lagenhet-1rum-sodermalm-stockholms-kommun-asogatan-181,-2tr-2821066706742106769",24-25m²,bostadsratt,2026-07-05T19:28:58.870863
4726595017564539462,"https://www.hemnet.se/salda/lagenhet-1rum-kungsholmen-stockholms-kommun-kungsklippan-11,-2-tr-4726595017564539462",24-25m²,bostadsratt,2026-07-05T19:28:58.870864
2645889872170412494,https://www.hemnet.se/salda/lagenhet-1rum-orebro-orebro-kommun-ingenjorsgatan-17a-2645889872170412494,24-25m²,bostadsratt,2026-07-05T19:28:58.870865
1016044199191403573,"https://www.hemnet.se/salda/lagenhet-1rum-haga-norra-solna-kommun-sylvangatan-5,-3tr-1016044199191403573",24-25m²,bostadsratt,2026-07-05T19:28:58.870867
1569640692395804422,https://www.hemnet.se/salda/lagenhet-1rum-gardet-stockholms-kommun-vartavagen-59-1569640692395804422,24-25m²,bostadsratt,2026-07-05T19:28:58.870868
2208360485204317483,"https://www.hemnet.se/salda/lagenhet-1rum-arsta-stockholms-kommun-jarnlundsvagen-22,-1tr-2208360485204317483",24-25m²,bostadsratt,2026-07-05T19:28:58.870869
3493346284144378698,"https://www.hemnet.se/salda/lagenhet-1rum-huvudsta-solna-kommun-diktarvagen-11,-1103-3493346284144378698",24-25m²,bostadsratt,2026-07-05T19:28:58.870871
5105109205624646566,https://www.hemnet.se/salda/lagenhet-1rum-luthagen-uppsala-kommun-tegnergatan-40c-5105109205624646566,24-25m²,bostadsratt,2026-07-05T19:28:58.870872
1249970867884227453,https://www.hemnet.se/salda/lagenhet-1rum-centralt-ostersunds-kommun-storgatan-49b-1249970867884227453,24-25m²,bostadsratt,2026-07-05T19:28:58.870873
5148033046241431441,"https://www.hemnet.se/salda/lagenhet-1rum-stockholm-stockholms-kommun-rindogatan-30,-5-av-5-tr-5148033046241431441",24-25m²,bostadsratt,2026-07-05T19:28:58.870875
4962792178927237818,https://www.hemnet.se/salda/lagenhet-1rum-framre-luthagen-uppsala-kommun-sysslomansgatan-7-4962792178927237818,24-25m²,bostadsratt,2026-07-05T19:28:58.870876
8192168515198478007,https://www.hemnet.se/salda/lagenhet-1rum-ostermalm-stockholms-kommun-grevgatan-19-8192168515198478007,24-25m²,bostadsratt,2026-07-05T19:28:58.870877
1709681507385961956,https://www.hemnet.se/salda/lagenhet-1rum-ribersborg-malmo-kommun-ernst-ahlgrensgatan-4a-1709681507385961956,24-25m²,bostadsratt,2026-07-05T19:28:58.870879
609582225575405572,https://www.hemnet.se/salda/lagenhet-1rum-fagelbo-nykopings-kommun-rosenkallavagen-32-d-609582225575405572,24-25m²,bostadsratt,2026-07-05T19:28:58.870882
1085374511878963774,https://www.hemnet.se/salda/lagenhet-1rum-tumba-botkyrka-kommun-himmelsbodavagen-36c-1085374511878963774,24-25m²,bostadsratt,2026-07-05T19:28:58.870885
5193120537843338493,https://www.hemnet.se/salda/lagenhet-1rum-ostermalm-gardet-stockholms-kommun-smedsbacksgatan-8-5193120537843338493,24-25m²,bostadsratt,2026-07-05T19:28:58.870886
3732457337252260677,"https://www.hemnet.se/salda/lagenhet-1rum-gardet-ostermalm-stockholms-kommun-sandhamnsgatan-23,-3tr-3732457337252260677",24-25m²,bostadsratt,2026-07-05T19:28:58.870888
7721148120708328558,https://www.hemnet.se/salda/lagenhet-1rum-norra-djurgarden-stockholms-kommun-valhallavagen-49-7721148120708328558,24-25m²,bostadsratt,2026-07-05T19:28:58.870889
3206361229998720256,https://www.hemnet.se/salda/lagenhet-1rum-karlberg-karlskoga-kommun-tegnervagen-9b-3206361229998720256,24-25m²,bostadsratt,2026-07-05T19:28:58.870890
7286227100046731142,https://www.hemnet.se/salda/lagenhet-1rum-lund-centrum-lunds-kommun-mariagatan-9-7286227100046731142,24-25m²,bostadsratt,2026-07-05T19:28:58.870892
4230370302973700263,https://www.hemnet.se/salda/lagenhet-1rum-centrala-sundbyberg-sundbybergs-kommun-brunnsgatan-2b-4230370302973700263,24-25m²,bostadsratt,2026-07-05T19:28:58.870893
2040782317155301401,"https://www.hemnet.se/salda/lagenhet-1rum-sodermalm-stockholms-kommun-hogalidsgatan-31,-van-2-2040782317155301401",24-25m²,bostadsratt,2026-07-05T19:28:58.870894
7053353379761249057,"https://www.hemnet.se/salda/lagenhet-1rum-sodermalm-mariaberget-stockholms-kommun-bastugatan-27,-4-tr-7053353379761249057",24-25m²,bostadsratt,2026-07-05T19:28:58.870896
1686440531728480327,https://www.hemnet.se/salda/lagenhet-1rum-marsta-norra-sigtuna-kommun-dalgatan-5a-1686440531728480327,24-25m²,bostadsratt,2026-07-05T19:28:58.870897
1445315030576576427,"https://www.hemnet.se/salda/lagenhet-1rum-handen-haninge-kommun-midgardsvagen-24,-1-tr-1445315030576576427",24-25m²,bostadsratt,2026-07-05T19:28:58.870898
9062123685319043809,https://www.hemnet.se/salda/lagenhet-1rum-solna-solna-kommun-kolonnvagen-10-9062123685319043809,24-25m²,bostadsratt,2026-07-05T19:28:58.870900
2768542614314888703,https://www.hemnet.se/salda/lagenhet-1rum-johanneshov-stockholms-kommun-pastellvagen-17-2768542614314888703,24-25m²,bostadsratt,2026-07-05T19:28:58.870901
8938052894373269976,"https://www.hemnet.se/salda/lagenhet-1,5rum-vasjon-sollentuna-kommun-hemmings-vag-45d-8938052894373269976",24-25m²,bostadsratt,2026-07-05T19:28:58.870902
3031437197789202661,https://www.hemnet.se/salda/lagenhet-1rum-flemingsberg-huddinge-kommun-terapivagen-14a-3031437197789202661,24-25m²,bostadsratt,2026-07-05T19:28:58.870904
7704680317275091699,https://www.hemnet.se/salda/lagenhet-1rum-kungsholmen-stadshagen-stockholms-kommun-sankt-goransgatan-153-7704680317275091699,24-25m²,bostadsratt,2026-07-05T19:28:58.870905
897616816252766697,https://www.hemnet.se/salda/lagenhet-1rum-sofiaparken-lunds-kommun-sofiavagen-5b-897616816252766697,24-25m²,bostadsratt,2026-07-05T19:28:58.870906
8985298525916293548,https://www.hemnet.se/salda/lagenhet-1rum-nynashamn-nynashamns-kommun-sigyns-vag-10b-8985298525916293548,24-25m²,bostadsratt,2026-07-05T19:28:58.870908
2265691217474944036,https://www.hemnet.se/salda/lagenhet-1rum-sofiaparken-lunds-kommun-sofiavagen-5d-2265691217474944036,24-25m²,bostadsratt,2026-07-05T19:28:58.870909
7540555225091934908,https://www.hemnet.se/salda/lagenhet-1rum-sodermalm-stockholms-kommun-gotgatan-96a-7540555225091934908,24-25m²,bostadsratt,2026-07-05T19:28:58.870910
7784963092449507226,https://www.hemnet.se/salda/lagenhet-1rum-hagerneholm-taby-kommun-hagerneholmsvagen-7b-7784963092449507226,24-25m²,bostadsratt,2026-07-05T19:28:58.870911
3251190057410589469,https://www.hemnet.se/salda/lagenhet-1rum-centralt-ornskoldsviks-kommun-angermanlandsgatan-14b-3251190057410589469,24-25m²,bostadsratt,2026-07-05T19:28:58.870913
1354773275446762996,"https://www.hemnet.se/salda/lagenhet-1rum-kungsholmen-stockholms-kommun-john-ericssonsgatan-18,-3tr-1354773275446762996",24-25m²,bostadsratt,2026-07-05T19:28:58.870914
3052654158292919511,"https://www.hemnet.se/salda/lagenhet-1rum-gardet-stockholms-kommun-rindogatan-30,-4-5-tr-3052654158292919511",24-25m²,bostadsratt,2026-07-05T19:28:58.870915
7277734336703873870,https://www.hemnet.se/salda/lagenhet-1rum-kungsholmen-stockholms-kommun-fleminggatan-58-7277734336703873870,24-25m²,bostadsratt,2026-07-05T19:28:58.870917
6290044712455287073,https://www.hemnet.se/salda/lagenhet-1rum-kungsholmen-stockholms-kommun-sankt-eriksgatan-39-6290044712455287073,24-25m²,bostadsratt,2026-07-05T19:28:58.870920
3072331505610893966,https://www.hemnet.se/salda/lagenhet-1rum-centrala-sundbyberg-sundbybergs-kommun-kyrkogatan-2-3072331505610893966,24-25m²,bostadsratt,2026-07-05T19:28:58.870921
1024417642704417914,"https://www.hemnet.se/salda/lagenhet-1rum-sodermalm-hogalid-stockholms-kommun-heleneborgsgatan-20,-3-tr-1024417642704417914",24-25m²,bostadsratt,2026-07-05T19:28:58.870923
5392724869361443494,https://www.hemnet.se/salda/lagenhet-1rum-johanneberg-goteborgs-kommun-volrat-thamsgatan-15-5392724869361443494,24-25m²,bostadsratt,2026-07-05T19:28:58.870924
6699055908947264408,https://www.hemnet.se/salda/lagenhet-1rum-or-sundbybergs-kommun-logdansvagen-36-6699055908947264408,24-25m²,bostadsratt,2026-07-05T19:28:58.870925
7674956721012990431,https://www.hemnet.se/salda/lagenhet-1rum-ostermalm-stockholms-kommun-sibyllegatan-21-7674956721012990431,24-25m²,bostadsratt,2026-07-05T19:28:58.870928
5157060254762824221,https://www.hemnet.se/salda/lagenhet-1rum-stockholm-sodermalm-stockholms-kommun-folkungagatan-65-5157060254762824221,24-25m²,bostadsratt,2026-07-05T19:28:58.870930
5222842972703562740,https://www.hemnet.se/salda/lagenhet-1rum-handen-haninge-kommun-midgardsvagen-26-5222842972703562740,24-25m²,bostadsratt,2026-07-05T19:28:58.870931
6737462323561566677,https://www.hemnet.se/salda/lagenhet-1rum-vaster-lunds-kommun-trastvagen-3-6737462323561566677,24-25m²,bostadsratt,2026-07-05T19:28:58.870932
8431253771618443638,https://www.hemnet.se/salda/lagenhet-1rum-centralt-linkopings-kommun-vastra-vagen-5a-8431253771618443638,24-25m²,bostadsratt,2026-07-05T19:28:58.870934
1851440954950365386,https://www.hemnet.se/salda/lagenhet-1rum-arsta-uppsala-kommun-fyrislundsgatan-56-1851440954950365386,24-25m²,bostadsratt,2026-07-05T19:28:58.870935
5128480683574431801,"https://www.hemnet.se/salda/lagenhet-1rum-kungsholmen-stockholms-kommun-sysslomansgatan-24,-8tr-5128480683574431801",24-25m²,bostadsratt,2026-07-05T19:28:58.870936
5993627125008943652,https://www.hemnet.se/salda/lagenhet-1rum-vallastaden-linkopings-kommun-hugo-theorells-gata-25-5993627125008943652,24-25m²,bostadsratt,2026-07-05T19:28:58.870938
48018534094295216,https://www.hemnet.se/salda/lagenhet-1rum-globen-johanneshov-stockholms-kommun-pastellvagen-15-48018534094295216,24-25m²,bostadsratt,2026-07-05T19:28:58.870939
7929484886823939479,"https://www.hemnet.se/salda/lagenhet-1rum-sodermalm-stockholms-kommun-lundagatan-50,-1-tr-7929484886823939479",24-25m²,bostadsratt,2026-07-05T19:28:58.870940
126786326975784559,https://www.hemnet.se/salda/lagenhet-1rum-telefonplan-stockholms-kommun-valborgsmassovagen-20d-126786326975784559,24-25m²,bostadsratt,2026-07-05T19:28:58.870942
8688126060694085055,https://www.hemnet.se/salda/lagenhet-1rum-kungsholmen-stockholms-kommun-kungsklippan-11-8688126060694085055,24-25m²,bostadsratt,2026-07-05T19:28:58.870943
2333101091204162088,https://www.hemnet.se/salda/lagenhet-1rum-sodermalm-stockholms-kommun-tavastgatan-28-2333101091204162088,24-25m²,bostadsratt,2026-07-05T19:28:58.870944
6222927571752876350,https://www.hemnet.se/salda/lagenhet-1rum-nockebyhov-stockholms-kommun-tyska-bottens-vag-33-6222927571752876350,24-25m²,bostadsratt,2026-07-05T19:28:58.870946
2698161578171807965,https://www.hemnet.se/salda/lagenhet-1rum-skuru-nacka-kommun-ostra-grasvagen-5-2698161578171807965,24-25m²,bostadsratt,2026-07-05T19:28:58.870947
3532766016781766392,https://www.hemnet.se/salda/lagenhet-1rum-falhagen-uppsala-kommun-hjalmar-brantingsgatan-17-3532766016781766392,24-25m²,bostadsratt,2026-07-05T19:28:58.870948
7432448640212720415,https://www.hemnet.se/salda/lagenhet-1rum-johannelund-linkopings-kommun-munkhagsgatan-48-7432448640212720415,24-25m²,bostadsratt,2026-07-05T19:28:58.870950
3135641716754264074,https://www.hemnet.se/salda/lagenhet-1rum-centralt-ostersunds-kommun-radhusgatan-80a-3135641716754264074,24-25m²,bostadsratt,2026-07-05T19:28:58.870951
3913944650149876737,https://www.hemnet.se/salda/lagenhet-1rum-kungsholmen-stockholms-kommun-sankt-goransgatan-153-3913944650149876737,24-25m²,bostadsratt,2026-07-05T19:28:58.870970
8506791260020534777,https://www.hemnet.se/salda/lagenhet-1rum-hammarbyhojden-stockholms-kommun-falkopingsvagen-19-8506791260020534777,24-25m²,bostadsratt,2026-07-05T19:28:58.870972
5751183823745170256,https://www.hemnet.se/salda/lagenhet-1rum-almedal-johanneberg-goteborgs-kommun-gibraltargatan-21b-5751183823745170256,24-25m²,bostadsratt,2026-07-05T19:28:58.870973
1616617333868163249,https://www.hemnet.se/salda/lagenhet-1rum-falhagen-uppsala-kommun-petterslundsgatan-14-e-1616617333868163249,24-25m²,bostadsratt,2026-07-05T19:28:58.870977
8357091514767666964,"https://www.hemnet.se/salda/lagenhet-1rum-vasastan-odenplan-stockholms-kommun-vastmannagatan-97,-2tr-8357091514767666964",24-25m²,bostadsratt,2026-07-05T19:28:58.870978
5137026977223983937,https://www.hemnet.se/salda/lagenhet-1rum-kallered-centralt-molndals-kommun-streteredsvagen-1b-5137026977223983937,24-25m²,bostadsratt,2026-07-05T19:28:58.870979
4525441264058034033,"https://www.hemnet.se/salda/lagenhet-1rum-stadshagen-stockholms-kommun-sankt-goransgatan-153,-5-tr-4525441264058034033",24-25m²,bostadsratt,2026-07-05T19:28:58.870981
6929024111066146229,https://www.hemnet.se/salda/lagenhet-1rum-kungsholmen-stockholms-kommun-fridhemsplan-25-6929024111066146229,24-25m²,bostadsratt,2026-07-05T19:28:58.870982
4074657128195313732,"https://www.hemnet.se/salda/lagenhet-1rum-malarhojden-stockholms-kommun-klubbacken-32,-2-tr-4074657128195313732",24-25m²,bostadsratt,2026-07-05T19:28:58.870984
2877547873879941130,https://www.hemnet.se/salda/lagenhet-1rum-kungsangen-industristaden-uppsala-kommun-kungsangsgatan-21a-2877547873879941130,24-25m²,bostadsratt,2026-07-05T19:28:58.870985
4170504526013516910,"https://www.hemnet.se/salda/lagenhet-1rum-grondal-stockholms-kommun-grondalsvagen-118,-van-2-4170504526013516910",24-25m²,bostadsratt,2026-07-05T19:28:58.870986
7581184668066934138,https://www.hemnet.se/salda/lagenhet-1rum-vaster-lunds-kommun-trastvagen-9-7581184668066934138,24-25m²,bostadsratt,2026-07-05T19:28:58.870988
2699668628673487670,https://www.hemnet.se/salda/lagenhet-1rum-vasastaden-stockholms-kommun-sankt-eriksgatan-92-2699668628673487670,24-25m²,bostadsratt,2026-07-05T19:28:58.870989
5537686665991850115,https://www.hemnet.se/salda/lagenhet-1rum-falhagen-uppsala-kommun-petterslundsgatan-14e-5537686665991850115,24-25m²,bostadsratt,2026-07-05T19:28:58.870990
2236657574602548342,"https://www.hemnet.se/salda/lagenhet-1rum-nedre-gardet-stockholms-kommun-storskarsgatan-4,-6-tr-2236657574602548342",24-25m²,bostadsratt,2026-07-05T19:28:58.870994
348907869455439168,https://www.hemnet.se/salda/lagenhet-1rum-vasastan-atlas-stockholms-kommun-volundsgatan-11-348907869455439168,24-25m²,bostadsratt,2026-07-05T19:28:58.870995
5157433394951223910,https://www.hemnet.se/salda/lagenhet-1rum-sodermalm-stockholms-kommun-timmermansgatan-44-5157433394951223910,24-25m²,bostadsratt,2026-07-05T19:28:58.870996
4073910782016423993,https://www.hemnet.se/salda/lagenhet-1rum-galjevangen-lunds-kommun-lagerbrings-vag-2c-4073910782016423993,24-25m²,bostadsratt,2026-07-05T19:28:58.870998
7362170948079683518,https://www.hemnet.se/salda/lagenhet-1rum-gamla-rasunda-solna-kommun-rasundavagen-134-7362170948079683518,24-25m²,bostadsratt,2026-07-05T19:28:58.870999
6249297205402014996,https://www.hemnet.se/salda/lagenhet-1rum-gamla-vaster-malmo-kommun-grynbodgatan-15a-6249297205402014996,24-25m²,bostadsratt,2026-07-05T19:28:58.871000
3756543716765530273,"https://www.hemnet.se/salda/lagenhet-1rum-rasunda-solna-kommun-rasundavagen-134,-3tr-3756543716765530273",24-25m²,bostadsratt,2026-07-05T19:28:58.871002
224148851930756681,https://www.hemnet.se/salda/lagenhet-1rum-nol-ale-kommun-storegardsvagen-8-224148851930756681,24-25m²,bostadsratt,2026-07-05T19:28:58.871003
4210683159644188308,"https://www.hemnet.se/salda/lagenhet-1rum-haga-norra-solna-kommun-sylvangatan-5,-3tr-4210683159644188308",24-25m²,bostadsratt,2026-07-05T19:28:58.871004
2894145566872082386,https://www.hemnet.se/salda/lagenhet-1rum-vallingby-centrum-stockholms-kommun-jamtlandsgatan-96-van-2-2894145566872082386,24-25m²,bostadsratt,2026-07-05T19:28:58.871006
3709196635707807652,"https://www.hemnet.se/salda/lagenhet-1rum-hokarangen-stockholms-kommun-russinvagen-3,-1-tr-3709196635707807652",24-25m²,bostadsratt,2026-07-05T19:28:58.871007
1591902722004194826,https://www.hemnet.se/salda/lagenhet-1rum-framre-luthagen-uppsala-kommun-sysslomansgatan-7-1591902722004194826,24-25m²,bostadsratt,2026-07-05T19:28:58.871008
8507181640473579768,https://www.hemnet.se/salda/lagenhet-1rum-barkarbystaden-jarfalla-jarfalla-kommun-barkarbyvagen-90-8507181640473579768,24-25m²,bostadsratt,2026-07-05T19:28:58.871010
9151587704673636273,https://www.hemnet.se/salda/lagenhet-1rum-vasastan-stockholms-kommun-tulegatan-27-9151587704673636273,24-25m²,bostadsratt,2026-07-05T19:28:58.871011
4792663849857103486,"https://www.hemnet.se/salda/lagenhet-1rum-sodermalm-stockholms-kommun-timotejgatan-4,-2-tr-4792663849857103486",24-25m²,bostadsratt,2026-07-05T19:28:58.871014
6074517246804768727,"https://www.hemnet.se/salda/lagenhet-1rum-sodermalm-katarina-stockholms-kommun-narkesgatan-2,-5-tr-6074517246804768727",24-25m²,bostadsratt,2026-07-05T19:28:58.871015
804803668131810031,https://www.hemnet.se/salda/lagenhet-1rum-sodermalm-hogalid-stockholms-kommun-heleneborgsgatan-20-804803668131810031,24-25m²,bostadsratt,2026-07-05T19:28:58.871017
6941408721914562816,https://www.hemnet.se/salda/lagenhet-1rum-galjevangen-lunds-kommun-lagerbrings-vag-4d-6941408721914562816,24-25m²,bostadsratt,2026-07-05T19:28:58.871018
877826528698215366,https://www.hemnet.se/salda/lagenhet-1rum-flemingsberg-huddinge-kommun-terapivagen-16d-877826528698215366,24-25m²,bostadsratt,2026-07-05T19:28:58.871019
8929896561674469762,https://www.hemnet.se/salda/lagenhet-1rum-majorna-goteborgs-kommun-klostergangen-11-8929896561674469762,24-25m²,bostadsratt,2026-07-05T19:28:58.871021
6212603485250458846,https://www.hemnet.se/salda/lagenhet-1rum-framre-luthagen-uppsala-kommun-sysslomansgatan-18-6212603485250458846,24-25m²,bostadsratt,2026-07-05T19:28:58.871022
2399675315395826223,"https://www.hemnet.se/salda/lagenhet-1rum-katarina-stockholms-kommun-folkungagatan-65,-4-tr-2399675315395826223",24-25m²,bostadsratt,2026-07-05T19:28:58.871023
574625421318521581,https://www.hemnet.se/salda/lagenhet-1rum-torpa-jonkopings-kommun-ekgatan-3-574625421318521581,24-25m²,bostadsratt,2026-07-05T19:28:58.871025
2023908162239033700,https://www.hemnet.se/salda/lagenhet-1rum-centrala-marsta-sigtuna-kommun-skolgatan-6c-2023908162239033700,24-25m²,bostadsratt,2026-07-05T19:28:58.871026
5716913543689427911,https://www.hemnet.se/salda/lagenhet-1rum-masthugget-goteborgs-kommun-masthuggsliden-12-5716913543689427911,24-25m²,bostadsratt,2026-07-05T19:28:58.871027
1849129817951321271,https://www.hemnet.se/salda/lagenhet-1rum-hogalid-stockholms-kommun-lundagatan-52-1849129817951321271,24-25m²,bostadsratt,2026-07-05T19:28:58.871029
6140910368197039732,https://www.hemnet.se/salda/lagenhet-1rum-sodermalm-katarina-stockholms-kommun-blekingegatan-36-6140910368197039732,24-25m²,bostadsratt,2026-07-05T19:28:58.871030
8080809738632674551,https://www.hemnet.se/salda/lagenhet-1rum-sodermalm-hogalid-stockholms-kommun-hogalidsgatan-40d-8080809738632674551,24-25m²,bostadsratt,2026-07-05T19:28:58.871031
7602848760004874718,https://www.hemnet.se/salda/lagenhet-1rum-vasjon-sollentuna-kommun-vasjovagen-15a-7602848760004874718,24-25m²,bostadsratt,2026-07-05T19:28:58.871033
5456654332901649781,https://www.hemnet.se/salda/lagenhet-1rum-johanneshov-stockholms-kommun-pelargatan-7-5456654332901649781,24-25m²,bostadsratt,2026-07-05T19:28:58.871034
940314036759804948,https://www.hemnet.se/salda/lagenhet-1rum-flemingsberg-huddinge-kommun-terapivagen-14c-940314036759804948,24-25m²,bostadsratt,2026-07-05T19:28:58.871035
8220889270452988365,https://www.hemnet.se/salda/lagenhet-1rum-sofiaparken-lunds-kommun-sofiavagen-5a-8220889270452988365,24-25m²,bostadsratt,2026-07-05T19:28:58.871036
624630503693308734,https://www.hemnet.se/salda/lagenhet-1rum-sorgenfri-malmo-kommun-branteviksgatan-5a-624630503693308734,24-25m²,bostadsratt,2026-07-05T19:28:58.871039
3184961486466670537,https://www.hemnet.se/salda/lagenhet-1rum-ornskoldsvik-ornskoldsviks-kommun-angermanlandsgatan-14b-3184961486466670537,24-25m²,bostadsratt,2026-07-05T19:28:58.871041
8017839393566601374,https://www.hemnet.se/salda/lagenhet-1rum-dammfri-malmo-kommun-angdalavagen-28-8017839393566601374,24-25m²,bostadsratt,2026-07-05T19:28:58.871042
837673100606711839,https://www.hemnet.se/salda/lagenhet-1rum-karlastaden-goteborgs-kommun-lodjursstraket-1-van-22-karlatornet-837673100606711839,24-25m²,bostadsratt,2026-07-05T19:28:58.871044
4750781412785253548,"https://www.hemnet.se/salda/lagenhet-1rum-sodermalm-katarina-stockholms-kommun-asogatan-92,-4-tr-4750781412785253548",24-25m²,bostadsratt,2026-07-05T19:28:58.871045
8776372309515090261,"https://www.hemnet.se/salda/lagenhet-1rum-vasastan-stockholms-kommun-birger-jarlsgatan-103a,-van-4-8776372309515090261",24-25m²,bostadsratt,2026-07-05T19:28:58.871046
7152447477739930495,"https://www.hemnet.se/salda/lagenhet-1rum-grondal-stockholms-kommun-ekensbergsvagen-118,-4tr-7152447477739930495",24-25m²,bostadsratt,2026-07-05T19:28:58.871048
3891454801602746303,https://www.hemnet.se/salda/lagenhet-1rum-sodermalm-katarina-sofia-stockholms-kommun-folkungagatan-65-3891454801602746303,24-25m²,bostadsratt,2026-07-05T19:28:58.871049
2668312184237883943,https://www.hemnet.se/salda/lagenhet-1rum-birkastan-vasastan-stockholms-kommun-rorstrandsgatan-42a-2668312184237883943,24-25m²,bostadsratt,2026-07-05T19:28:58.871052
149639207271217769,https://www.hemnet.se/salda/lagenhet-1rum-falhagen-uppsala-kommun-marielundsgatan-5a-149639207271217769,24-25m²,bostadsratt,2026-07-05T19:28:58.871053
2535832079342086453,https://www.hemnet.se/salda/lagenhet-1rum-vallingby-centrum-stockholms-kommun-jamtlandsgatan-86-2535832079342086453,24-25m²,bostadsratt,2026-07-05T19:28:58.871055
8915212200231800164,https://www.hemnet.se/salda/lagenhet-1rum-algen-ornskoldsviks-kommun-angermanlandsgatan-18-8915212200231800164,24-25m²,bostadsratt,2026-07-05T19:28:58.871056
9205054329783750957,https://www.hemnet.se/salda/lagenhet-1rum-luthagen-uppsala-kommun-tegnergatan-25b-9205054329783750957,24-25m²,bostadsratt,2026-07-05T19:28:58.871057
5096688681190488080,https://www.hemnet.se/salda/lagenhet-1rum-centralt-norr-gavle-kommun-norra-kungsgatan-35-a-5096688681190488080,24-25m²,bostadsratt,2026-07-05T19:28:58.871059
3926354612651671644,"https://www.hemnet.se/salda/lagenhet-1rum-gardet-ostermalm-stockholms-kommun-vartavagen-59,-6tr-3926354612651671644",24-25m²,bostadsratt,2026-07-05T19:28:58.871060
7764928824274317525,https://www.hemnet.se/salda/lagenhet-1rum-centralt-ornskoldsviks-kommun-angermanlandsgatan-18-7764928824274317525,24-25m²,bostadsratt,2026-07-05T19:28:58.871061
490411049550436746,https://www.hemnet.se/salda/lagenhet-1rum-kungsholmen-stockholms-kommun-kungsklippan-11-490411049550436746,24-25m²,bostadsratt,2026-07-05T19:28:58.871063
5277884581158708510,https://www.hemnet.se/salda/lagenhet-1rum-sodermalm-hogalid-stockholms-kommun-lundagatan-52-5277884581158708510,24-25m²,bostadsratt,2026-07-05T19:28:58.871066
182236884601309378,"https://www.hemnet.se/salda/lagenhet-1rum-sodermalm-stockholms-kommun-lundagatan-36b,-2-tr-182236884601309378",24-25m²,bostadsratt,2026-07-05T19:28:58.871067
1802291527888588656,"https://www.hemnet.se/salda/lagenhet-1rum-mariaberget-sodermalm-stockholms-kommun-tavastgatan-15,-4tr-1802291527888588656",24-25m²,bostadsratt,2026-07-05T19:28:58.871069
2984237679835749485,https://www.hemnet.se/salda/lagenhet-1rum-sodermalm-helgalunden-stockholms-kommun-grindsgatan-29-2984237679835749485,24-25m²,bostadsratt,2026-07-05T19:28:58.871070
1640895056588667203,https://www.hemnet.se/salda/lagenhet-1rum-lund-centrum-lunds-kommun-lilla-sodergatan-17a-1640895056588667203,24-25m²,bostadsratt,2026-07-05T19:28:58.871072
4390378237662139334,https://www.hemnet.se/salda/lagenhet-1rum-masthugget-goteborgs-kommun-vaktmastaregangen-13-4390378237662139334,24-25m²,bostadsratt,2026-07-05T19:28:58.871073
6476946644106375825,https://www.hemnet.se/salda/lagenhet-1rum-rasunda-solna-kommun-parkvagen-15-6476946644106375825,24-25m²,bostadsratt,2026-07-05T19:28:58.871074
7754346894533123570,"https://www.hemnet.se/salda/lagenhet-1rum-nedre-gardet-ostermalm-stockholms-kommun-olaus-petrigatan-12,-2tr-7754346894533123570",24-25m²,bostadsratt,2026-07-05T19:28:58.871076
2536796145644110241,https://www.hemnet.se/salda/lagenhet-1rum-lindo-kalmar-kommun-lagmansgatan-4a-2536796145644110241,24-25m²,bostadsratt,2026-07-05T19:28:58.871077
7180650743029492925,"https://www.hemnet.se/salda/lagenhet-1rum-sodermalm-sofia-stockholms-kommun-malmgardsvagen-18,-1-tr,-7180650743029492925",24-25m²,bostadsratt,2026-07-05T19:28:58.871079
9146411307831722227,"https://www.hemnet.se/salda/lagenhet-1rum-hogalid-stockholms-kommun-heleneborgsgatan-9c,-4tr-gardshus-accepterat-pris-9146411307831722227",24-25m²,bostadsratt,2026-07-05T19:28:58.871080
2874739693838008246,https://www.hemnet.se/salda/lagenhet-1rum-sodermalm-stockholms-kommun-tobaksspinnargatan-6-2874739693838008246,24-25m²,bostadsratt,2026-07-05T19:28:58.871081
3407329345338032132,https://www.hemnet.se/salda/lagenhet-1rum-gardet-stockholms-kommun-sandelsgatan-16-3407329345338032132,24-25m²,bostadsratt,2026-07-05T19:28:58.871083
7610185861055206060,https://www.hemnet.se/salda/lagenhet-1rum-ostermalm-stockholms-kommun-linnegatan-20-7610185861055206060,24-25m²,bostadsratt,2026-07-05T19:28:58.871084
5609533645802854473,https://www.hemnet.se/salda/lagenhet-1rum-sodermalm-stockholms-kommun-gotgatan-79-gardslage-5609533645802854473,24-25m²,bostadsratt,2026-07-05T19:28:58.871085
6675139064824922410,https://www.hemnet.se/salda/lagenhet-1rum-bromma-blackeberg-stockholms-kommun-holbergsgatan-42-6675139064824922410,24-25m²,bostadsratt,2026-07-05T19:28:58.871088
3897716858707817054,"https://www.hemnet.se/salda/lagenhet-1rum-norrmalm-vasastan-stockholms-kommun-radmansgatan-46,-3-tr-3897716858707817054",24-25m²,bostadsratt,2026-07-05T19:28:58.871092
714473689669817679,https://www.hemnet.se/salda/lagenhet-1rum-blackeberg-stockholms-kommun-arvid-mornes-vag-48-714473689669817679,24-25m²,bostadsratt,2026-07-05T19:28:58.871093
9191824272623035588,"https://www.hemnet.se/salda/lagenhet-1rum-blasut-stockholms-kommun-pastellvagen-13,-5-tr-9191824272623035588",24-25m²,bostadsratt,2026-07-05T19:28:58.871094
4516515462125097517,https://www.hemnet.se/salda/lagenhet-1rum-centrum-varvet-lulea-kommun-vastra-varvsgatan-16b-4516515462125097517,24-25m²,bostadsratt,2026-07-05T19:28:58.871096
7354373498283121582,"https://www.hemnet.se/salda/lagenhet-1rum-haggvik-sollentuna-kommun-minervavagen-28,-3tr-7354373498283121582",24-25m²,bostadsratt,2026-07-05T19:28:58.871097
6873975186391375979,https://www.hemnet.se/salda/lagenhet-1rum-nedre-kungsholmen-stockholms-kommun-kungsklippan-5-6873975186391375979,24-25m²,bostadsratt,2026-07-05T19:28:58.871098
8222312602875302179,"https://www.hemnet.se/salda/lagenhet-1rum-johanneshov-skarmarbrink-gullmarsplan-stockholms-kommun-blasutvagen-5,-7-tr-8222312602875302179",24-25m²,bostadsratt,2026-07-05T19:28:58.871100
1160109924326817926,https://www.hemnet.se/salda/lagenhet-2rum-norrmalm-stockholms-kommun-regeringsgatan-90-1160109924326817926,24-25m²,bostadsratt,2026-07-05T19:28:58.871101
6043222253802091823,https://www.hemnet.se/salda/lagenhet-1rum-katarina-stockholms-kommun-tjustgatan-4-6043222253802091823,24-25m²,bostadsratt,2026-07-05T19:28:58.871102
513939763664362618,https://www.hemnet.se/salda/lagenhet-1rum-sodra-guldheden-goteborgs-kommun-doktor-hjorts-gata-1-c-513939763664362618,24-25m²,bostadsratt,2026-07-05T19:28:58.871104
6441548340412033758,"https://www.hemnet.se/salda/lagenhet-1,5rum-lanna-huddinge-kommun-stockvagen-5a-6441548340412033758",24-25m²,bostadsratt,2026-07-05T19:28:58.871105
8793399719685139176,https://www.hemnet.se/salda/lagenhet-1rum-johanneshov-stockholms-kommun-malmovagen-10-8793399719685139176,24-25m²,bostadsratt,2026-07-05T19:28:58.871106
3084728617900956089,"https://www.hemnet.se/salda/lagenhet-1rum-kungsholmen,-thorildsplan-stockholms-kommun-gyllenborgsgatan-9-3084728617900956089",24-25m²,bostadsratt,2026-07-05T19:28:58.871108
4843144063196505557,https://www.hemnet.se/salda/lagenhet-1rum-centralt-sodertalje-kommun-gastgivaregatan-1-4843144063196505557,24-25m²,bostadsratt,2026-07-05T19:28:58.871109
5898541248193690558,https://www.hemnet.se/salda/lagenhet-1rum-sofia-stockholms-kommun-malmgardsvagen-18-5898541248193690558,24-25m²,bostadsratt,2026-07-05T19:28:58.871110
1973213617224021416,https://www.hemnet.se/salda/lagenhet-1rum-johanneshov-stockholms-kommun-konstgjutarvagen-38-1973213617224021416,24-25m²,bostadsratt,2026-07-05T19:28:58.871112
677945607797347161,https://www.hemnet.se/salda/lagenhet-1rum-vasjon-sollentuna-kommun-fjatursvagen-11-677945607797347161,24-25m²,bostadsratt,2026-07-05T19:28:58.871113
28578426665435668,https://www.hemnet.se/salda/lagenhet-1rum-gullmarsplan-stockholms-kommun-gullmarsvagen-8-28578426665435668,24-25m²,bostadsratt,2026-07-05T19:28:58.871114
3008858441530251947,https://www.hemnet.se/salda/lagenhet-1rum-ostermalm-stockholms-kommun-korsbarsvagen-6-3008858441530251947,24-25m²,bostadsratt,2026-07-05T19:28:58.871115
793697898272102173,https://www.hemnet.se/salda/lagenhet-1rum-centralt-ornskoldsviks-kommun-angermanlandsgatan-16b-793697898272102173,24-25m²,bostadsratt,2026-07-05T19:28:58.871117
3939289588343661897,https://www.hemnet.se/salda/lagenhet-1rum-vasastaden-linkopings-kommun-vasavagen-32-3939289588343661897,24-25m²,bostadsratt,2026-07-05T19:28:58.871118
2790114744096521169,"https://www.hemnet.se/salda/lagenhet-1rum-sodermalm-stockholms-kommun-langholmsgatan-13a,-gardshus-van-4-4-2790114744096521169",24-25m²,bostadsratt,2026-07-05T19:28:58.871119
3630479840336028730,https://www.hemnet.se/salda/lagenhet-1rum-lindholmen-goteborgs-kommun-lodjursstraket-1-3630479840336028730,24-25m²,bostadsratt,2026-07-05T19:28:58.871121
3017364158831309407,https://www.hemnet.se/salda/lagenhet-1rum-midsommarkransen-stockholms-kommun-johannesbergsgatan-3-3017364158831309407,24-25m²,bostadsratt,2026-07-05T19:28:58.871122
1956808435470753059,https://www.hemnet.se/salda/lagenhet-2rum-ostermalm-stockholms-kommun-linnegatan-75-1956808435470753059,24-25m²,bostadsratt,2026-07-05T19:28:58.871123
7389339187678971084,https://www.hemnet.se/salda/lagenhet-1rum-hagerstensasen-telefonplan-stockholms-kommun-backvagen-120-7389339187678971084,24-25m²,bostadsratt,2026-07-05T19:28:58.871125
1971405089235952900,"https://www.hemnet.se/salda/lagenhet-1rum-ostermalm-gardet-stockholms-kommun-furusundsgatan-3,-2tr-1971405089235952900",24-25m²,bostadsratt,2026-07-05T19:28:58.871128
3074840953993782128,https://www.hemnet.se/salda/lagenhet-1rum-centrum-uddevalla-kommun-lilla-torget-1-3074840953993782128,24-25m²,bostadsratt,2026-07-05T19:28:58.871129
2738147973493066926,https://www.hemnet.se/salda/lagenhet-1rum-luthagen-uppsala-kommun-wallingatan-1-2738147973493066926,24-25m²,bostadsratt,2026-07-05T19:28:58.871130
5065609768982471133,https://www.hemnet.se/salda/lagenhet-1rum-kungsholmen-fridhemsplan-stockholms-kommun-gjutargatan-6-5065609768982471133,24-25m²,bostadsratt,2026-07-05T19:28:58.871132
7709684610470564120,https://www.hemnet.se/salda/lagenhet-1rum-huvudsta-solna-kommun-wiboms-vag-4-7709684610470564120,24-25m²,bostadsratt,2026-07-05T19:28:58.871135
1982949534820244023,"https://www.hemnet.se/salda/lagenhet-1rum-tappet-kristianstads-kommun-kantarellvagen,-lgh-229000-1982949534820244023",24-25m²,bostadsratt,2026-07-05T19:28:58.871136
7113322705513062227,https://www.hemnet.se/salda/lagenhet-1rum-vaster-lunds-kommun-trastvagen-9-7113322705513062227,24-25m²,bostadsratt,2026-07-05T19:28:58.871137
866389993250657427,https://www.hemnet.se/salda/lagenhet-1rum-telefonplan-hagersten-stockholms-kommun-boktryckarvagen-7-866389993250657427,24-25m²,bostadsratt,2026-07-05T19:28:58.871139
5212735478381017562,https://www.hemnet.se/salda/lagenhet-1rum-sundsvall-vastermalm-norrmalm-sundsvalls-kommun-storgatan-72a-5212735478381017562,24-25m²,bostadsratt,2026-07-05T19:28:58.871140
7550175940013081087,https://www.hemnet.se/salda/lagenhet-1rum-hagalund-solna-kommun-sylvangatan-5-7550175940013081087,24-25m²,bostadsratt,2026-07-05T19:28:58.871141
7382607585579864269,https://www.hemnet.se/salda/lagenhet-1rum-ostermalm-gardet-stockholms-kommun-rindogatan-5-7382607585579864269,24-25m²,bostadsratt,2026-07-05T19:28:58.871143
2427711139234808825,"https://www.hemnet.se/salda/lagenhet-1rum-vasastan-birkastan-stockholms-kommun-norrbackagatan-14,-4tr-2427711139234808825",24-25m²,bostadsratt,2026-07-05T19:28:58.871144
2604071186453095605,"https://www.hemnet.se/salda/lagenhet-1rum-enskede-gubbangen-stockholms-kommun-sicklingsvagen-3,-3-tr-2604071186453095605",24-25m²,bostadsratt,2026-07-05T19:28:58.871145
691457834971413270,https://www.hemnet.se/salda/lagenhet-1rum-svartbacken-uppsala-kommun-svartbacksgatan-72b-691457834971413270,24-25m²,bostadsratt,2026-07-05T19:28:58.871147
8168037779569747490,https://www.hemnet.se/salda/lagenhet-1rum-klostergarden-lunds-kommun-blidvadersvagen-6b-8168037779569747490,24-25m²,bostadsratt,2026-07-05T19:28:58.871148
1075905066424436227,https://www.hemnet.se/salda/lagenhet-1rum-enebyberg-danderyds-kommun-skolvagen-23a-1075905066424436227,24-25m²,bostadsratt,2026-07-05T19:28:58.871149
1980340381509014433,https://www.hemnet.se/salda/lagenhet-1rum-skelleftea-skelleftea-kommun-stenkilsgatan-46a-1980340381509014433,24-25m²,bostadsratt,2026-07-05T19:28:58.871151
7386723535285218225,https://www.hemnet.se/salda/lagenhet-1rum-gullmarsplan-globen-stockholms-kommun-gullmarsvagen-8-accepterat-pris-7386723535285218225,24-25m²,bostadsratt,2026-07-05T19:28:58.871152
1696420509170763157,https://www.hemnet.se/salda/lagenhet-1rum-kungsholmen-lilla-essingen-stockholms-kommun-stralgatan-35-1696420509170763157,24-25m²,bostadsratt,2026-07-05T19:28:58.871153
8427580979880361196,https://www.hemnet.se/salda/lagenhet-1rum-hammarbyhojden-stockholms-kommun-falkopingsvagen-19-8427580979880361196,24-25m²,bostadsratt,2026-07-05T19:28:58.871155
4114759484146974529,"https://www.hemnet.se/salda/lagenhet-1rum-lanna-huddinge-kommun-stockvagen-3-d,-hus-nr-6-4114759484146974529",24-25m²,bostadsratt,2026-07-05T19:28:58.871158
3868006785706072533,"https://www.hemnet.se/salda/lagenhet-1rum-gardet-stockholms-kommun-furusundsgatan-6,-4-tr-3868006785706072533",24-25m²,bostadsratt,2026-07-05T19:28:58.871159
8203844946838359436,https://www.hemnet.se/salda/lagenhet-1rum-skarmarbrink-stockholms-kommun-pelargatan-11-8203844946838359436,24-25m²,bostadsratt,2026-07-05T19:28:58.871161
5856665658753292366,"https://www.hemnet.se/salda/lagenhet-1rum-sodermalm-katarina-sofia-stockholms-kommun-tjarhovsgatan-22,-5tr-5856665658753292366",24-25m²,bostadsratt,2026-07-05T19:28:58.871162
236046908794817768,https://www.hemnet.se/salda/lagenhet-1rum-centrala-skara-skara-kommun-jarlagatan-22-236046908794817768,24-25m²,bostadsratt,2026-07-05T19:28:58.871163
7726412395860357650,https://www.hemnet.se/salda/lagenhet-2rum-kabdalis-jokkmokks-kommun-mastertoppen-280-c-7726412395860357650,24-25m²,bostadsratt,2026-07-05T19:28:58.871166
9129952541260575738,https://www.hemnet.se/salda/lagenhet-1rum-centralt-oskarshamns-kommun-sodra-langgatan-23b-9129952541260575738,24-25m²,bostadsratt,2026-07-05T19:28:58.871168
2810993044924052001,https://www.hemnet.se/salda/lagenhet-1rum-bjorkekarr-goteborgs-kommun-stabbegatan-41-2810993044924052001,24-25m²,bostadsratt,2026-07-05T19:28:58.871169
7392932341758844527,https://www.hemnet.se/salda/lagenhet-1rum-nobeltorget-malmo-kommun-hassleholmsgatan-6-7392932341758844527,24-25m²,bostadsratt,2026-07-05T19:28:58.871170
6790092582503801227,"https://www.hemnet.se/salda/lagenhet-1rum-kungsholmen-stockholms-kommun-thorildsvagen-1,-4tr-6790092582503801227",24-25m²,bostadsratt,2026-07-05T19:28:58.871172
5381530899294387229,https://www.hemnet.se/salda/lagenhet-1rum-gardet-ostermalm-stockholms-kommun-vartavagen-59-5381530899294387229,24-25m²,bostadsratt,2026-07-05T19:28:58.871173
8421509797918625100,https://www.hemnet.se/salda/lagenhet-1rum-kungsholmen-fridhemsplan-stockholms-kommun-sankt-eriksgatan-41-8421509797918625100,24-25m²,bostadsratt,2026-07-05T19:28:58.871174
5394579985015545277,https://www.hemnet.se/salda/lagenhet-1rum-telefonplan-stockholms-kommun-diavoxvagen-32-5394579985015545277,24-25m²,bostadsratt,2026-07-05T19:28:58.871176
8797004296505973306,https://www.hemnet.se/salda/lagenhet-1rum-kvarngardet-uppsala-kommun-orgelgatan-13-8797004296505973306,24-25m²,bostadsratt,2026-07-05T19:28:58.871177
8448849396804165416,"https://www.hemnet.se/salda/lagenhet-1rum-lilla-essingen-kungsholmen-stockholms-kommun-stralgatan-21,-van-4-av-4-8448849396804165416",24-25m²,bostadsratt,2026-07-05T19:28:58.871178
4512591062095494931,"https://www.hemnet.se/salda/lagenhet-1rum-sodermalm-nytorget-stockholms-kommun-nytorgsgatan-33,-4-tr-4512591062095494931",24-25m²,bostadsratt,2026-07-05T19:28:58.871180
4369828235206226831,https://www.hemnet.se/salda/lagenhet-1rum-dammfri-malmo-kommun-angdalavagen-31-4369828235206226831,24-25m²,bostadsratt,2026-07-05T19:28:58.871183
1432223114438195411,https://www.hemnet.se/salda/lagenhet-1rum-ostermalm-stockholms-kommun-valhallavagen-152b-1432223114438195411,24-25m²,bostadsratt,2026-07-05T19:28:58.871184
1278986585586232205,https://www.hemnet.se/salda/lagenhet-1rum-gavle-centrum-gavle-kommun-norra-kungsgatan-35a-1278986585586232205,24-25m²,bostadsratt,2026-07-05T19:28:58.871186
362805480129191069,https://www.hemnet.se/salda/lagenhet-1rum-vasastan-birkastan-stockholms-kommun-bravallagatan-8-362805480129191069,24-25m²,bostadsratt,2026-07-05T19:28:58.871187
763963716380029786,"https://www.hemnet.se/salda/lagenhet-1rum-solna-solna-kommun-rasundavagen-134,-3-tr-763963716380029786",24-25m²,bostadsratt,2026-07-05T19:28:58.871188
6703005622313659304,"https://www.hemnet.se/salda/lagenhet-1rum-hornstull-hogalid-stockholms-kommun-tobaksspinnargatan-6,-5-tr-6703005622313659304",24-25m²,bostadsratt,2026-07-05T19:28:58.871190
4331815292201038493,https://www.hemnet.se/salda/lagenhet-1rum-gustavsberg-osby-sjopark-varmdo-kommun-skogsbovagen-18-4331815292201038493,24-25m²,bostadsratt,2026-07-05T19:28:58.871191
6153913258294364974,https://www.hemnet.se/salda/lagenhet-1rum-sodermalm-stockholms-kommun-langholmsgatan-13a-6153913258294364974,24-25m²,bostadsratt,2026-07-05T19:28:58.871192
7622347043767785188,https://www.hemnet.se/salda/lagenhet-1rum-sodermalm-stockholms-kommun-gotlandsgatan-64-7622347043767785188,24-25m²,bostadsratt,2026-07-05T19:28:58.871194
6250461187528300698,https://www.hemnet.se/salda/lagenhet-1rum-brotorp-jarvastaden-sundbybergs-kommun-brogatan-7-6250461187528300698,24-25m²,bostadsratt,2026-07-05T19:28:58.871195
3027875137157938595,https://www.hemnet.se/salda/lagenhet-1rum-centrum-harnosands-kommun-storgatan-3a-3027875137157938595,24-25m²,bostadsratt,2026-07-05T19:28:58.871196
4425102203210529106,https://www.hemnet.se/salda/lagenhet-1rum-centralt-ornskoldsviks-kommun-angermanlandsgatan-14b-4425102203210529106,24-25m²,bostadsratt,2026-07-05T19:28:58.871198
8760793644887070691,https://www.hemnet.se/salda/lagenhet-2rum-storklinten-bodens-kommun-storklinten-105c-8760793644887070691,24-25m²,bostadsratt,2026-07-05T19:28:58.871199
2087487829155394470,"https://www.hemnet.se/salda/lagenhet-1rum-lilla-essingen-stockholms-kommun-stralgatan-35,-3-tr-2087487829155394470",24-25m²,bostadsratt,2026-07-05T19:28:58.871200
5564531426356371430,https://www.hemnet.se/salda/lagenhet-1rum-sodra-guldheden-goteborgs-kommun-doktor-hjorts-gata-1d-5564531426356371430,24-25m²,bostadsratt,2026-07-05T19:28:58.871202
8470870310179916641,"https://www.hemnet.se/salda/lagenhet-1rum-sodermalm-hogalid-stockholms-kommun-kristinehovsgatan-5a,-3tr-8470870310179916641",24-25m²,bostadsratt,2026-07-05T19:28:58.871205
627704422948770175,https://www.hemnet.se/salda/lagenhet-1rum-vasastan-roda-bergen-stockholms-kommun-torsgatan-74-627704422948770175,24-25m²,bostadsratt,2026-07-05T19:28:58.871206
3712852854186297139,"https://www.hemnet.se/salda/lagenhet-1rum-fruangen-stockholms-kommun-lina-sandells-plan-2,-7-tr-3712852854186297139",24-25m²,bostadsratt,2026-07-05T19:28:58.871208
7825013348802090822,https://www.hemnet.se/salda/lagenhet-1rum-lilla-alby-sundbybergs-kommun-tradgardsgatan-5-7825013348802090822,24-25m²,bostadsratt,2026-07-05T19:28:58.871209
1906735515450269319,https://www.hemnet.se/salda/lagenhet-1rum-sodermalm-kvarnberget-stockholms-kommun-nytorgsgatan-15-1906735515450269319,24-25m²,bostadsratt,2026-07-05T19:28:58.871211
8325511739539542918,https://www.hemnet.se/salda/lagenhet-1rum-centralt-norr-orebro-kommun-schantzgatan-10a-8325511739539542918,24-25m²,bostadsratt,2026-07-05T19:28:58.871212
4376915384963945999,https://www.hemnet.se/salda/lagenhet-1rum-globen-johanneshov-stockholms-kommun-pastellvagen-15-4376915384963945999,24-25m²,bostadsratt,2026-07-05T19:28:58.871213
6314740053394945097,https://www.hemnet.se/salda/lagenhet-1rum-centralt-ostersunds-kommun-radhusgatan-80-a-6314740053394945097,24-25m²,bostadsratt,2026-07-05T19:28:58.871215
936418455007236131,https://www.hemnet.se/salda/lagenhet-1rum-gullmarsplan-stockholms-kommun-gullmarsvagen-8-936418455007236131,24-25m²,bostadsratt,2026-07-05T19:28:58.871216
3894373745453299039,https://www.hemnet.se/salda/lagenhet-1rum-soder-helsingborgs-kommun-carl-krooks-gata-36a-3894373745453299039,24-25m²,bostadsratt,2026-07-05T19:28:58.871217
1180382965650979897,https://www.hemnet.se/salda/lagenhet-1rum-sodermalm-stockholms-kommun-folkungagatan-101-1180382965650979897,24-25m²,bostadsratt,2026-07-05T19:28:58.871219
7674064170550602798,https://www.hemnet.se/salda/lagenhet-1rum-morbylund-danderyds-kommun-morbylund-13c-7674064170550602798,24-25m²,bostadsratt,2026-07-05T19:28:58.871220
7092625567190881392,"https://www.hemnet.se/salda/lagenhet-1rum-kungsholmen-stockholms-kommun-kungsklippan-11,-3-tr-7092625567190881392",24-25m²,bostadsratt,2026-07-05T19:28:58.871221
8588088399320590977,"https://www.hemnet.se/salda/lagenhet-1rum-sodermalm-katarina-sofia-stockholms-kommun-asogatan-181,-3-tr-8588088399320590977",24-25m²,bostadsratt,2026-07-05T19:28:58.871222
2694724429237782044,"https://www.hemnet.se/salda/lagenhet-1rum-sodermalm-nytorget-stockholms-kommun-renstiernas-gata-30,-5-tr-2694724429237782044",24-25m²,bostadsratt,2026-07-05T19:28:58.871224
2461446449813713863,https://www.hemnet.se/salda/lagenhet-1rum-hammarbyhojden-stockholms-kommun-johan-printz-vag-32-2461446449813713863,24-25m²,bostadsratt,2026-07-05T19:28:58.871225
8775194093850471151,"https://www.hemnet.se/salda/lagenhet-1rum-kungsholmen-stadshagen-stockholms-kommun-sankt-goransgatan-153,-vaning-9-8775194093850471151",24-25m²,bostadsratt,2026-07-05T19:28:58.871227
6898096132359866140,https://www.hemnet.se/salda/lagenhet-1rum-enskede-stockholms-kommun-nynasvagen-318-6898096132359866140,24-25m²,bostadsratt,2026-07-05T19:28:58.871230
4832197829069891699,https://www.hemnet.se/salda/lagenhet-1rum-enskededalen-stockholms-kommun-guldsmedsvagen-3-4832197829069891699,24-25m²,bostadsratt,2026-07-05T19:28:58.871231
4723132503419872306,https://www.hemnet.se/salda/lagenhet-1rum-centralt-ostersunds-kommun-storgatan-49-b-4723132503419872306,24-25m²,bostadsratt,2026-07-05T19:28:58.871232
291096671676159590,"https://www.hemnet.se/salda/lagenhet-1rum-gardet-stockholms-kommun-sandhamnsgatan-23,-9-tr-291096671676159590",24-25m²,bostadsratt,2026-07-05T19:28:58.871234
5092744895973751082,"https://www.hemnet.se/salda/lagenhet-1rum-ostermalmstorg-stureplan-stockholms-kommun-linnegatan-39b,4tr-5092744895973751082",24-25m²,bostadsratt,2026-07-05T19:28:58.871235
6150791883560684094,https://www.hemnet.se/salda/lagenhet-1rum-ostermalm-stockholms-kommun-grevgatan-47b-6150791883560684094,24-25m²,bostadsratt,2026-07-05T19:28:58.871236
3663686721819905927,https://www.hemnet.se/salda/lagenhet-1rum-sofiaparken-lunds-kommun-sofiavagen-5d-3663686721819905927,24-25m²,bostadsratt,2026-07-05T19:28:58.871238
558333632221255363,https://www.hemnet.se/salda/lagenhet-1rum-kungalv-centralt-kungalvs-kommun-selma-lagerlofs-gata-11-558333632221255363,24-25m²,bostadsratt,2026-07-05T19:28:58.871239
7114737545841979960,https://www.hemnet.se/salda/lagenhet-1rum-kungsholmen-stockholms-kommun-kungsklippan-11-7114737545841979960,24-25m²,bostadsratt,2026-07-05T19:28:58.871242
3478926164525288364,https://www.hemnet.se/salda/lagenhet-1rum-johanneberg-goteborgs-kommun-gibraltargatan-21-a-3478926164525288364,24-25m²,bostadsratt,2026-07-05T19:28:58.871243
7946791432274914643,https://www.hemnet.se/salda/lagenhet-1rum-haggvik-sollentuna-kommun-skalbyvagen-2-7946791432274914643,24-25m²,bostadsratt,2026-07-05T19:28:58.871245
9152865276433059199,https://www.hemnet.se/salda/lagenhet-1rum-hagastaden-solna-kommun-olof-af-acrels-vag-3-9152865276433059199,24-25m²,bostadsratt,2026-07-05T19:28:58.871246
4713405913389493944,https://www.hemnet.se/salda/lagenhet-1rum-sodermalm-stockholms-kommun-asogatan-92-4713405913389493944,24-25m²,bostadsratt,2026-07-05T19:28:58.871247
7730356580248767257,https://www.hemnet.se/salda/lagenhet-1rum-gustavsberg-osby-sjopark-varmdo-kommun-skogsbovagen-22-7730356580248767257,24-25m²,bostadsratt,2026-07-05T19:28:58.871249
5416798831897709574,"https://www.hemnet.se/salda/lagenhet-1rum-sodermalm-stockholms-kommun-folkungagatan-65,-5-tr-5416798831897709574",24-25m²,bostadsratt,2026-07-05T19:28:58.871250
2271298355340961484,https://www.hemnet.se/salda/lagenhet-1rum-segevang-malmo-kommun-kronetorpsgatan-60-a-2271298355340961484,24-25m²,bostadsratt,2026-07-05T19:28:58.871251
8011224230178804872,"https://www.hemnet.se/salda/lagenhet-1rum-arsta-stockholms-kommun-arstavagen-81,-2tr-8011224230178804872",24-25m²,bostadsratt,2026-07-05T19:28:58.871253
8084248552685297799,https://www.hemnet.se/salda/lagenhet-1rum-ostermalm-stockholms-kommun-nybrogatan-72-8084248552685297799,24-25m²,bostadsratt,2026-07-05T19:28:58.871254
8674498771816966242,https://www.hemnet.se/salda/lagenhet-1rum-kungsholmen-stockholms-kommun-alstromergatan-32u-8674498771816966242,24-25m²,bostadsratt,2026-07-05T19:28:58.871257
3019664564725792467,"https://www.hemnet.se/salda/lagenhet-1rum-sodermalm-stockholms-kommun-tjarhovsgatan-22,-5-tr-3019664564725792467",24-25m²,bostadsratt,2026-07-05T19:28:58.871258
5219496679166390886,"https://www.hemnet.se/salda/lagenhet-1rum-gullmarsplan-johanneshov-stockholms-kommun-skulptorvagen-15,-3tr-5219496679166390886",24-25m²,bostadsratt,2026-07-05T19:28:58.871260
3237967801801174052,https://www.hemnet.se/salda/lagenhet-1rum-johanneberg-goteborgs-kommun-gibraltargatan-21d-3237967801801174052,24-25m²,bostadsratt,2026-07-05T19:28:58.871261
4680068251409679949,"https://www.hemnet.se/salda/lagenhet-1rum-gardet-ostermalm-stockholms-kommun-furusundsgatan-15,-1tr-4680068251409679949",24-25m²,bostadsratt,2026-07-05T19:28:58.871262
8385504569215109145,https://www.hemnet.se/salda/lagenhet-1rum-flemingsberg-huddinge-kommun-terapivagen-12d-8385504569215109145,24-25m²,bostadsratt,2026-07-05T19:28:58.871264
591443792413548190,https://www.hemnet.se/salda/lagenhet-1rum-kungsholmen-nedre-kungsholmen-stockholms-kommun-kungsbro-strand-21-591443792413548190,24-25m²,bostadsratt,2026-07-05T19:28:58.871265
3701709555622388850,"https://www.hemnet.se/salda/lagenhet-1rum-sodermalm-nytorget-stockholms-kommun-asogatan-163,-5-tr-3701709555622388850",24-25m²,bostadsratt,2026-07-05T19:28:58.871267
1241088262299901560,https://www.hemnet.se/salda/lagenhet-1rum-framre-luthagen-uppsala-kommun-sysslomansgatan-7-1241088262299901560,24-25m²,bostadsratt,2026-07-05T19:28:58.871268
6765174631682283099,"https://www.hemnet.se/salda/lagenhet-1,5rum-vasastan-atlas-stockholms-kommun-atlasgatan-13-6765174631682283099",24-25m²,bostadsratt,2026-07-05T19:28:58.871269
7205781145269315908,https://www.hemnet.se/salda/lagenhet-1rum-centrala-vasby-upplands-vasby-kommun-centralvagen-11b-7205781145269315908,24-25m²,bostadsratt,2026-07-05T19:28:58.871271
168607516932037146,"https://www.hemnet.se/salda/lagenhet-1rum-sodermalm-stockholms-kommun-lundagatan-36d,-4-tr-168607516932037146",24-25m²,bostadsratt,2026-07-05T19:28:58.871272
1704590610894182585,https://www.hemnet.se/salda/lagenhet-1rum-centrala-haninge-haninge-kommun-bragevagen-19-1704590610894182585,24-25m²,bostadsratt,2026-07-05T19:28:58.871273
8970694474811517769,https://www.hemnet.se/salda/lagenhet-1rum-bromma-johannesfred-stockholms-kommun-granbacken-22-8970694474811517769,24-25m²,bostadsratt,2026-07-05T19:28:58.871275
2404405180582283536,https://www.hemnet.se/salda/lagenhet-1rum-gideonsberg-vasteras-kommun-blomstergatan-8-2404405180582283536,24-25m²,bostadsratt,2026-07-05T19:28:58.871278
5210033521425411957,https://www.hemnet.se/salda/lagenhet-1rum-sodermalm-stockholms-kommun-bjorngardsgatan-3-5210033521425411957,24-25m²,bostadsratt,2026-07-05T19:28:58.871279
24865599991872908,https://www.hemnet.se/salda/lagenhet-1rum-haggvik-sollentuna-kommun-skalbyvagen-2-24865599991872908,24-25m²,bostadsratt,2026-07-05T19:28:58.871282
5675579031667118238,"https://www.hemnet.se/salda/lagenhet-1rum-rasunda-solna-kommun-rasundavagen-133a,-2tr-5675579031667118238",24-25m²,bostadsratt,2026-07-05T19:28:58.871283
574935991071440198,https://www.hemnet.se/salda/lagenhet-1rum-helsingborg-helsingborgs-kommun-s-t-peders-gata-19-574935991071440198,24-25m²,bostadsratt,2026-07-05T19:28:58.871285
3650500598211906430,https://www.hemnet.se/salda/lagenhet-1rum-kungsholmen-stockholms-kommun-sysslomansgatan-24-3650500598211906430,24-25m²,bostadsratt,2026-07-05T19:28:58.871286
8408733322282172691,https://www.hemnet.se/salda/lagenhet-1rum-haga-norra-solna-kommun-sylvangatan-9-8408733322282172691,24-25m²,bostadsratt,2026-07-05T19:28:58.871287
533252128662433586,https://www.hemnet.se/salda/lagenhet-1rum-ostersund-centrum-ostersunds-kommun-strandgatan-22b-533252128662433586,24-25m²,bostadsratt,2026-07-05T19:28:58.871289
333438233350043202,https://www.hemnet.se/salda/lagenhet-1rum-ostermalm-stockholms-kommun-kommendorsgatan-33a-333438233350043202,24-25m²,bostadsratt,2026-07-05T19:28:58.871290
4857497558539054488,https://www.hemnet.se/salda/lagenhet-1rum-kungsholmen-fredhall-stockholms-kommun-stagneliusvagen-32-4857497558539054488,24-25m²,bostadsratt,2026-07-05T19:28:58.871291
1872115354021735869,"https://www.hemnet.se/salda/lagenhet-1rum-sodermalm-maria-hogalid-stockholms-kommun-hornsgatan-151,-4-tr-1872115354021735869",24-25m²,bostadsratt,2026-07-05T19:28:58.871293
2559617621406925707,https://www.hemnet.se/salda/lagenhet-1rum-ostermalm-vasastan-stockholms-kommun-korsbarsvagen-6-2559617621406925707,24-25m²,bostadsratt,2026-07-05T19:28:58.871294
6342339470091036008,https://www.hemnet.se/salda/lagenhet-1rum-hagastaden-solna-kommun-olof-af-acrels-vag-5-6342339470091036008,24-25m²,bostadsratt,2026-07-05T19:28:58.871295
3648353491807571973,https://www.hemnet.se/salda/lagenhet-1rum-hornstull-hogalid-stockholms-kommun-lundagatan-36b-3648353491807571973,24-25m²,bostadsratt,2026-07-05T19:28:58.871297
8910904016667167289,"https://www.hemnet.se/salda/lagenhet-1rum-vasastan-atlas-stockholms-kommun-torsgatan-33,-4-tr-8910904016667167289",24-25m²,bostadsratt,2026-07-05T19:28:58.871298
3720622346843897098,https://www.hemnet.se/salda/lagenhet-1rum-ornskoldsvik-ornskoldsviks-kommun-angermanlandsgatan-16a-3720622346843897098,24-25m²,bostadsratt,2026-07-05T19:28:58.871299
6726588887864864957,https://www.hemnet.se/salda/lagenhet-1rum-vaster-lunds-kommun-trastvagen-9-6726588887864864957,24-25m²,bostadsratt,2026-07-05T19:28:58.871301
4330324813456530616,https://www.hemnet.se/salda/lagenhet-1rum-gamla-masthugget-goteborgs-kommun-sjomansgatan-3-4330324813456530616,24-25m²,bostadsratt,2026-07-05T19:28:58.871302
7525099209616397080,https://www.hemnet.se/salda/lagenhet-1rum-hagernas-taby-kommun-radarvagen-15-7525099209616397080,24-25m²,bostadsratt,2026-07-05T19:28:58.871303
3543973007997385742,https://www.hemnet.se/salda/lagenhet-1rum-dammfri-malmo-kommun-pilakersvagen-4a-3543973007997385742,24-25m²,bostadsratt,2026-07-05T19:28:58.871305
2830602323249681064,"https://www.hemnet.se/salda/lagenhet-1rum-kungsholmen-stockholms-kommun-fridhemsgatan-60,-2tr-2830602323249681064",24-25m²,bostadsratt,2026-07-05T19:28:58.871306
6470112398516964810,https://www.hemnet.se/salda/lagenhet-1rum-masthugget-goteborgs-kommun-klostergangen-7-6470112398516964810,24-25m²,bostadsratt,2026-07-05T19:28:58.871307
758426723835879740,https://www.hemnet.se/salda/lagenhet-1rum-kungsholmen-stockholms-kommun-alstromergatan-49-758426723835879740,24-25m²,bostadsratt,2026-07-05T19:28:58.871308
2629497545454960601,"https://www.hemnet.se/salda/lagenhet-1rum-lilla-essingen-stockholms-kommun-disponentgatan-2,-van-5-5-2629497545454960601",24-25m²,bostadsratt,2026-07-05T19:28:58.871310
7927635288363116944,https://www.hemnet.se/salda/lagenhet-1rum-vasastan-stockholms-kommun-upplandsgatan-25a-7927635288363116944,24-25m²,bostadsratt,2026-07-05T19:28:58.871311
9153786644184004594,https://www.hemnet.se/salda/lagenhet-1rum-globen-stockholms-kommun-konstgjutarvagen-38-9153786644184004594,24-25m²,bostadsratt,2026-07-05T19:28:58.871312
6844594766353654198,"https://www.hemnet.se/salda/lagenhet-1rum-vasastan-birkastan-stockholms-kommun-tomtebogatan-39,-1tr,-6844594766353654198",24-25m²,bostadsratt,2026-07-05T19:28:58.871314
5997761871809346691,https://www.hemnet.se/salda/lagenhet-1rum-johanneshov-stockholms-kommun-pelargatan-7-5997761871809346691,24-25m²,bostadsratt,2026-07-05T19:28:58.871317
3510408159381207031,"https://www.hemnet.se/salda/lagenhet-1rum-vasastan-stockholms-kommun-sveavagen-140,-3-5-tr-3510408159381207031",24-25m²,bostadsratt,2026-07-05T19:28:58.871318
8914133362375541183,https://www.hemnet.se/salda/lagenhet-1rum-gardet-stockholms-kommun-erik-dahlbergsgatan-18-8914133362375541183,24-25m²,bostadsratt,2026-07-05T19:28:58.871319
663795026698943282,"https://www.hemnet.se/salda/lagenhet-1rum-kungsholmen-stockholms-kommun-kungsklippan-11,-2-tr-663795026698943282",24-25m²,bostadsratt,2026-07-05T19:28:58.871321
4755573837714050070,"https://www.hemnet.se/salda/lagenhet-1rum-arsta-stockholms-kommun-jarnlundsvagen-22,-5-tr-4755573837714050070",24-25m²,bostadsratt,2026-07-05T19:28:58.871324
4091841728375602477,https://www.hemnet.se/salda/lagenhet-1rum-vallingby-centrum-stockholms-kommun-jamtlandsgatan-96-4091841728375602477,24-25m²,bostadsratt,2026-07-05T19:28:58.871325
7943494060337459993,"https://www.hemnet.se/salda/lagenhet-1rum-haga-norra-solna-kommun-sylvangatan-5,-van-4-7943494060337459993",24-25m²,bostadsratt,2026-07-05T19:28:58.871327
8457694586715492968,https://www.hemnet.se/salda/lagenhet-1rum-blasut-stockholms-kommun-blasutvagen-7-8457694586715492968,24-25m²,bostadsratt,2026-07-05T19:28:58.871328
2914314989993314433,https://www.hemnet.se/salda/lagenhet-1rum-fimmelstangen-vasterviks-kommun-bjorklundsgatan-5f-2914314989993314433,24-25m²,bostadsratt,2026-07-05T19:28:58.871329
4967375296748668139,"https://www.hemnet.se/salda/lagenhet-1,5rum-centrala-sundbyberg-sundbybergs-kommun-tulegatan-29b-4967375296748668139",24-25m²,bostadsratt,2026-07-05T19:28:58.871331
5887786597669169785,https://www.hemnet.se/salda/lagenhet-1rum-barkarbystaden-jarfalla-kommun-barkarbyvagen-88-5887786597669169785,24-25m²,bostadsratt,2026-07-05T19:28:58.871332
937755948614173022,https://www.hemnet.se/salda/lagenhet-1rum-planetstaden-lunds-kommun-vintergatan-7c-937755948614173022,24-25m²,bostadsratt,2026-07-05T19:28:58.871333
5839714864343612634,https://www.hemnet.se/salda/lagenhet-1rum-gideonsberg-vasteras-kommun-blomstergatan-2-5839714864343612634,24-25m²,bostadsratt,2026-07-05T19:28:58.871335
8867145874024272032,"https://www.hemnet.se/salda/lagenhet-1,5rum-centrala-sundbyberg-sundbybergs-kommun-rastensgatan-11-8867145874024272032",24-25m²,bostadsratt,2026-07-05T19:28:58.871336
2126584809742905327,https://www.hemnet.se/salda/lagenhet-1rum-blackeberg-stockholms-kommun-arvid-mornes-vag-52-2126584809742905327,24-25m²,bostadsratt,2026-07-05T19:28:58.871337
3804708343963157040,https://www.hemnet.se/salda/lagenhet-1rum-tullingeberg-botkyrka-kommun-manstorpsvagen-2-3804708343963157040,24-25m²,bostadsratt,2026-07-05T19:28:58.871339
905565653415083645,"https://www.hemnet.se/salda/lagenhet-1rum-kristineberg-stockholms-kommun-lidnersplan-16,-2,5-tr-905565653415083645",24-25m²,bostadsratt,2026-07-05T19:28:58.871340
2703389866989052698,https://www.hemnet.se/salda/lagenhet-1rum-orby-stockholms-kommun-turingevagen-42-2703389866989052698,24-25m²,bostadsratt,2026-07-05T19:28:58.871341
8566546383054014120,https://www.hemnet.se/salda/lagenhet-1rum-enebyberg-danderyds-kommun-skolvagen-23a-8566546383054014120,24-25m²,bostadsratt,2026-07-05T19:28:58.871342
2518026312810813176,https://www.hemnet.se/salda/lagenhet-1rum-stavsnas-varmdo-kommun-skogsglantevagen-8c-2518026312810813176,24-25m²,bostadsratt,2026-07-05T19:28:58.871344
2648117680150121393,https://www.hemnet.se/salda/lagenhet-1rum-centrala-haninge-haninge-kommun-bragevagen-19-2648117680150121393,24-25m²,bostadsratt,2026-07-05T19:28:58.871345
6339334445621320055,https://www.hemnet.se/salda/lagenhet-1rum-katarina-stockholms-kommun-gotlandsgatan-64-6339334445621320055,24-25m²,bostadsratt,2026-07-05T19:28:58.871346
6219969174524650717,https://www.hemnet.se/salda/lagenhet-1rum-johanneshov-stockholms-kommun-bildhuggarvagen-4-6219969174524650717,24-25m²,bostadsratt,2026-07-05T19:28:58.871348
3438086023377991130,"https://www.hemnet.se/salda/lagenhet-1rum-vasastan-sibirien-stockholms-kommun-roslagsgatan-29a,-2-tr-3438086023377991130",24-25m²,bostadsratt,2026-07-05T19:28:58.871351
3422778703677090801,https://www.hemnet.se/salda/lagenhet-1rum-sodermalm-zinkensdamm-stockholms-kommun-krukmakargatan-38-3422778703677090801,24-25m²,bostadsratt,2026-07-05T19:28:58.871352
5270559225015188404,https://www.hemnet.se/salda/lagenhet-1rum-ostermalm-stockholms-kommun-sibyllegatan-26-5270559225015188404,24-25m²,bostadsratt,2026-07-05T19:28:58.871354
387127226453334415,https://www.hemnet.se/salda/lagenhet-1rum-atlasomradet-stockholms-kommun-atlasgatan-13-387127226453334415,24-25m²,bostadsratt,2026-07-05T19:28:58.871355
1354112698911710242,https://www.hemnet.se/salda/lagenhet-1rum-sodermalm-hogalid-stockholms-kommun-folkskolegatan-12-1354112698911710242,24-25m²,bostadsratt,2026-07-05T19:28:58.871361
2826126601512562308,https://www.hemnet.se/salda/lagenhet-1rum-arsta-uppsala-kommun-fyrislundsgatan-46-2826126601512562308,24-25m²,bostadsratt,2026-07-05T19:28:58.871363
7435860981502949835,https://www.hemnet.se/salda/lagenhet-1rum-segevang-malmo-kommun-kronetorpsgatan-60b-7435860981502949835,24-25m²,bostadsratt,2026-07-05T19:28:58.871364
8918341694732418606,https://www.hemnet.se/salda/lagenhet-1rum-falhagen-uppsala-kommun-hjalmar-brantingsgatan-25-8918341694732418606,24-25m²,bostadsratt,2026-07-05T19:28:58.871366
3897246098429840825,"https://www.hemnet.se/salda/lagenhet-1rum-hagastaden-karolinska-solna-kommun-olof-af-acrels-vag-5,-4tr-3897246098429840825",24-25m²,bostadsratt,2026-07-05T19:28:58.871367
7994441591478995312,https://www.hemnet.se/salda/lagenhet-1rum-molndal-bosgarden-molndals-kommun-hagakersgatan-24a-7994441591478995312,24-25m²,bostadsratt,2026-07-05T19:28:58.871368
2082146135363148248,https://www.hemnet.se/salda/lagenhet-2rum-enskede-stureby-stockholms-kommun-backaskiftsvagen-11a-2082146135363148248,24-25m²,bostadsratt,2026-07-05T19:28:58.871370
6276522466219862349,https://www.hemnet.se/salda/lagenhet-1rum-vasastan-atlas-stockholms-kommun-vulcanusgatan-3-6276522466219862349,24-25m²,bostadsratt,2026-07-05T19:28:58.871371
2321071336670804904,https://www.hemnet.se/salda/lagenhet-1rum-gustavsberg-skogsbo-varmdo-kommun-skogsbovagen-20-2321071336670804904,24-25m²,bostadsratt,2026-07-05T19:28:58.871372
5835900994237581876,https://www.hemnet.se/salda/lagenhet-1rum-masthugget-goteborgs-kommun-mattssonsliden-28-5835900994237581876,24-25m²,bostadsratt,2026-07-05T19:28:58.871375
2376940780717036393,https://www.hemnet.se/salda/lagenhet-1rum-luthagen-uppsala-kommun-luthagsesplanaden-28-a-2376940780717036393,24-25m²,bostadsratt,2026-07-05T19:28:58.871377
6499841868366426818,https://www.hemnet.se/salda/lagenhet-1rum-centrum-uppsala-kommun-kungsangsgatan-23-6499841868366426818,24-25m²,bostadsratt,2026-07-05T19:28:58.871378
9005611753801658021,https://www.hemnet.se/salda/lagenhet-1rum-porslinskvarteren-varmdo-kommun-stig-lindbergs-gata-19a-9005611753801658021,24-25m²,bostadsratt,2026-07-05T19:28:58.871379
4304667083914318399,https://www.hemnet.se/salda/lagenhet-1rum-centrala-sodertalje-sodertalje-kommun-dalgatan-23-4304667083914318399,24-25m²,bostadsratt,2026-07-05T19:28:58.871381
7278286638507089426,"https://www.hemnet.se/salda/lagenhet-1rum-sodermalm-maria-hogalid-stockholms-kommun-slipgatan-14,-1-tr-7278286638507089426",24-25m²,bostadsratt,2026-07-05T19:28:58.871382
7452079655130085459,https://www.hemnet.se/salda/lagenhet-1rum-luossavaara-kiruna-kommun-dubengatan-33b-7452079655130085459,24-25m²,bostadsratt,2026-07-05T19:28:58.871384
1402936937851259547,https://www.hemnet.se/salda/lagenhet-1rum-falhagen-uppsala-kommun-petterslundsgatan-14e-1402936937851259547,24-25m²,bostadsratt,2026-07-05T19:28:58.871385
9069280908738430341,https://www.hemnet.se/salda/lagenhet-1rum-kungsholmen-lilla-essingen-stockholms-kommun-essinge-brogata-22-9069280908738430341,24-25m²,bostadsratt,2026-07-05T19:28:58.871386
5879862946096706432,https://www.hemnet.se/salda/lagenhet-1rum-ostermalm-stockholms-kommun-grevgatan-19-5879862946096706432,24-25m²,bostadsratt,2026-07-05T19:28:58.871388
5108278826084537644,https://www.hemnet.se/salda/lagenhet-1rum-lorensborg-malmo-kommun-vendelsfridsgatan-2b-5108278826084537644,24-25m²,bostadsratt,2026-07-05T19:28:58.871389
1679933650151254982,https://www.hemnet.se/salda/lagenhet-1rum-gotland-vastra-gotlands-kommun-sanda-stora-varbos-840-bjorkhaga-stuga-44-1679933650151254982,24-25m²,bostadsratt,2026-07-05T19:28:58.871391
1257688697884336259,https://www.hemnet.se/salda/lagenhet-1rum-centralt-ornskoldsvik-ornskoldsviks-kommun-angermanlandsgatan-16b-1257688697884336259,24-25m²,bostadsratt,2026-07-05T19:28:58.871392
8615521470328251414,https://www.hemnet.se/salda/lagenhet-1rum-kungsholmen-stockholms-kommun-kungsholms-strand-139-8615521470328251414,24-25m²,bostadsratt,2026-07-05T19:28:58.871393
7006454490639348319,https://www.hemnet.se/salda/lagenhet-1rum-centralt-ornskoldsviks-kommun-nygatan-11-b-7006454490639348319,24-25m²,bostadsratt,2026-07-05T19:28:58.871395
3524007481966029307,https://www.hemnet.se/salda/lagenhet-1rum-skovde-skovde-kommun-tranggatan-7a-3524007481966029307,24-25m²,bostadsratt,2026-07-05T19:28:58.871398
8953672738031619826,"https://www.hemnet.se/salda/lagenhet-1rum-arsta-stockholms-kommun-jarnlundsvagen-22,-4tr-8953672738031619826",24-25m²,bostadsratt,2026-07-05T19:28:58.871399
8654093617450738638,https://www.hemnet.se/salda/lagenhet-1rum-vasastan-stockholms-kommun-observatoriegatan-22-8654093617450738638,24-25m²,bostadsratt,2026-07-05T19:28:58.871400
1450513702251856870,"https://www.hemnet.se/salda/lagenhet-1rum-kungsholmen-radhuset-stockholms-kommun-kungsklippan-11,-2tr-1450513702251856870",24-25m²,bostadsratt,2026-07-05T19:28:58.871402
4631405329909725446,https://www.hemnet.se/salda/lagenhet-1rum-skytteholm-solna-kommun-framnasbacken-26-4631405329909725446,24-25m²,bostadsratt,2026-07-05T19:28:58.871403
4217687299965765763,https://www.hemnet.se/salda/lagenhet-1rum-storvik-sandvikens-kommun-thore-petregatan-3b-4217687299965765763,24-25m²,bostadsratt,2026-07-05T19:28:58.871404
413408909523681023,https://www.hemnet.se/salda/lagenhet-1rum-hammarbyhojden-stockholms-kommun-fyrskeppsvagen-45-413408909523681023,24-25m²,bostadsratt,2026-07-05T19:28:58.871406
7997329114401916884,https://www.hemnet.se/salda/lagenhet-1rum-skondal-stockholms-kommun-gebersvagen-20-7997329114401916884,24-25m²,bostadsratt,2026-07-05T19:28:58.871407
2242800783311665922,https://www.hemnet.se/salda/lagenhet-1rum-jarnbrott-goteborgs-kommun-bildradiogatan-6-2242800783311665922,24-25m²,bostadsratt,2026-07-05T19:28:58.871408
4748116403978744304,"https://www.hemnet.se/salda/lagenhet-1rum-sannegardshamnen,-lindholmen,-goteborg-goteborgs-kommun-lodjursstraket-1-4748116403978744304",24-25m²,bostadsratt,2026-07-05T19:28:58.871410
1623737104382074663,"https://www.hemnet.se/salda/lagenhet-1rum-sodermalm-stockholms-kommun-heleneborgsgatan-9c,-0,5-tr-o,g-1623737104382074663",24-25m²,bostadsratt,2026-07-05T19:28:58.871411
1321278511359045156,https://www.hemnet.se/salda/lagenhet-1rum-handen-haninge-kommun-midgardsvagen-22-lgh-1202-1321278511359045156,24-25m²,bostadsratt,2026-07-05T19:28:58.871412
7766057043072449321,https://www.hemnet.se/salda/lagenhet-1rum-edsviken-sollentuna-kommun-snickarevagen-3a-7766057043072449321,24-25m²,bostadsratt,2026-07-05T19:28:58.871414
374687416909883537,"https://www.hemnet.se/salda/lagenhet-1rum-vasastan-odenplan-stockholms-kommun-sveavagen-140,-4-tr-374687416909883537",24-25m²,bostadsratt,2026-07-05T19:28:58.871415
9057067755150765736,https://www.hemnet.se/salda/lagenhet-1rum-hagastaden-karolinska-solna-kommun-olof-af-acrels-vag-3-9057067755150765736,24-25m²,bostadsratt,2026-07-05T19:28:58.871416
3043905749893258632,https://www.hemnet.se/salda/lagenhet-1rum-katarina-sofia-stockholms-kommun-asogatan-190-3043905749893258632,24-25m²,bostadsratt,2026-07-05T19:28:58.871418
2698926776916247528,"https://www.hemnet.se/salda/lagenhet-1rum-kungsholmen-stora-essingen-stockholms-kommun-essingestraket-40,-1-tr-2698926776916247528",24-25m²,bostadsratt,2026-07-05T19:28:58.871419
2063942354047352382,https://www.hemnet.se/salda/lagenhet-1rum-enskede-gamla-enskede-stockholms-kommun-skonviksvagen-271-2063942354047352382,24-25m²,bostadsratt,2026-07-05T19:28:58.871422
5629278858839188619,https://www.hemnet.se/salda/lagenhet-1rum-rasunda-solna-kommun-charlottenburgsvagen-32c-5629278858839188619,24-25m²,bostadsratt,2026-07-05T19:28:58.871424
3753864550116124163,https://www.hemnet.se/salda/lagenhet-1rum-farsta-stockholms-kommun-torsbygatan-34-4tr-3753864550116124163,24-25m²,bostadsratt,2026-07-05T19:28:58.871425
5188736228573558575,https://www.hemnet.se/salda/lagenhet-1rum-bromma-nockebyhov-stockholms-kommun-gubbkarrsvagen-29i-1tr-5188736228573558575,24-25m²,bostadsratt,2026-07-05T19:28:58.871426
6070472371456623932,https://www.hemnet.se/salda/lagenhet-1rum-handen-haninge-kommun-bragevagen-13-6070472371456623932,24-25m²,bostadsratt,2026-07-05T19:28:58.871427
2498879176902656785,https://www.hemnet.se/salda/lagenhet-1rum-luthagen-uppsala-kommun-fyrisvallsgatan-10a-2498879176902656785,24-25m²,bostadsratt,2026-07-05T19:28:58.871429
1616677177448196362,https://www.hemnet.se/salda/lagenhet-1rum-gardet-stockholms-kommun-rindogatan-30-1616677177448196362,24-25m²,bostadsratt,2026-07-05T19:28:58.871430
421480516262087141,"https://www.hemnet.se/salda/lagenhet-1rum-bromma-norra-angby-stockholms-kommun-stora-angby-alle-1,-2tr-421480516262087141",24-25m²,bostadsratt,2026-07-05T19:28:58.871432
8794369170015774054,https://www.hemnet.se/salda/lagenhet-1rum-enskede-gubbangen-stockholms-kommun-knektvagen-15-8794369170015774054,24-25m²,bostadsratt,2026-07-05T19:28:58.871433
6550571618638420363,https://www.hemnet.se/salda/lagenhet-1rum-alsten-stockholms-kommun-vesslevagen-40-6550571618638420363,24-25m²,bostadsratt,2026-07-05T19:28:58.871436
2926244678853766094,https://www.hemnet.se/salda/lagenhet-1rum-sallyhill-sundsvalls-kommun-sveavagen-13a-2926244678853766094,24-25m²,bostadsratt,2026-07-05T19:28:58.871437
2511129559313974888,https://www.hemnet.se/salda/lagenhet-1rum-sodermalm-kristinehamns-kommun-sodra-ringvagen-61a-2511129559313974888,24-25m²,bostadsratt,2026-07-05T19:28:58.871438
8789160878927313006,https://www.hemnet.se/salda/lagenhet-1rum-leksand-leksands-kommun-norsgatan-6d-8789160878927313006,24-25m²,bostadsratt,2026-07-05T19:28:58.871440
359196149205667855,"https://www.hemnet.se/salda/lagenhet-1rum-sodermalm-stockholms-kommun-hogalidsgatan-33,-1-tr-359196149205667855",24-25m²,bostadsratt,2026-07-05T19:28:58.871441
6327294684739832378,https://www.hemnet.se/salda/lagenhet-1rum-arsta-stockholms-kommun-svardlangsvagen-49-6327294684739832378,24-25m²,bostadsratt,2026-07-05T19:28:58.871442
8527127363246124952,https://www.hemnet.se/salda/lagenhet-1rum-gardet-stockholms-kommun-erik-dahlbergsgatan-18-8527127363246124952,24-25m²,bostadsratt,2026-07-05T19:28:58.871444
4077656385008200048,https://www.hemnet.se/salda/lagenhet-1rum-taby-park-taby-kommun-norra-parkpromenaden-37-4077656385008200048,24-25m²,bostadsratt,2026-07-05T19:28:58.871447
5658575749693864055,https://www.hemnet.se/salda/lagenhet-1rum-ekhagen-norra-djurgarden-stockholms-kommun-torphagsvagen-4-5658575749693864055,24-25m²,bostadsratt,2026-07-05T19:28:58.871448
6178621695630724763,"https://www.hemnet.se/salda/lagenhet-1rum-sodermalm-stockholms-kommun-ringvagen-161,-4tr-6178621695630724763",24-25m²,bostadsratt,2026-07-05T19:28:58.871450
2074938885299746302,https://www.hemnet.se/salda/lagenhet-1rum-masthugget-goteborgs-kommun-klostergangen-13-2074938885299746302,24-25m²,bostadsratt,2026-07-05T19:28:58.871451
1368679422195907464,https://www.hemnet.se/salda/lagenhet-1rum-brynas-gavle-kommun-sjatte-tvargatan-39-1368679422195907464,24-25m²,bostadsratt,2026-07-05T19:28:58.871452
2154857681202801092,https://www.hemnet.se/salda/lagenhet-1rum-centralt-norrkopings-kommun-hospitalsgatan-41-2154857681202801092,24-25m²,bostadsratt,2026-07-05T19:28:58.871454
1985895243613352844,https://www.hemnet.se/salda/lagenhet-1rum-centralt-vaster-nykopings-kommun-brunnsgatan-10-1985895243613352844,24-25m²,bostadsratt,2026-07-05T19:28:58.871455
8113702307575929741,"https://www.hemnet.se/salda/lagenhet-1rum-sickla-nacka-kommun-atlasvagen-31,-2-tr-8113702307575929741",24-25m²,bostadsratt,2026-07-05T19:28:58.871456
6691535347301035560,https://www.hemnet.se/salda/lagenhet-1rum-luthagen-uppsala-kommun-fyrisvallsgatan-12a-6691535347301035560,24-25m²,bostadsratt,2026-07-05T19:28:58.871458
6249357995978903282,https://www.hemnet.se/salda/lagenhet-1rum-or-sundbybergs-kommun-kavaljersbacken-4b-6249357995978903282,24-25m²,bostadsratt,2026-07-05T19:28:58.871459
6936063560505157344,https://www.hemnet.se/salda/lagenhet-1rum-sater-centralt-saters-kommun-kristinegatan-15-c-6936063560505157344,24-25m²,bostadsratt,2026-07-05T19:28:58.871460
5827655036097727305,https://www.hemnet.se/salda/lagenhet-1rum-centrala-nynashamn-nynashamns-kommun-sigyns-vag-6a-5827655036097727305,24-25m²,bostadsratt,2026-07-05T19:28:58.871462
6077368370202034172,https://www.hemnet.se/salda/lagenhet-1rum-kungsholmen-stockholms-kommun-sankt-goransgatan-153-6077368370202034172,24-25m²,bostadsratt,2026-07-05T19:28:58.871463
351210085531281876,https://www.hemnet.se/salda/lagenhet-1rum-beckershov-norrkopings-kommun-himmelstalundsvagen-22-351210085531281876,24-25m²,bostadsratt,2026-07-05T19:28:58.871464
260396463875495218,https://www.hemnet.se/salda/lagenhet-1rum-grondal-stockholms-kommun-grondalsvagen-27-260396463875495218,24-25m²,bostadsratt,2026-07-05T19:28:58.871466
8642705321469533165,https://www.hemnet.se/salda/lagenhet-1rum-ribersborg-malmo-kommun-tessins-vag-18b-8642705321469533165,24-25m²,bostadsratt,2026-07-05T19:28:58.871467
2497027894207756215,https://www.hemnet.se/salda/lagenhet-1rum-falhagen-uppsala-kommun-falhagsleden-4c-2497027894207756215,24-25m²,bostadsratt,2026-07-05T19:28:58.871470
654468143641466356,"https://www.hemnet.se/salda/lagenhet-1rum-grondal-stockholms-kommun-grondalsvagen-118,-1tr-654468143641466356",24-25m²,bostadsratt,2026-07-05T19:28:58.871472
7922581869241595138,"https://www.hemnet.se/salda/lagenhet-1rum-sodermalm-stockholms-kommun-tobaksspinnargatan-6,-2tr-7922581869241595138",24-25m²,bostadsratt,2026-07-05T19:28:58.871475
6384940633819645153,https://www.hemnet.se/salda/lagenhet-1rum-gideonsberg-vasteras-kommun-blomstergatan-8-6384940633819645153,24-25m²,bostadsratt,2026-07-05T19:28:58.871476
4820754512771657091,https://www.hemnet.se/salda/lagenhet-1rum-vasastaden-linkopings-kommun-sturegatan-3b-4820754512771657091,24-25m²,bostadsratt,2026-07-05T19:28:58.871477
9172884843924020836,https://www.hemnet.se/salda/lagenhet-1rum-folkets-park-malmo-kommun-solvesborgsgatan-3a-9172884843924020836,24-25m²,bostadsratt,2026-07-05T19:28:58.871479
5093451437997022243,https://www.hemnet.se/salda/lagenhet-1rum-hogalid-kiruna-kommun-lappgatan-17a-5093451437997022243,24-25m²,bostadsratt,2026-07-05T19:28:58.871480
6285515950935797754,https://www.hemnet.se/salda/lagenhet-1rum-centrala-akersberga-osterakers-kommun-skolvagen-22b-6285515950935797754,24-25m²,bostadsratt,2026-07-05T19:28:58.871481
6909268582481221186,https://www.hemnet.se/salda/lagenhet-1rum-vasastan-birkastan-stockholms-kommun-norrbackagatan-14-6909268582481221186,24-25m²,bostadsratt,2026-07-05T19:28:58.871483
2706275732310819536,https://www.hemnet.se/salda/lagenhet-1rum-visby-gotlands-kommun-mellangatan-52-2706275732310819536,24-25m²,bostadsratt,2026-07-05T19:28:58.871484
3078882033685613494,"https://www.hemnet.se/salda/lagenhet-2rum-sodermalm-mariatorget-stockholms-kommun-maria-prastgardsgata-27,-3-tr-3078882033685613494",24-25m²,bostadsratt,2026-07-05T19:28:58.871485
423089752047074902,https://www.hemnet.se/salda/lagenhet-1rum-framre-luthagen-uppsala-kommun-sturegatan-3-423089752047074902,24-25m²,bostadsratt,2026-07-05T19:28:58.871487
5304895324620113072,https://www.hemnet.se/salda/lagenhet-1rum-luthagen-uppsala-kommun-fyrisvallsgatan-10a-5304895324620113072,24-25m²,bostadsratt,2026-07-05T19:28:58.871488
2333353386561737774,https://www.hemnet.se/salda/lagenhet-1rum-blekan-ronneby-kommun-knut-hahnsgatan-5a-2333353386561737774,24-25m²,bostadsratt,2026-07-05T19:28:58.871489
6516592116803936891,https://www.hemnet.se/salda/lagenhet-1rum-grondal-stockholms-kommun-ekensbergsvagen-118-6516592116803936891,24-25m²,bostadsratt,2026-07-05T19:28:58.871491
461563074851549181,https://www.hemnet.se/salda/lagenhet-1rum-kalltorp-goteborgs-kommun-rastensgatan-15a-461563074851549181,24-25m²,bostadsratt,2026-07-05T19:28:58.871492
5645070489425567757,https://www.hemnet.se/salda/lagenhet-1rum-falhagen-uppsala-kommun-marielundsgatan-5a-5645070489425567757,24-25m²,bostadsratt,2026-07-05T19:28:58.871493
6681042756635727782,https://www.hemnet.se/salda/lagenhet-1rum-kungsholmen-nedre-kungsholmen-stockholms-kommun-kungsklippan-11-6681042756635727782,24-25m²,bostadsratt,2026-07-05T19:28:58.871495
5830521638176853520,https://www.hemnet.se/salda/lagenhet-1rum-visby-norr-gotlands-kommun-neptungatan-5-5830521638176853520,24-25m²,bostadsratt,2026-07-05T19:28:58.871496
8144137792000869921,https://www.hemnet.se/salda/lagenhet-2rum-glado-kvarn-huddinge-kommun-osterangsvagen-22a-8144137792000869921,24-25m²,bostadsratt,2026-07-05T19:28:58.871497
2460273600345567343,https://www.hemnet.se/salda/lagenhet-1rum-handen-haninge-kommun-midgardsvagen-18-2460273600345567343,24-25m²,bostadsratt,2026-07-05T19:28:58.871498
4734807338138481386,"https://www.hemnet.se/salda/lagenhet-1rum-skarmarbrink-gullmarsplan-stockholms-kommun-blasutvagen-7,-3-tr-4734807338138481386",24-25m²,bostadsratt,2026-07-05T19:28:58.871500
593935321415100020,https://www.hemnet.se/salda/lagenhet-1rum-bagarmossen-stockholms-kommun-bergsradsvagen-39-593935321415100020,24-25m²,bostadsratt,2026-07-05T19:28:58.871501
830076564630971109,https://www.hemnet.se/salda/lagenhet-1rum-birkastan-vasastan-stockholms-kommun-torsgatan-33-830076564630971109,24-25m²,bostadsratt,2026-07-05T19:28:58.871502
4477454753052901727,"https://www.hemnet.se/salda/lagenhet-1rum-sodermalm-stockholms-kommun-ostgotagatan-32,-1-tr-4477454753052901727",24-25m²,bostadsratt,2026-07-05T19:28:58.871504
8710044143249785018,https://www.hemnet.se/salda/lagenhet-1rum-ystad-gamla-staden-sandskogen-ystads-kommun-sektersgatan-2b-8710044143249785018,24-25m²,bostadsratt,2026-07-05T19:28:58.871505
909762279117035534,"https://www.hemnet.se/salda/lagenhet-1,5rum-arsta-stockholms-kommun-arstavagen-77,-3tr-909762279117035534",24-25m²,bostadsratt,2026-07-05T19:28:58.871507
7026871052770865529,https://www.hemnet.se/salda/lagenhet-1rum-haga-umea-kommun-hagmarksvagen-15b-7026871052770865529,24-25m²,bostadsratt,2026-07-05T19:28:58.871508
1924522137550970578,https://www.hemnet.se/salda/lagenhet-1rum-haggvik-sollentuna-kommun-skalbyvagen-10-1924522137550970578,24-25m²,bostadsratt,2026-07-05T19:28:58.871511
366044627666863714,https://www.hemnet.se/salda/lagenhet-1rum-ostermalm-stockholms-kommun-nybrogatan-66-366044627666863714,24-25m²,bostadsratt,2026-07-05T19:28:58.871512
694875263056737032,"https://www.hemnet.se/salda/lagenhet-1rum-sodermalm-katarina-stockholms-kommun-blekingegatan-36,-4-tr-694875263056737032",24-25m²,bostadsratt,2026-07-05T19:28:58.871514
4925863147127822767,"https://www.hemnet.se/salda/lagenhet-1rum-kungsholmen-fridhemsplan-stockholms-kommun-sysslomansgatan-24,-5-tr-4925863147127822767",24-25m²,bostadsratt,2026-07-05T19:28:58.871517
9214414094639949880,"https://www.hemnet.se/salda/lagenhet-1rum-gardet-stockholms-kommun-erik-dahlbergsgatan-36,-1-tr-9214414094639949880",24-25m²,bostadsratt,2026-07-05T19:28:58.871519
7196193228294716312,"https://www.hemnet.se/salda/lagenhet-1,5rum-hagerstensasen-stockholms-kommun-backvagen-120-7196193228294716312",24-25m²,bostadsratt,2026-07-05T19:28:58.871520
6839471025086209262,"https://www.hemnet.se/salda/lagenhet-1rum-hagernas-taby-kommun-radarvagen-13,-11tr-6839471025086209262",24-25m²,bostadsratt,2026-07-05T19:28:58.871521
3266524543413267059,https://www.hemnet.se/salda/lagenhet-1rum-oster-malarstrand-vasteras-kommun-rangatan-6-3266524543413267059,24-25m²,bostadsratt,2026-07-05T19:28:58.871523
1526565692237688879,https://www.hemnet.se/salda/lagenhet-1rum-gardet-ostermalm-stockholms-kommun-rindogatan-12-1526565692237688879,24-25m²,bostadsratt,2026-07-05T19:28:58.871524
2673809960956618793,https://www.hemnet.se/salda/lagenhet-1rum-tyreso-tyreso-kommun-lindalsvagen-14h-2673809960956618793,24-25m²,bostadsratt,2026-07-05T19:28:58.871525
6723584306598053919,https://www.hemnet.se/salda/lagenhet-1rum-kungsholmen-stadshagen-stockholms-kommun-sankt-goransgatan-153-6723584306598053919,24-25m²,bostadsratt,2026-07-05T19:28:58.871527
8473348287657675684,https://www.hemnet.se/salda/lagenhet-1rum-vasastan-norrmalm-stockholms-kommun-luntmakargatan-10-8473348287657675684,24-25m²,bostadsratt,2026-07-05T19:28:58.871528
7074126422827690847,"https://www.hemnet.se/salda/lagenhet-1rum-sodermalm-skanstull-stockholms-kommun-eriksdalsgatan-17,-halv-trapp-7074126422827690847",24-25m²,bostadsratt,2026-07-05T19:28:58.871530
3137264187045828401,https://www.hemnet.se/salda/lagenhet-1rum-biskopsgarden-goteborgs-kommun-vintervadersgatan-11-3137264187045828401,24-25m²,bostadsratt,2026-07-05T19:28:58.871531
7514046160605381173,https://www.hemnet.se/salda/lagenhet-1rum-nobeltorget-malmo-kommun-osbygatan-14-7514046160605381173,24-25m²,bostadsratt,2026-07-05T19:28:58.871532
6630854510394658099,https://www.hemnet.se/salda/lagenhet-1rum-or-sundbybergs-kommun-logdansvagen-42-6630854510394658099,24-25m²,bostadsratt,2026-07-05T19:28:58.871534
1333470709440258515,"https://www.hemnet.se/salda/lagenhet-1rum-arsta-stockholms-kommun-arstavagen-79,-uteplats-1333470709440258515",24-25m²,bostadsratt,2026-07-05T19:28:58.871535
8812277197880337070,https://www.hemnet.se/salda/lagenhet-1rum-ostermalm-stockholms-kommun-banergatan-25-a-8812277197880337070,24-25m²,bostadsratt,2026-07-05T19:28:58.871536
3202023787967002264,https://www.hemnet.se/salda/lagenhet-1rum-fagelbo-nykopings-kommun-rosenkallavagen-32d-3202023787967002264,24-25m²,bostadsratt,2026-07-05T19:28:58.871538
4556174958918059376,https://www.hemnet.se/salda/lagenhet-1rum-salenfjallen-malung-salens-kommun-hjortstigen-15a-4556174958918059376,24-25m²,bostadsratt,2026-07-05T19:28:58.871539
2595084541288464718,"https://www.hemnet.se/salda/lagenhet-1,5rum-vasjon-sollentuna-kommun-hemmings-vag-31a-2595084541288464718",24-25m²,bostadsratt,2026-07-05T19:28:58.871540
1440788779188180692,"https://www.hemnet.se/salda/lagenhet-1rum-kungsholmen-stockholms-kommun-svarvargatan-10,-5-tr-1440788779188180692",24-25m²,bostadsratt,2026-07-05T19:28:58.871543
8225940712088029750,https://www.hemnet.se/salda/lagenhet-1rum-malmo-malmo-kommun-beridaregatan-20a-8225940712088029750,24-25m²,bostadsratt,2026-07-05T19:28:58.871545
7381031656885299487,https://www.hemnet.se/salda/lagenhet-1rum-nedre-johanneberg-goteborgs-kommun-walleriusgatan-4-7381031656885299487,24-25m²,bostadsratt,2026-07-05T19:28:58.871546
8304791315695018636,https://www.hemnet.se/salda/lagenhet-1rum-sodermalm-katarina-stockholms-kommun-hallandsgatan-32-8304791315695018636,24-25m²,bostadsratt,2026-07-05T19:28:58.871547
6687179095828191583,https://www.hemnet.se/salda/lagenhet-1rum-haga-umea-kommun-ostra-kyrkogatan-59b-6687179095828191583,24-25m²,bostadsratt,2026-07-05T19:28:58.871552
9083987463146658305,"https://www.hemnet.se/salda/lagenhet-1rum-skarmarbrink-hammarbyhojden-stockholms-kommun-pelargatan-11,-van-6-7-9083987463146658305",24-25m²,bostadsratt,2026-07-05T19:28:58.871553
7433899778517824207,"https://www.hemnet.se/salda/lagenhet-1rum-ostermalm-stockholms-kommun-kommendorsgatan-26,-2tr-7433899778517824207",24-25m²,bostadsratt,2026-07-05T19:28:58.871555
6453904537611857419,https://www.hemnet.se/salda/lagenhet-2rum-vallentuna-vallentuna-kommun-parkvagen-3-6453904537611857419,24-25m²,bostadsratt,2026-07-05T19:28:58.871556
2010108641388738401,https://www.hemnet.se/salda/lagenhet-1rum-stigberget-goteborgs-kommun-masthuggsliden-12-2010108641388738401,24-25m²,bostadsratt,2026-07-05T19:28:58.871558
125831627992174432,https://www.hemnet.se/salda/lagenhet-1rum-solberga-stockholms-kommun-kristallvagen-9-125831627992174432,24-25m²,bostadsratt,2026-07-05T19:28:58.871559
8092564612985686102,https://www.hemnet.se/salda/lagenhet-2rum-kabdalis-jokkmokks-kommun-mastertoppen-280b-8092564612985686102,24-25m²,bostadsratt,2026-07-05T19:28:58.871560
4079420110310623535,https://www.hemnet.se/salda/lagenhet-1rum-enebyberg-danderyds-kommun-skolvagen-23a-4079420110310623535,24-25m²,bostadsratt,2026-07-05T19:28:58.871562
3003885933471973371,"https://www.hemnet.se/salda/lagenhet-1rum-hagersten-malarhojden-stockholms-kommun-klubbacken-24,-4tr-3003885933471973371",24-25m²,bostadsratt,2026-07-05T19:28:58.871564
215131880248068653,https://www.hemnet.se/salda/lagenhet-1rum-hagerneholm-taby-kommun-hagerneholmsvagen-7b-215131880248068653,24-25m²,bostadsratt,2026-07-05T19:28:58.871565
5870331629558570502,https://www.hemnet.se/salda/lagenhet-1rum-gamla-enskede-stockholms-kommun-fagelkarrsvagen-2d-5870331629558570502,24-25m²,bostadsratt,2026-07-05T19:28:58.871568
7402946803195198477,https://www.hemnet.se/salda/lagenhet-1rum-kungsholmen-stockholms-kommun-kungsklippan-11-7402946803195198477,24-25m²,bostadsratt,2026-07-05T19:28:58.871569
5511812519265678824,"https://www.hemnet.se/salda/lagenhet-1rum-ahus-tappet-kristianstads-kommun-kantarellvagen-1,-lgh-225000-5511812519265678824",24-25m²,bostadsratt,2026-07-05T19:28:58.871571
1021358705204994079,https://www.hemnet.se/salda/lagenhet-2rum-glado-kvarn-huddinge-kommun-osterangsvagen-14a-1021358705204994079,24-25m²,bostadsratt,2026-07-05T19:28:58.871572
8893992846890076244,https://www.hemnet.se/salda/lagenhet-1rum-sodercentrum-kalmar-kommun-kylegatan-17a-8893992846890076244,24-25m²,bostadsratt,2026-07-05T19:28:58.871573
7352381504196660184,https://www.hemnet.se/salda/lagenhet-1rum-centralt-linkopings-kommun-vastra-vagen-5b-7352381504196660184,24-25m²,bostadsratt,2026-07-05T19:28:58.871575
4135890297900164218,https://www.hemnet.se/salda/lagenhet-1rum-gardet-ostermalm-stockholms-kommun-furusundsgatan-15-4135890297900164218,24-25m²,bostadsratt,2026-07-05T19:28:58.871576
3971830109392673464,https://www.hemnet.se/salda/lagenhet-1rum-gardet-stockholms-kommun-strindbergsgatan-50-3971830109392673464,24-25m²,bostadsratt,2026-07-05T19:28:58.871577
5943029720166343363,"https://www.hemnet.se/salda/lagenhet-1rum-ostermalm-nedre-gardet-stockholms-kommun-erik-dahlbergsgatan-35,-3-tr-5943029720166343363",24-25m²,bostadsratt,2026-07-05T19:28:58.871579
2660856382295209589,https://www.hemnet.se/salda/lagenhet-1rum-sodermalm-sofia-stockholms-kommun-asogatan-190-2660856382295209589,24-25m²,bostadsratt,2026-07-05T19:28:58.871580
2136717204751090885,https://www.hemnet.se/salda/lagenhet-1rum-mariehall-stockholms-kommun-kratsbodavagen-55-2136717204751090885,24-25m²,bostadsratt,2026-07-05T19:28:58.871582
6240697333302825480,https://www.hemnet.se/salda/lagenhet-1rum-ostermalm-vasastan-stockholms-kommun-birger-jarlsgatan-104f-6240697333302825480,24-25m²,bostadsratt,2026-07-05T19:28:58.871583
2945827345387007129,https://www.hemnet.se/salda/lagenhet-1rum-fagelbo-nykopings-kommun-fagelbovagen-11b-2945827345387007129,24-25m²,bostadsratt,2026-07-05T19:28:58.871584
1484446461667864137,https://www.hemnet.se/salda/lagenhet-1rum-sodermalm-mariaberget-stockholms-kommun-tavastgatan-5-1484446461667864137,24-25m²,bostadsratt,2026-07-05T19:28:58.871586
6853802484288371333,https://www.hemnet.se/salda/lagenhet-1rum-bjorkekarr-goteborgs-kommun-stabbegatan-41-6853802484288371333,24-25m²,bostadsratt,2026-07-05T19:28:58.871587
7512418081633262696,https://www.hemnet.se/salda/lagenhet-1rum-sodermalm-sofia-stockholms-kommun-erstagatan-22-7512418081633262696,24-25m²,bostadsratt,2026-07-05T19:28:58.871588
7661928778364840703,https://www.hemnet.se/salda/lagenhet-1rum-sodermalm-katarina-sofia-stockholms-kommun-nytorgsgatan-15a-7661928778364840703,24-25m²,bostadsratt,2026-07-05T19:28:58.871591
4542293572449326782,https://www.hemnet.se/salda/lagenhet-1rum-city-vasteras-kommun-stora-gatan-24-4542293572449326782,24-25m²,bostadsratt,2026-07-05T19:28:58.871593
5941077569438167139,https://www.hemnet.se/salda/lagenhet-1rum-lilla-alby-sundbybergs-kommun-tradgardsgatan-5-5941077569438167139,24-25m²,bostadsratt,2026-07-05T19:28:58.871594
3978097836560326073,"https://www.hemnet.se/salda/lagenhet-1rum-grondal-stockholms-kommun-sjobjornsvagen-15b,-1tr-3978097836560326073",24-25m²,bostadsratt,2026-07-05T19:28:58.871595
6295436890455655706,https://www.hemnet.se/salda/lagenhet-1rum-gullspang-gullspangs-kommun-gullstensgatan-12-6295436890455655706,24-25m²,bostadsratt,2026-07-05T19:28:58.871597
1163117444125006943,https://www.hemnet.se/salda/lagenhet-1rum-centrum-varvet-lulea-kommun-vastra-varvsgatan-12b-1163117444125006943,24-25m²,bostadsratt,2026-07-05T19:28:58.871598
3902158473818952020,"https://www.hemnet.se/salda/lagenhet-1rum-kungsholmen-stockholms-kommun-industrigatan-16,-6tr-3902158473818952020",24-25m²,bostadsratt,2026-07-05T19:28:58.871599
4236067364659706081,https://www.hemnet.se/salda/lagenhet-1rum-centrum-uppsala-kommun-kungsangsgatan-23-4236067364659706081,24-25m²,bostadsratt,2026-07-05T19:28:58.871601
9048695412212977335,https://www.hemnet.se/salda/lagenhet-2rum-svinninge-osterakers-kommun-svavelsovagen-3-studiohus-12-9048695412212977335,24-25m²,bostadsratt,2026-07-05T19:28:58.871602
1717768620871331106,https://www.hemnet.se/salda/lagenhet-1rum-gustavsbergs-hamn-varmdo-kommun-stig-lindbergs-gata-17a-1717768620871331106,24-25m²,bostadsratt,2026-07-05T19:28:58.871603
5117576908630604308,https://www.hemnet.se/salda/lagenhet-1rum-vasastan-stockholms-kommun-dalagatan-70-a-5117576908630604308,24-25m²,bostadsratt,2026-07-05T19:28:58.871605
3581281063882750436,"https://www.hemnet.se/salda/lagenhet-1,5rum-vendelso-haninge-kommun-vendelsomalmsvagen-104-3581281063882750436",24-25m²,bostadsratt,2026-07-05T19:28:58.871619
4396329080880088781,https://www.hemnet.se/salda/lagenhet-1rum-rasunda-solna-kommun-klovervagen-3-4396329080880088781,24-25m²,bostadsratt,2026-07-05T19:28:58.871621
5896619619843482872,"https://www.hemnet.se/salda/lagenhet-1,5rum-kungsholmen-stockholms-kommun-kungsholmsgatan-13-5896619619843482872",24-25m²,bostadsratt,2026-07-05T19:28:58.871622
2117615327189844593,https://www.hemnet.se/salda/lagenhet-1rum-bagarmossen-stockholms-kommun-bergsradsvagen-36-2117615327189844593,24-25m²,bostadsratt,2026-07-05T19:28:58.871623
1201845897247203754,"https://www.hemnet.se/salda/lagenhet-1rum-hornstull-stockholms-kommun-langholmsgatan-13,-5-tr-1201845897247203754",24-25m²,bostadsratt,2026-07-05T19:28:58.871625
6885742234245590820,https://www.hemnet.se/salda/lagenhet-1rum-tagaborg-helsingborgs-kommun-erik-dahlbergs-gata-12-6885742234245590820,24-25m²,bostadsratt,2026-07-05T19:28:58.871628
366044862033820074,https://www.hemnet.se/salda/lagenhet-1rum-ribersborg-malmo-kommun-tessins-vag-18b-366044862033820074,24-25m²,bostadsratt,2026-07-05T19:28:58.871629
6246148525129933229,https://www.hemnet.se/salda/lagenhet-1rum-hammarbyhojden-stockholms-kommun-finn-malmgrens-vag-2b-6246148525129933229,24-25m²,bostadsratt,2026-07-05T19:28:58.871631
6135941054335327412,https://www.hemnet.se/salda/lagenhet-1rum-kungsholmen-stockholms-kommun-sankt-goransgatan-153-6135941054335327412,24-25m²,bostadsratt,2026-07-05T19:28:58.871632
1870554914448077389,https://www.hemnet.se/salda/lagenhet-1rum-ulvsunda-stockholms-kommun-granbacken-22-1870554914448077389,24-25m²,bostadsratt,2026-07-05T19:28:58.871633
2176301666109786729,"https://www.hemnet.se/salda/lagenhet-1rum-vasastan-odenplan-stockholms-kommun-sankt-eriksgatan-110,-2-tr-2176301666109786729",24-25m²,bostadsratt,2026-07-05T19:28:58.871635
2790004194323306427,https://www.hemnet.se/salda/lagenhet-2rum-bjornrike-harjedalens-kommun-bjornrike-mosippevagen-3c-2790004194323306427,24-25m²,bostadsratt,2026-07-05T19:28:58.871636
2887384184012365479,https://www.hemnet.se/salda/lagenhet-1rum-trosso-karlskrona-kommun-arklimastaregatan-32-lgh-1104-2887384184012365479,24-25m²,bostadsratt,2026-07-05T19:28:58.871637
5179547910170979321,https://www.hemnet.se/salda/lagenhet-1rum-sodermalm-katarina-stockholms-kommun-narkesgatan-2-5179547910170979321,24-25m²,bostadsratt,2026-07-05T19:28:58.871639
3072144626776874748,https://www.hemnet.se/salda/lagenhet-1rum-enskede-gubbangen-stockholms-kommun-sicklingsvagen-3-3072144626776874748,24-25m²,bostadsratt,2026-07-05T19:28:58.871642
5630189467971569500,"https://www.hemnet.se/salda/lagenhet-1rum-gardet-ostermalm-stockholms-kommun-erik-dahlbergsgatan-52,-4tr-5630189467971569500",24-25m²,bostadsratt,2026-07-05T19:28:58.871643
7811757061931699057,https://www.hemnet.se/salda/lagenhet-1rum-vasastan-stockholms-kommun-hollandargatan-24-7811757061931699057,24-25m²,bostadsratt,2026-07-05T19:28:58.871645
3054298727715025116,https://www.hemnet.se/salda/lagenhet-1rum-kristineberg-stockholms-kommun-ola-hanssonsgatan-1-3054298727715025116,24-25m²,bostadsratt,2026-07-05T19:28:58.871646
6724755901170571773,https://www.hemnet.se/salda/lagenhet-1rum-trollhattan-trollhattans-kommun-kaflegatan-7a-6724755901170571773,24-25m²,bostadsratt,2026-07-05T19:28:58.871647
1460636927213183526,https://www.hemnet.se/salda/lagenhet-1rum-centralt-ornskoldsviks-kommun-angermanlandsgatan-18-1460636927213183526,24-25m²,bostadsratt,2026-07-05T19:28:58.871648
2241467167003851284,https://www.hemnet.se/salda/lagenhet-1rum-borlange-borlange-kommun-engelbrektsgatan-18b-2241467167003851284,24-25m²,bostadsratt,2026-07-05T19:28:58.871650
7762838524334490937,https://www.hemnet.se/salda/lagenhet-1rum-gardet-stockholms-kommun-brantingsgatan-41-7762838524334490937,24-25m²,bostadsratt,2026-07-05T19:28:58.871651
906415273596348681,https://www.hemnet.se/salda/lagenhet-1rum-centrum-uppsala-kommun-sysslomansgatan-7-906415273596348681,24-25m²,bostadsratt,2026-07-05T19:28:58.871653
5445881089203388867,https://www.hemnet.se/salda/lagenhet-1rum-sodermalm-stockholms-kommun-tavastgatan-31-5445881089203388867,24-25m²,bostadsratt,2026-07-05T19:28:58.871654
3744053263233952292,https://www.hemnet.se/salda/lagenhet-1rum-hagerstensasen-stockholms-kommun-backvagen-120-3744053263233952292,24-25m²,bostadsratt,2026-07-05T19:28:58.871657
5711388733963691666,"https://www.hemnet.se/salda/lagenhet-1rum-kungsholmen-stockholms-kommun-sysslomansgatan-24,-4tr-5711388733963691666",24-25m²,bostadsratt,2026-07-05T19:28:58.871658
608974879455318079,https://www.hemnet.se/salda/lagenhet-1rum-varnhem-malmo-kommun-vargatan-3a-608974879455318079,24-25m²,bostadsratt,2026-07-05T19:28:58.871660
7604320897311466361,https://www.hemnet.se/salda/lagenhet-1rum-globen-johanneshov-stockholms-kommun-bildhuggarvagen-4-7604320897311466361,24-25m²,bostadsratt,2026-07-05T19:28:58.871661
8803586384465675198,https://www.hemnet.se/salda/lagenhet-1rum-centralt-linkopings-kommun-sturegatan-3b-8803586384465675198,24-25m²,bostadsratt,2026-07-05T19:28:58.871662
8589256331304195408,"https://www.hemnet.se/salda/lagenhet-1rum-hagerneholm-taby-kommun-hagerneholmsvagen-7b,-vaning-2-8589256331304195408",24-25m²,bostadsratt,2026-07-05T19:28:58.871664
7155189027730288652,https://www.hemnet.se/salda/lagenhet-1rum-danderyd-danderyds-kommun-morbylund-15c-7155189027730288652,24-25m²,bostadsratt,2026-07-05T19:28:58.871665
8854416480496456362,https://www.hemnet.se/salda/lagenhet-1rum-fruangen-stockholms-kommun-lina-sandells-plan-2-8854416480496456362,24-25m²,bostadsratt,2026-07-05T19:28:58.871666
8615631863272303215,https://www.hemnet.se/salda/lagenhet-1rum-falhagen-uppsala-kommun-hjalmar-brantingsgatan-5b-8615631863272303215,24-25m²,bostadsratt,2026-07-05T19:28:58.871668
6477418662740959683,https://www.hemnet.se/salda/lagenhet-1rum-masthugget-goteborgs-kommun-klostergangen-11-6477418662740959683,24-25m²,bostadsratt,2026-07-05T19:28:58.871669
7365040847973664294,https://www.hemnet.se/salda/lagenhet-1rum-centrala-vasby-upplands-vasby-kommun-optimusvagen-3b-7365040847973664294,24-25m²,bostadsratt,2026-07-05T19:28:58.871670
6652524332539964037,https://www.hemnet.se/salda/lagenhet-1rum-nacka-forum-nacka-kommun-vastra-granittrappan-4-6652524332539964037,24-25m²,bostadsratt,2026-07-05T19:28:58.871672
2467070341360947723,https://www.hemnet.se/salda/lagenhet-1rum-farsta-stockholms-kommun-russinvagen-5-2467070341360947723,24-25m²,bostadsratt,2026-07-05T19:28:58.871673
1837200955191208828,https://www.hemnet.se/salda/lagenhet-1rum-nedre-gardet-ostermalm-stockholms-kommun-strindbergsgatan-50-1837200955191208828,24-25m²,bostadsratt,2026-07-05T19:28:58.871676
1303293057664699635,https://www.hemnet.se/salda/lagenhet-1rum-lund-innerstaden-helgonagarden-lunds-kommun-tullgatan-7b-1303293057664699635,24-25m²,bostadsratt,2026-07-05T19:28:58.871678
7869930013784939267,https://www.hemnet.se/salda/lagenhet-1rum-or-sundbybergs-kommun-kavaljersbacken-4-7869930013784939267,24-25m²,bostadsratt,2026-07-05T19:28:58.871679
8884395296955123237,"https://www.hemnet.se/salda/lagenhet-1rum-haggvik-sollentuna-kommun-minervavagen-28,-2-tr-8884395296955123237",24-25m²,bostadsratt,2026-07-05T19:28:58.871682
7359939333044375759,https://www.hemnet.se/salda/lagenhet-1rum-luthagen-uppsala-kommun-tegnergatan-40c-7359939333044375759,24-25m²,bostadsratt,2026-07-05T19:28:58.871684
2746339927018646981,https://www.hemnet.se/salda/lagenhet-1rum-ornskoldsvik-norra-ornskoldsviks-kommun-angermanlandsgatan-18-2746339927018646981,24-25m²,bostadsratt,2026-07-05T19:28:58.871685
7852490705577082833,"https://www.hemnet.se/salda/lagenhet-1rum-sundbyberg-centrum-sundbybergs-kommun-rastensgatan-11,-2-tr-7852490705577082833",24-25m²,bostadsratt,2026-07-05T19:28:58.871686
7123943864134234846,"https://www.hemnet.se/salda/lagenhet-1rum-ostermalm-stockholms-kommun-nybrogatan-50,-6tr-7123943864134234846",24-25m²,bostadsratt,2026-07-05T19:28:58.871688
7258995880761149102,https://www.hemnet.se/salda/lagenhet-1rum-ostermalm-stockholms-kommun-valhallavagen-148-b-7258995880761149102,24-25m²,bostadsratt,2026-07-05T19:28:58.871689
4706833429109620963,https://www.hemnet.se/salda/lagenhet-1rum-torpa-jonkopings-kommun-grona-gatan-13-a-4706833429109620963,24-25m²,bostadsratt,2026-07-05T19:28:58.871690
3518842822375364249,https://www.hemnet.se/salda/lagenhet-1rum-kungsholmen-norr-malarstrand-stockholms-kommun-sven-rinmans-gata-3-3518842822375364249,24-25m²,bostadsratt,2026-07-05T19:28:58.871692
1072761904022696370,"https://www.hemnet.se/salda/lagenhet-1rum-vallingby-grimsta-stockholms-kommun-nickelgrand-6,-van-1-1072761904022696370",24-25m²,bostadsratt,2026-07-05T19:28:58.871693
333151521103726405,https://www.hemnet.se/salda/lagenhet-1rum-runby-upplands-vasby-kommun-tradgardsvagen-19-333151521103726405,24-25m²,bostadsratt,2026-07-05T19:28:58.871694
8355023637040676625,https://www.hemnet.se/salda/lagenhet-1rum-flemingsberg-huddinge-kommun-terapivagen-12c-8355023637040676625,24-25m²,bostadsratt,2026-07-05T19:28:58.871696
6427895440965180197,https://www.hemnet.se/salda/lagenhet-1rum-torsvik-lidingo-kommun-torsvikssvangen-52-6427895440965180197,24-25m²,bostadsratt,2026-07-05T19:28:58.871697
4411295721954814643,"https://www.hemnet.se/salda/lagenhet-1rum-sodermalm-stockholms-kommun-hogalidsgatan-31,-3tr-4411295721954814643",24-25m²,bostadsratt,2026-07-05T19:28:58.871698
2588061528790037436,https://www.hemnet.se/salda/lagenhet-1rum-segevang-malmo-kommun-kronetorpsgatan-60-a-2588061528790037436,24-25m²,bostadsratt,2026-07-05T19:28:58.871700
2965776381652480770,https://www.hemnet.se/salda/lagenhet-1rum-centrala-umea-umea-kommun-radhusesplanaden-18a-2965776381652480770,24-25m²,bostadsratt,2026-07-05T19:28:58.871701
6184478990810720563,https://www.hemnet.se/salda/lagenhet-1rum-framre-luthagen-uppsala-kommun-torsgatan-6a-6184478990810720563,24-25m²,bostadsratt,2026-07-05T19:28:58.871702
4956928746647297732,https://www.hemnet.se/salda/lagenhet-1rum-haga-norra-solna-kommun-sylvangatan-5-4956928746647297732,24-25m²,bostadsratt,2026-07-05T19:28:58.871704
6852314037476793845,"https://www.hemnet.se/salda/lagenhet-1rum-ladugardsgardet-stockholms-kommun-rindogatan-12,-4tr-6852314037476793845",24-25m²,bostadsratt,2026-07-05T19:28:58.871705
3067617299174879577,https://www.hemnet.se/salda/lagenhet-1rum-centralt-ornskoldsviks-kommun-angermanlandsgatan-14-b-3067617299174879577,24-25m²,bostadsratt,2026-07-05T19:28:58.871706
8388106740995054389,https://www.hemnet.se/salda/lagenhet-1rum-enskede-stockholms-kommun-skonviksvagen-272-8388106740995054389,24-25m²,bostadsratt,2026-07-05T19:28:58.871708
4773866399922018898,"https://www.hemnet.se/salda/lagenhet-1rum-hokarangen-stockholms-kommun-russinvagen-7,-1-tr-4773866399922018898",24-25m²,bostadsratt,2026-07-05T19:28:58.871709
2745357833551152302,https://www.hemnet.se/salda/lagenhet-1rum-kungsholmen-stockholms-kommun-sankt-goransgatan-153-2745357833551152302,24-25m²,bostadsratt,2026-07-05T19:28:58.871710
1746566034787364599,https://www.hemnet.se/salda/lagenhet-1rum-jarnbrott-goteborgs-kommun-bildradiogatan-2-1746566034787364599,24-25m²,bostadsratt,2026-07-05T19:28:58.871712
5243835423565911992,"https://www.hemnet.se/salda/lagenhet-1rum-gardet-ostermalm-stockholms-kommun-rindogatan-12,-3tr-5243835423565911992",24-25m²,bostadsratt,2026-07-05T19:28:58.871713
5170908737660365476,https://www.hemnet.se/salda/lagenhet-1rum-globen-johanneshov-stockholms-kommun-pastellvagen-15-5170908737660365476,24-25m²,bostadsratt,2026-07-05T19:28:58.871714
6773312919567551,https://www.hemnet.se/salda/lagenhet-1rum-centrala-ostersund-ostersunds-kommun-stuguvagen-16b-6773312919567551,24-25m²,bostadsratt,2026-07-05T19:28:58.871718
3068766651151947306,https://www.hemnet.se/salda/lagenhet-1rum-sofiaparken-lunds-kommun-sofiavagen-5d-3068766651151947306,24-25m²,bostadsratt,2026-07-05T19:28:58.871719
6693341709597764810,https://www.hemnet.se/salda/lagenhet-1rum-gustavsberg-varmdo-kommun-stig-lindbergs-gata-19a-6693341709597764810,24-25m²,bostadsratt,2026-07-05T19:28:58.871720
2966175956653889517,https://www.hemnet.se/salda/lagenhet-1rum-sunnersta-uppsala-kommun-dag-hammarskjolds-vag-279-2966175956653889517,24-25m²,bostadsratt,2026-07-05T19:28:58.871723
815102738965935763,https://www.hemnet.se/salda/lagenhet-1rum-hasselby-norra-villastad-stockholms-kommun-snodroppsgrand-27-815102738965935763,24-25m²,bostadsratt,2026-07-05T19:28:58.871725
7539657028220657556,https://www.hemnet.se/salda/lagenhet-3rum-kabdalis-jokkmokks-kommun-mastertoppen-300b-7539657028220657556,24-25m²,bostadsratt,2026-07-05T19:28:58.871726
8399338300543626600,https://www.hemnet.se/salda/lagenhet-1rum-arsta-uppsala-kommun-fyrislundsgatan-48-accepterat-pris-8399338300543626600,24-25m²,bostadsratt,2026-07-05T19:28:58.871728
7239251312269739487,https://www.hemnet.se/salda/lagenhet-1rum-s-t-knut-malmo-kommun-bokhallaregatan-33-7239251312269739487,24-25m²,bostadsratt,2026-07-05T19:28:58.871729
2427812504041928550,https://www.hemnet.se/salda/lagenhet-1rum-centrala-vasby-upplands-vasby-kommun-centralvagen-8b-2427812504041928550,24-25m²,bostadsratt,2026-07-05T19:28:58.871730
6910708524373340041,https://www.hemnet.se/salda/lagenhet-1rum-centrum-vasteras-kommun-engelbrektsgatan-13-6910708524373340041,24-25m²,bostadsratt,2026-07-05T19:28:58.871732
6311949937021078569,https://www.hemnet.se/salda/lagenhet-1rum-herrhagen-karlstads-kommun-strandvagen-24a-6311949937021078569,24-25m²,bostadsratt,2026-07-05T19:28:58.871733
4438288642309211835,https://www.hemnet.se/salda/lagenhet-1rum-hagerstensasen-stockholms-kommun-backvagen-114-4438288642309211835,24-25m²,bostadsratt,2026-07-05T19:28:58.871734
1568683968838767925,"https://www.hemnet.se/salda/lagenhet-1,5rum-hokarangen-stockholms-kommun-russinvagen-3-1568683968838767925",24-25m²,bostadsratt,2026-07-05T19:28:58.871735
2066446161205923756,https://www.hemnet.se/salda/lagenhet-1rum-vallingby-centrum-stockholms-kommun-jamtlandsgatan-90-2066446161205923756,24-25m²,bostadsratt,2026-07-05T19:28:58.871737
16957540182451063,https://www.hemnet.se/salda/lagenhet-1rum-sodermalm-stockholms-kommun-asogatan-190-16957540182451063,24-25m²,bostadsratt,2026-07-05T19:28:58.871738
6245864777977838851,"https://www.hemnet.se/salda/lagenhet-1rum-hagernas-taby-kommun-radarvagen-13,-6tr-6245864777977838851",24-25m²,bostadsratt,2026-07-05T19:28:58.871739
6043130475738478915,https://www.hemnet.se/salda/lagenhet-1rum-danderyd-danderyds-kommun-klostervagen-5b-6043130475738478915,24-25m²,bostadsratt,2026-07-05T19:28:58.871741
5573679112510915485,https://www.hemnet.se/salda/lagenhet-1rum-vasastan-birkastan-stockholms-kommun-bravallagatan-8-5573679112510915485,24-25m²,bostadsratt,2026-07-05T19:28:58.871742
385899574606951935,https://www.hemnet.se/salda/lagenhet-1rum-masthugget-goteborgs-kommun-masthuggsliden-16-385899574606951935,24-25m²,bostadsratt,2026-07-05T19:28:58.871743
4047173045313585983,https://www.hemnet.se/salda/lagenhet-1rum-flemingsberg-huddinge-kommun-terapivagen-16c-4047173045313585983,24-25m²,bostadsratt,2026-07-05T19:28:58.871745
7110468938461613727,https://www.hemnet.se/salda/lagenhet-1rum-lund-innerstaden-helgonagarden-lunds-kommun-vintergatan-7a-7110468938461613727,24-25m²,bostadsratt,2026-07-05T19:28:58.871746
1694818837457156282,https://www.hemnet.se/salda/lagenhet-1rum-luthagen-uppsala-kommun-tegnergatan-40-c-1694818837457156282,24-25m²,bostadsratt,2026-07-05T19:28:58.871747
2884111908523933523,https://www.hemnet.se/salda/lagenhet-1rum-norra-frosunda-solna-kommun-enkopingsvagen-19c-2884111908523933523,24-25m²,bostadsratt,2026-07-05T19:28:58.871750
4635016429835392819,https://www.hemnet.se/salda/lagenhet-1rum-centralt-svedala-kommun-malmovagen-3-b-4635016429835392819,24-25m²,bostadsratt,2026-07-05T19:28:58.871752
2208529274502584037,https://www.hemnet.se/salda/lagenhet-1rum-gustavsberg-porslinskvarteren-varmdo-kommun-stig-lindbergs-gata-15a-2208529274502584037,24-25m²,bostadsratt,2026-07-05T19:28:58.871753
4245521090605894464,https://www.hemnet.se/salda/lagenhet-1rum-dammfri-malmo-kommun-angdalavagen-29-4245521090605894464,24-25m²,bostadsratt,2026-07-05T19:28:58.871755
3770288790565218943,https://www.hemnet.se/salda/lagenhet-1rum-farsta-hokarangen-stockholms-kommun-russinvagen-5-3770288790565218943,24-25m²,bostadsratt,2026-07-05T19:28:58.871758
9164546106111967859,https://www.hemnet.se/salda/lagenhet-1rum-centrum-lulea-kommun-timmermansgatan-37-9164546106111967859,24-25m²,bostadsratt,2026-07-05T19:28:58.871759
4815205215502267820,https://www.hemnet.se/salda/lagenhet-1rum-finntorp-nacka-kommun-finntorpsvagen-3-4815205215502267820,24-25m²,bostadsratt,2026-07-05T19:28:58.871761
4157423002194008948,https://www.hemnet.se/salda/lagenhet-1rum-kungsholmen-stadshagen-stockholms-kommun-sankt-goransgatan-153-4157423002194008948,24-25m²,bostadsratt,2026-07-05T19:28:58.871762
2740401849463427849,https://www.hemnet.se/salda/lagenhet-1rum-arsta-uppsala-kommun-fyrislundsgatan-56-2740401849463427849,24-25m²,bostadsratt,2026-07-05T19:28:58.871763
6639750513310627979,"https://www.hemnet.se/salda/lagenhet-1,5rum-vasastan-atlas-stockholms-kommun-atlasgatan-13-6639750513310627979",24-25m²,bostadsratt,2026-07-05T19:28:58.871765
7236909505819409013,https://www.hemnet.se/salda/lagenhet-1rum-runneryd-nassjo-kommun-sturegatan-36d-7236909505819409013,24-25m²,bostadsratt,2026-07-05T19:28:58.871766
3090009313203048476,https://www.hemnet.se/salda/lagenhet-1rum-rasunda-solna-kommun-charlottenburgsvagen-32c-3090009313203048476,24-25m²,bostadsratt,2026-07-05T19:28:58.871767
6030102005712661711,https://www.hemnet.se/salda/lagenhet-1rum-norrmalm-stockholms-kommun-david-bagares-gata-10-6030102005712661711,24-25m²,bostadsratt,2026-07-05T19:28:58.871769
7957435650612370404,https://www.hemnet.se/salda/lagenhet-1rum-vallingby-centrum-stockholms-kommun-jamtlandsgatan-114-7957435650612370404,24-25m²,bostadsratt,2026-07-05T19:28:58.871772
6082329895432573674,https://www.hemnet.se/salda/lagenhet-1rum-hjorthagen-stockholms-kommun-ahlsellvagen-6-6082329895432573674,24-25m²,bostadsratt,2026-07-05T19:28:58.871773
417435954869867182,https://www.hemnet.se/salda/lagenhet-1rum-falhagen-uppsala-kommun-falhagsleden-4b-417435954869867182,24-25m²,bostadsratt,2026-07-05T19:28:58.871774
1160551247240293832,https://www.hemnet.se/salda/lagenhet-1rum-gardet-stockholms-kommun-vartavagen-59-1160551247240293832,24-25m²,bostadsratt,2026-07-05T19:28:58.871776
6705192783084750698,"https://www.hemnet.se/salda/lagenhet-1rum-hagersten-malarhojden-stockholms-kommun-klubbacken-22,-1tr-6705192783084750698",24-25m²,bostadsratt,2026-07-05T19:28:58.871777
8390324494850061760,https://www.hemnet.se/salda/lagenhet-1rum-kungsholmen-stockholms-kommun-kungsklippan-11-8390324494850061760,24-25m²,bostadsratt,2026-07-05T19:28:58.871778
3301288661580973370,"https://www.hemnet.se/salda/lagenhet-1rum-ostermalm-nedre-gardet-stockholms-kommun-skeppargatan-75,-2-tr-3301288661580973370",24-25m²,bostadsratt,2026-07-05T19:28:58.871780
6411067830716106388,"https://www.hemnet.se/salda/lagenhet-1rum-hagernas-taby-kommun-radarvagen-9,-6tr-6411067830716106388",24-25m²,bostadsratt,2026-07-05T19:28:58.871781
5325738751661565145,https://www.hemnet.se/salda/lagenhet-1rum-vallastaden-linkopings-kommun-hugo-theorells-gata-25-5325738751661565145,24-25m²,bostadsratt,2026-07-05T19:28:58.871782
8674871368903147814,https://www.hemnet.se/salda/lagenhet-1rum-stockholm-sodermalm-stockholms-kommun-kocksgatan-52-8674871368903147814,24-25m²,bostadsratt,2026-07-05T19:28:58.871784
5724302833223792304,"https://www.hemnet.se/salda/lagenhet-1rum-vasastan-stockholms-kommun-roslagsgatan-29a,-4tr-5724302833223792304",24-25m²,bostadsratt,2026-07-05T19:28:58.871785
8610486943774245550,https://www.hemnet.se/salda/lagenhet-1rum-thorildsplan-stockholms-kommun-gyllenborgsgatan-9-8610486943774245550,24-25m²,bostadsratt,2026-07-05T19:28:58.871786
6760759176777399531,https://www.hemnet.se/salda/lagenhet-2rum-bjornrike-harjedalens-kommun-bjornrike-mosippevagen-2a-6760759176777399531,24-25m²,bostadsratt,2026-07-05T19:28:58.871788
106177341940078543,https://www.hemnet.se/salda/lagenhet-1rum-liljeholmen-jonkopings-kommun-lonnholmsgatan-10-106177341940078543,24-25m²,bostadsratt,2026-07-05T19:28:58.871789
7739300736001386798,https://www.hemnet.se/salda/lagenhet-1rum-ostermalm-stockholms-kommun-styrmansgatan-16-b-7739300736001386798,24-25m²,bostadsratt,2026-07-05T19:28:58.871790
1657708696528042557,https://www.hemnet.se/salda/lagenhet-1rum-vasastaden-linkopings-kommun-sturegatan-3-a-1657708696528042557,24-25m²,bostadsratt,2026-07-05T19:28:58.871792
2826653541999202891,https://www.hemnet.se/salda/lagenhet-1rum-ostermalm-vasastan-stockholms-kommun-birger-jarlsgatan-104l-2826653541999202891,24-25m²,bostadsratt,2026-07-05T19:28:58.871795
2136839004407878157,https://www.hemnet.se/salda/lagenhet-1rum-sodra-guldheden-goteborgs-kommun-doktor-hjorts-gata-1c-2136839004407878157,24-25m²,bostadsratt,2026-07-05T19:28:58.871796
521399334545147288,https://www.hemnet.se/salda/lagenhet-1rum-sodermalm-maria-hogalid-stockholms-kommun-hogalidsgatan-40d-521399334545147288,24-25m²,bostadsratt,2026-07-05T19:28:58.871797
4829838406577497172,https://www.hemnet.se/salda/lagenhet-1rum-sodermalm-hornstull-hogalid-stockholms-kommun-hornstulls-strand-1-4829838406577497172,24-25m²,bostadsratt,2026-07-05T19:28:58.871799
4357384266320814686,https://www.hemnet.se/salda/lagenhet-1rum-huddinge-centralt-huddinge-kommun-horningsnasvagen-34-4357384266320814686,24-25m²,bostadsratt,2026-07-05T19:28:58.871800
5183346292794704243,https://www.hemnet.se/salda/lagenhet-1rum-lerum-centralt-lerums-kommun-lagman-eskils-vag-3-5183346292794704243,24-25m²,bostadsratt,2026-07-05T19:28:58.871801
6431993911887916880,https://www.hemnet.se/salda/lagenhet-1rum-vanersborg-vanersborgs-kommun-kungsgatan-27-6431993911887916880,24-25m²,bostadsratt,2026-07-05T19:28:58.871803
6798268277354067312,https://www.hemnet.se/salda/lagenhet-1rum-kungsholmen-stockholms-kommun-fridhemsgatan-12-6798268277354067312,24-25m²,bostadsratt,2026-07-05T19:28:58.871804
5084015732073939777,https://www.hemnet.se/salda/lagenhet-1rum-folkets-park-malmo-kommun-solvesborgsgatan-3a-5084015732073939777,24-25m²,bostadsratt,2026-07-05T19:28:58.871805
2438503478658613859,https://www.hemnet.se/salda/lagenhet-1rum-ostermalm-stockholms-kommun-linnegatan-20-2438503478658613859,24-25m²,bostadsratt,2026-07-05T19:28:58.871807
4726170042435774197,"https://www.hemnet.se/salda/lagenhet-1rum-sodermalm-stockholms-kommun-asogatan-182,-4tr-4726170042435774197",24-25m²,bostadsratt,2026-07-05T19:28:58.871808
145449501105491118,"https://www.hemnet.se/salda/lagenhet-1,5rum-vasjon-sollentuna-kommun-hemmings-vag-47c-145449501105491118",24-25m²,bostadsratt,2026-07-05T19:28:58.871809
2808498977458602389,https://www.hemnet.se/salda/lagenhet-1rum-handen-haninge-kommun-vikingavagen-23-2808498977458602389,24-25m²,bostadsratt,2026-07-05T19:28:58.871811
7618011752674668855,"https://www.hemnet.se/salda/lagenhet-1rum-sodermalm-hornstull-stockholms-kommun-slipgatan-14,-3-tr-7618011752674668855",24-25m²,bostadsratt,2026-07-05T19:28:58.871812
4219402517157733589,https://www.hemnet.se/salda/lagenhet-1rum-gardet-stockholms-kommun-blanchegatan-18-4219402517157733589,24-25m²,bostadsratt,2026-07-05T19:28:58.871813
1450795375418418538,https://www.hemnet.se/salda/lagenhet-1rum-sollentuna-tureberg-sollentuna-kommun-turebergs-alle-41-1450795375418418538,24-25m²,bostadsratt,2026-07-05T19:28:58.871815
3952273670670897366,https://www.hemnet.se/salda/lagenhet-1rum-vaster-lunds-kommun-aldermansgatan-3c-3952273670670897366,24-25m²,bostadsratt,2026-07-05T19:28:58.871818
2868566699004295498,https://www.hemnet.se/salda/lagenhet-1rum-kungsangen-uppsala-kommun-tullgarnsgatan-3-2868566699004295498,24-25m²,bostadsratt,2026-07-05T19:28:58.871819
9216907035612298777,https://www.hemnet.se/salda/lagenhet-1rum-centralt-ornskoldsviks-kommun-angermanlandsgatan-16a-9216907035612298777,24-25m²,bostadsratt,2026-07-05T19:28:58.871821
4006200386017107620,https://www.hemnet.se/salda/lagenhet-1rum-arsta-stockholms-kommun-arstavagen-81-4006200386017107620,24-25m²,bostadsratt,2026-07-05T19:28:58.871822
8607527973035824480,https://www.hemnet.se/salda/lagenhet-1rum-vasastan-stockholms-kommun-rorstrandsgatan-33b-8607527973035824480,24-25m²,bostadsratt,2026-07-05T19:28:58.871823
6107354497337020993,https://www.hemnet.se/salda/lagenhet-1rum-gamla-rasunda-solna-kommun-nyckelvagen-4-6107354497337020993,24-25m²,bostadsratt,2026-07-05T19:28:58.871824
254685615489280254,https://www.hemnet.se/salda/lagenhet-1rum-fagelsangen-norrtalje-kommun-arholmagatan-10-254685615489280254,24-25m²,bostadsratt,2026-07-05T19:28:58.871826
486201469111123078,https://www.hemnet.se/salda/lagenhet-1rum-nyby-uppsala-kommun-leopoldsgatan-21-486201469111123078,24-25m²,bostadsratt,2026-07-05T19:28:58.871827
3213147936888302471,https://www.hemnet.se/salda/lagenhet-1rum-sodermalm-stockholms-kommun-narkesgatan-2-3213147936888302471,24-25m²,bostadsratt,2026-07-05T19:28:58.871828
5572481079830552587,https://www.hemnet.se/salda/lagenhet-1rum-hagalund-borlange-kommun-engelbrektsgatan-18b-5572481079830552587,24-25m²,bostadsratt,2026-07-05T19:28:58.871830
7735790134387915540,"https://www.hemnet.se/salda/lagenhet-1rum-gardet-ostermalm-stockholms-kommun-rindogatan-14,-4tr-7735790134387915540",24-25m²,bostadsratt,2026-07-05T19:28:58.871833
4351998899235863172,https://www.hemnet.se/salda/lagenhet-1rum-centrala-nynashamn-nynashamns-kommun-sigyns-vag-6a-4351998899235863172,24-25m²,bostadsratt,2026-07-05T19:28:58.871834
7492715806233641552,https://www.hemnet.se/salda/lagenhet-1rum-kungsholmen-stockholms-kommun-sysslomansgatan-26-7492715806233641552,24-25m²,bostadsratt,2026-07-05T19:28:58.871836
7819162554037778068,https://www.hemnet.se/salda/lagenhet-1rum-hornstull-stockholms-kommun-hogalidsgatan-31-7819162554037778068,24-25m²,bostadsratt,2026-07-05T19:28:58.871837
1751893632533089015,https://www.hemnet.se/salda/lagenhet-1rum-arsta-stockholms-kommun-arstavagen-81-1751893632533089015,24-25m²,bostadsratt,2026-07-05T19:28:58.871838
6258037169635625463,https://www.hemnet.se/salda/lagenhet-1rum-nockebyhov-stockholms-kommun-gubbkarrsvagen-29k-6258037169635625463,24-25m²,bostadsratt,2026-07-05T19:28:58.871840
5715442865705085835,https://www.hemnet.se/salda/lagenhet-1rum-herrhagen-karlstads-kommun-strandvagen-24a-5715442865705085835,24-25m²,bostadsratt,2026-07-05T19:28:58.871841
6553639951927593360,https://www.hemnet.se/salda/lagenhet-1rum-framre-luthagen-uppsala-kommun-sturegatan-1-6553639951927593360,24-25m²,bostadsratt,2026-07-05T19:28:58.871842
4912675928828515923,https://www.hemnet.se/salda/lagenhet-1rum-haggvik-sollentuna-kommun-minervavagen-28-4912675928828515923,24-25m²,bostadsratt,2026-07-05T19:28:58.871843
2222772761976894006,https://www.hemnet.se/salda/lagenhet-1rum-ostra-vi-gotlands-kommun-volontargatan-249-2222772761976894006,24-25m²,bostadsratt,2026-07-05T19:28:58.871847
8811444807227018385,https://www.hemnet.se/salda/lagenhet-1rum-sodermalm-hornstull-stockholms-kommun-folkskolegatan-12-8811444807227018385,24-25m²,bostadsratt,2026-07-05T19:28:58.871848
6379727819083386013,https://www.hemnet.se/salda/lagenhet-1rum-ostermalm-gardet-stockholms-kommun-rindogatan-14-6379727819083386013,24-25m²,bostadsratt,2026-07-05T19:28:58.871849
956996860204258771,https://www.hemnet.se/salda/lagenhet-1rum-staket-jarfalla-kommun-knektvagen-43i-956996860204258771,24-25m²,bostadsratt,2026-07-05T19:28:58.871851
6605411674918369951,https://www.hemnet.se/salda/lagenhet-1rum-danderyd-danderyds-kommun-morbylund-11c-6605411674918369951,24-25m²,bostadsratt,2026-07-05T19:28:58.871852
1498642075500815023,https://www.hemnet.se/salda/lagenhet-1rum-nyby-uppsala-kommun-gamla-uppsalagatan-123-1498642075500815023,24-25m²,bostadsratt,2026-07-05T19:28:58.871853
6495688361155407160,https://www.hemnet.se/salda/lagenhet-1rum-centrum-varvet-lulea-kommun-vastra-varvsgatan-12b-6495688361155407160,24-25m²,bostadsratt,2026-07-05T19:28:58.871855
3542435661412691682,https://www.hemnet.se/salda/lagenhet-1rum-vasastaden-goteborgs-kommun-aschebergsgatan-29-3542435661412691682,24-25m²,bostadsratt,2026-07-05T19:28:58.871856
8664504375197503737,https://www.hemnet.se/salda/lagenhet-1rum-oskarsdal-varbergs-kommun-bergsgatan-10a-8664504375197503737,24-25m²,bostadsratt,2026-07-05T19:28:58.871857
1261201359301869248,https://www.hemnet.se/salda/lagenhet-1rum-brynas-gavle-kommun-sjatte-tvargatan-39-1261201359301869248,24-25m²,bostadsratt,2026-07-05T19:28:58.871859
4796490003520659777,https://www.hemnet.se/salda/lagenhet-1rum-arsta-stockholms-kommun-sandfjardsgatan-25-4796490003520659777,24-25m²,bostadsratt,2026-07-05T19:28:58.871860
4614113335386605629,https://www.hemnet.se/salda/lagenhet-1rum-kungsholmen-stockholms-kommun-ehrensvardsgatan-3-4614113335386605629,24-25m²,bostadsratt,2026-07-05T19:28:58.871861
3884884641753093842,"https://www.hemnet.se/salda/lagenhet-1rum-ballsta-stockholms-kommun-ankarstocksvagen-11,-vaning-3-3884884641753093842",24-25m²,bostadsratt,2026-07-05T19:28:58.871863
9049310990351168543,https://www.hemnet.se/salda/lagenhet-1rum-johanneberg-goteborgs-kommun-volrat-thamsgatan-15-9049310990351168543,24-25m²,bostadsratt,2026-07-05T19:28:58.871866
6336812378212230879,https://www.hemnet.se/salda/lagenhet-1rum-centralt-lunds-kommun-slojdgatan-12-6336812378212230879,24-25m²,bostadsratt,2026-07-05T19:28:58.871867
5436797832904310752,https://www.hemnet.se/salda/lagenhet-1rum-ostermalm-gardet-stockholms-kommun-valhallavagen-129-5436797832904310752,24-25m²,bostadsratt,2026-07-05T19:28:58.871868
439298453159162373,https://www.hemnet.se/salda/lagenhet-1rum-visby-innestad-gotlands-kommun-adelsgatan-1-b-439298453159162373,24-25m²,bostadsratt,2026-07-05T19:28:58.871871
5176568972522511083,https://www.hemnet.se/salda/lagenhet-1rum-skondal-stockholms-kommun-perstorpsvagen-110-5176568972522511083,24-25m²,bostadsratt,2026-07-05T19:28:58.871873
4398206470283757403,https://www.hemnet.se/salda/lagenhet-1rum-stadskarnan-vaxholms-kommun-hamngatan-17-4398206470283757403,24-25m²,bostadsratt,2026-07-05T19:28:58.871874
3899189973413100864,https://www.hemnet.se/salda/lagenhet-1rum-fruangen-stockholms-kommun-doktor-widerstroms-gata-52-3899189973413100864,24-25m²,bostadsratt,2026-07-05T19:28:58.871876
3787252955990984742,https://www.hemnet.se/salda/lagenhet-1rum-masthugget-goteborgs-kommun-mattssonsliden-24-3787252955990984742,24-25m²,bostadsratt,2026-07-05T19:28:58.871877
8095608464954246819,https://www.hemnet.se/salda/lagenhet-1rum-grondal-stockholms-kommun-storsegelvagen-2-8095608464954246819,24-25m²,bostadsratt,2026-07-05T19:28:58.871878
3745705949928713822,"https://www.hemnet.se/salda/lagenhet-1rum-kungsholmen-fridhemsplan-stockholms-kommun-sankt-eriksgatan-41,-4tr-3745705949928713822",24-25m²,bostadsratt,2026-07-05T19:28:58.871880
9204520878689068786,https://www.hemnet.se/salda/lagenhet-1rum-vallingby-centrum-stockholms-kommun-jamtlandsgatan-90-9204520878689068786,24-25m²,bostadsratt,2026-07-05T19:28:58.871881
908436918377712613,"https://www.hemnet.se/salda/lagenhet-1rum-arsta-stockholms-kommun-jarnlundsvagen-22,-1tr-908436918377712613",24-25m²,bostadsratt,2026-07-05T19:28:58.871882
241855411753390277,"https://www.hemnet.se/salda/lagenhet-1rum-vallingby-centrum-stockholms-kommun-jamtlandsgatan-74,-3-tr-241855411753390277",24-25m²,bostadsratt,2026-07-05T19:28:58.871883
7675182727800795488,https://www.hemnet.se/salda/lagenhet-1rum-norr-eskilstuna-kommun-norrgardesgatan-12-7675182727800795488,24-25m²,bostadsratt,2026-07-05T19:28:58.871885
5136679010688560691,"https://www.hemnet.se/salda/lagenhet-1rum-lanna-huddinge-kommun-timmervagen-57-a,-hus-nr-16-5136679010688560691",24-25m²,bostadsratt,2026-07-05T19:28:58.871886
7379745024296459150,"https://www.hemnet.se/salda/lagenhet-1rum-norrmalm-stockholms-kommun-tegnergatan-55c,-4tr-7379745024296459150",24-25m²,bostadsratt,2026-07-05T19:28:58.871887
8303942957849235325,https://www.hemnet.se/salda/lagenhet-1rum-centrala-sundbyberg-sundbybergs-kommun-tulegatan-29b-8303942957849235325,24-25m²,bostadsratt,2026-07-05T19:28:58.871889
8409435184843190846,https://www.hemnet.se/salda/lagenhet-1rum-beckershov-norrkopings-kommun-himmelstalundsvagen-22-8409435184843190846,24-25m²,bostadsratt,2026-07-05T19:28:58.871890
8609146854729580861,https://www.hemnet.se/salda/lagenhet-1rum-kungsholmen-stockholms-kommun-bergsgatan-19a-8609146854729580861,24-25m²,bostadsratt,2026-07-05T19:28:58.871891
1324196009398542533,https://www.hemnet.se/salda/lagenhet-1rum-hagastaden-karolinska-solna-kommun-olof-af-acrels-vag-3-1324196009398542533,24-25m²,bostadsratt,2026-07-05T19:28:58.871893
365187755162321196,https://www.hemnet.se/salda/lagenhet-1rum-sodermalm-stockholms-kommun-narkesgatan-2-365187755162321196,24-25m²,bostadsratt,2026-07-05T19:28:58.871894
5670710030134958978,"https://www.hemnet.se/salda/lagenhet-1rum-kungsholmen-stockholms-kommun-alstromergatan-32u,-4-4-tr-5670710030134958978",24-25m²,bostadsratt,2026-07-05T19:28:58.871895
4179709750340386673,"https://www.hemnet.se/salda/lagenhet-3rum-kummelnas-nacka-kommun-abroddsvagen-31g,-minivilla-17-4179709750340386673",24-25m²,bostadsratt,2026-07-05T19:28:58.871897
5590936166376971729,https://www.hemnet.se/salda/lagenhet-1rum-centralt-vaster-nykopings-kommun-brunnsgatan-14-5590936166376971729,24-25m²,bostadsratt,2026-07-05T19:28:58.871898
5592159036799255090,https://www.hemnet.se/salda/lagenhet-1rum-fruangen-stockholms-kommun-doktor-widerstroms-gata-58-5592159036799255090,24-25m²,bostadsratt,2026-07-05T19:28:58.871900
3521075347798446289,https://www.hemnet.se/salda/lagenhet-1rum-sodercentrum-kalmar-kommun-kylegatan-13a-3521075347798446289,24-25m²,bostadsratt,2026-07-05T19:28:58.871901
6367761835231460342,https://www.hemnet.se/salda/lagenhet-1rum-ostermalm-karlaplan-stockholms-kommun-vartavagen-13-6367761835231460342,24-25m²,bostadsratt,2026-07-05T19:28:58.871902
4903475872683500820,https://www.hemnet.se/salda/lagenhet-1rum-hokarangen-stockholms-kommun-russinvagen-5-4903475872683500820,24-25m²,bostadsratt,2026-07-05T19:28:58.871903
2993491677388792263,https://www.hemnet.se/salda/lagenhet-1rum-vasastan-birkastan-stockholms-kommun-rorstrandsgatan-48a-2993491677388792263,24-25m²,bostadsratt,2026-07-05T19:28:58.871905
7301112416563646445,https://www.hemnet.se/salda/lagenhet-1rum-kungsholmen-stockholms-kommun-atterbomsvagen-30-7301112416563646445,24-25m²,bostadsratt,2026-07-05T19:28:58.871908
749262772791648063,https://www.hemnet.se/salda/lagenhet-1rum-majorna-goteborgs-kommun-walter-bengtssons-gata-24-749262772791648063,24-25m²,bostadsratt,2026-07-05T19:28:58.871909
6564572556226911532,"https://www.hemnet.se/salda/lagenhet-1,5rum-sodermalm-stockholms-kommun-moregatan-7-6564572556226911532",24-25m²,bostadsratt,2026-07-05T19:28:58.871915
8152727725371327029,"https://www.hemnet.se/salda/lagenhet-1rum-rasunda-solna-kommun-rasundavagen-69a,-van-3-4-8152727725371327029",24-25m²,bostadsratt,2026-07-05T19:28:58.871917
4183196209553822966,https://www.hemnet.se/salda/lagenhet-2rum-storklinten-bodens-kommun-storklinten-105a-4183196209553822966,24-25m²,bostadsratt,2026-07-05T19:28:58.871918
9187989252929051206,"https://www.hemnet.se/salda/lagenhet-1rum-hagerstensasen-stockholms-kommun-bokbindarvagen-55,-6-tr-9187989252929051206",24-25m²,bostadsratt,2026-07-05T19:28:58.871919
8623284105301115519,https://www.hemnet.se/salda/lagenhet-1rum-ostermalm-stockholms-kommun-gumshornsgatan-11-8623284105301115519,24-25m²,bostadsratt,2026-07-05T19:28:58.871921
4394239336483735293,https://www.hemnet.se/salda/lagenhet-1rum-lindholmen-goteborgs-kommun-karlatornet-lodjursstraket-1-4394239336483735293,24-25m²,bostadsratt,2026-07-05T19:28:58.871922
6898844407387332470,https://www.hemnet.se/salda/lagenhet-1rum-ostermalm-gardet-stockholms-kommun-rokubbsgatan-2-6898844407387332470,24-25m²,bostadsratt,2026-07-05T19:28:58.871923
2213135256654959218,https://www.hemnet.se/salda/lagenhet-1rum-grimsta-stockholms-kommun-grimstagatan-40-2213135256654959218,24-25m²,bostadsratt,2026-07-05T19:28:58.871925
6197364003536403199,https://www.hemnet.se/salda/lagenhet-1rum-kungsholmen-stockholms-kommun-alstromergatan-32u-6197364003536403199,24-25m²,bostadsratt,2026-07-05T19:28:58.871926
2376193796791871324,https://www.hemnet.se/salda/lagenhet-1rum-johanneberg-goteborgs-kommun-gibraltargatan-21b-2376193796791871324,24-25m²,bostadsratt,2026-07-05T19:28:58.871927
7195207883981099000,"https://www.hemnet.se/salda/lagenhet-1rum-stadshagen-stockholms-kommun-sankt-goransgatan-153,-5-tr-7195207883981099000",24-25m²,bostadsratt,2026-07-05T19:28:58.871928
7345886139782114279,https://www.hemnet.se/salda/lagenhet-2rum-alvsjo-herrangen-stockholms-kommun-nejlikevagen-7e-7345886139782114279,24-25m²,bostadsratt,2026-07-05T19:28:58.871930
6263195050006135473,https://www.hemnet.se/salda/lagenhet-1rum-falhagen-uppsala-kommun-petterslundsgatan-14e-6263195050006135473,24-25m²,bostadsratt,2026-07-05T19:28:58.871931
4400899480998809689,"https://www.hemnet.se/salda/lagenhet-1rum-arsta-stockholms-kommun-arstavagen-81,-3-tr-4400899480998809689",24-25m²,bostadsratt,2026-07-05T19:28:58.871933
5068937930367745857,https://www.hemnet.se/salda/lagenhet-1rum-helsingborg-centrum-helsingborgs-kommun-prastgatan-32-5068937930367745857,24-25m²,bostadsratt,2026-07-05T19:28:58.871934
2837037530465174195,https://www.hemnet.se/salda/lagenhet-1rum-ostermalm-stockholms-kommun-jungfrugatan-24-2837037530465174195,24-25m²,bostadsratt,2026-07-05T19:28:58.871935
3551146158585073814,https://www.hemnet.se/salda/lagenhet-1rum-vasastan-odenplan-stockholms-kommun-hagagatan-8a-3551146158585073814,24-25m²,bostadsratt,2026-07-05T19:28:58.871936
4650557628458398885,https://www.hemnet.se/salda/lagenhet-1rum-kungsholmen-stockholms-kommun-sankt-goransgatan-161-4650557628458398885,24-25m²,bostadsratt,2026-07-05T19:28:58.871938
5008847558344497892,https://www.hemnet.se/salda/lagenhet-1rum-hallstahammar-hallstahammars-kommun-vasttunagatan-44b-5008847558344497892,24-25m²,bostadsratt,2026-07-05T19:28:58.871939
2586235173840351139,https://www.hemnet.se/salda/lagenhet-1rum-dammfri-malmo-kommun-angdalavagen-29-2586235173840351139,24-25m²,bostadsratt,2026-07-05T19:28:58.871940
6034363897987687696,https://www.hemnet.se/salda/lagenhet-1rum-luossavaara-kiruna-kommun-hjalmar-lundbohmsvagen-83c-6034363897987687696,24-25m²,bostadsratt,2026-07-05T19:28:58.871944
4528460762553998267,https://www.hemnet.se/salda/lagenhet-1rum-vasjon-sollentuna-kommun-ledungsvagen-24a-4528460762553998267,24-25m²,bostadsratt,2026-07-05T19:28:58.871945
4272323621203704810,https://www.hemnet.se/salda/lagenhet-1rum-sodermalm-maria-stockholms-kommun-tavastgatan-28-4272323621203704810,24-25m²,bostadsratt,2026-07-05T19:28:58.871946
7723180490487690428,"https://www.hemnet.se/salda/lagenhet-1rum-vasastan-odenplan-stockholms-kommun-frejgatan-57,-3-tr-7723180490487690428",24-25m²,bostadsratt,2026-07-05T19:28:58.871949
6824084952698973440,https://www.hemnet.se/salda/lagenhet-1rum-centrala-sundbyberg-sundbybergs-kommun-sturegatan-43-6824084952698973440,24-25m²,bostadsratt,2026-07-05T19:28:58.871951
4563971644263930662,https://www.hemnet.se/salda/lagenhet-1rum-sodermalm-stockholms-kommun-tavastgatan-31-4563971644263930662,24-25m²,bostadsratt,2026-07-05T19:28:58.871952
181062192016737734,https://www.hemnet.se/salda/lagenhet-1rum-nyby-uppsala-kommun-leopoldsgatan-23-181062192016737734,24-25m²,bostadsratt,2026-07-05T19:28:58.871953
6386222366602941077,https://www.hemnet.se/salda/lagenhet-1rum-ostermalm-stockholms-kommun-nybrogatan-77-6386222366602941077,24-25m²,bostadsratt,2026-07-05T19:28:58.871954
5688900853366958095,"https://www.hemnet.se/salda/lagenhet-1rum-sodermalm-maria-hogalid-stockholms-kommun-folkskolegatan-20,-van-5-5,-5688900853366958095",24-25m²,bostadsratt,2026-07-05T19:28:58.871956
8732886870913363513,"https://www.hemnet.se/salda/lagenhet-1,5rum-masthugget-goteborgs-kommun-kjellmansgatan-26-8732886870913363513",24-25m²,bostadsratt,2026-07-05T19:28:58.871957
9011374351630752042,https://www.hemnet.se/salda/lagenhet-1rum-runby-upplands-vasby-kommun-tradgardsvagen-17-9011374351630752042,24-25m²,bostadsratt,2026-07-05T19:28:58.871958
1327884849785968758,https://www.hemnet.se/salda/lagenhet-1rum-gardet-ostermalm-stockholms-kommun-osthammarsgatan-75-1327884849785968758,24-25m²,bostadsratt,2026-07-05T19:28:58.871960
5965039151056178782,https://www.hemnet.se/salda/lagenhet-1rum-sodermalm-stockholms-kommun-ringvagen-151b-5965039151056178782,24-25m²,bostadsratt,2026-07-05T19:28:58.871963
3168850451348066169,"https://www.hemnet.se/salda/lagenhet-1rum-sodermalm-stockholms-kommun-lundagatan-36b,-3-tr-3168850451348066169",24-25m²,bostadsratt,2026-07-05T19:28:58.871964
896944859821085825,https://www.hemnet.se/salda/lagenhet-1rum-sodermalm-hogalid-stockholms-kommun-lundagatan-52-896944859821085825,24-25m²,bostadsratt,2026-07-05T19:28:58.871966
2470873080357432599,https://www.hemnet.se/salda/lagenhet-1rum-blackeberg-stockholms-kommun-arvid-mornes-vag-58-2470873080357432599,24-25m²,bostadsratt,2026-07-05T19:28:58.871967
498825215234459554,https://www.hemnet.se/salda/lagenhet-1rum-solna-rasunda-solna-kommun-s-t-ansgars-vag-10-a-498825215234459554,24-25m²,bostadsratt,2026-07-05T19:28:58.871968
3947598630196373239,"https://www.hemnet.se/salda/lagenhet-1rum-gardet-ostermalm-stockholms-kommun-furusundsgatan-13,-4tr-3947598630196373239",24-25m²,bostadsratt,2026-07-05T19:28:58.871970
4052086982185711738,https://www.hemnet.se/salda/lagenhet-1rum-johanneberg-goteborgs-kommun-volrat-thamsgatan-15-4052086982185711738,24-25m²,bostadsratt,2026-07-05T19:28:58.871971
8550049663483442307,https://www.hemnet.se/salda/lagenhet-2rum-lund-centrum-lunds-kommun-revingegatan-19c-8550049663483442307,24-25m²,bostadsratt,2026-07-05T19:28:58.871972
3447632989155294966,"https://www.hemnet.se/salda/lagenhet-1rum-hornstull-stockholms-kommun-hogalidsgatan-29,-3tr,-3447632989155294966",24-25m²,bostadsratt,2026-07-05T19:28:58.871974
253142716962186481,https://www.hemnet.se/salda/lagenhet-1rum-solna-solna-kommun-kyrkbacken-9-253142716962186481,24-25m²,bostadsratt,2026-07-05T19:28:58.871975
6938065248805494765,https://www.hemnet.se/salda/lagenhet-1rum-sodermalm-katarina-sofia-stockholms-kommun-renstiernas-gata-27-6938065248805494765,24-25m²,bostadsratt,2026-07-05T19:28:58.871977
4081843597694915129,https://www.hemnet.se/salda/lagenhet-1rum-ovre-vasastaden-linkopings-kommun-nordengatan-3b-4081843597694915129,24-25m²,bostadsratt,2026-07-05T19:28:58.871978
9070086719952255006,https://www.hemnet.se/salda/lagenhet-1rum-norrmalm-stockholms-kommun-david-bagares-gata-12a-9070086719952255006,24-25m²,bostadsratt,2026-07-05T19:28:58.871979
6067383959691383938,https://www.hemnet.se/salda/lagenhet-1rum-rasunda-solna-kommun-hasselstigen-5-6067383959691383938,24-25m²,bostadsratt,2026-07-05T19:28:58.871981
2498959693852396737,https://www.hemnet.se/salda/lagenhet-1rum-tynnered-goteborgs-kommun-briljantgatan-86b-2498959693852396737,24-25m²,bostadsratt,2026-07-05T19:28:58.871982
1126753301043417782,https://www.hemnet.se/salda/lagenhet-1rum-rasunda-solna-kommun-sodra-langgatan-41-1126753301043417782,24-25m²,bostadsratt,2026-07-05T19:28:58.871983
6381360708249411985,https://www.hemnet.se/salda/lagenhet-1rum-enskededalen-stockholms-kommun-oxelvagen-4-6381360708249411985,24-25m²,bostadsratt,2026-07-05T19:28:58.871985
3766403436057597334,"https://www.hemnet.se/salda/lagenhet-1rum-kungsholmen-norr-malarstrand-stockholms-kommun-pontonjargatan-33,-3-tr-3766403436057597334",24-25m²,bostadsratt,2026-07-05T19:28:58.871988
8210848551195113072,https://www.hemnet.se/salda/lagenhet-1rum-hogberget-ludvika-kommun-tre-krokars-gata-4b-8210848551195113072,24-25m²,bostadsratt,2026-07-05T19:28:58.871989
6458563778319197359,https://www.hemnet.se/salda/lagenhet-1rum-sodermalm-hogalid-stockholms-kommun-hogalidsgatan-11-6458563778319197359,24-25m²,bostadsratt,2026-07-05T19:28:58.871991
8183234643122171892,https://www.hemnet.se/salda/lagenhet-1rum-karlberg-karlskoga-kommun-tegnervagen-9b-8183234643122171892,24-25m²,bostadsratt,2026-07-05T19:28:58.871992
5279020754180395294,https://www.hemnet.se/salda/lagenhet-1rum-centralt-ornskoldsviks-kommun-angermanlandsgatan-16a-5279020754180395294,24-25m²,bostadsratt,2026-07-05T19:28:58.871993
6743276008600285500,https://www.hemnet.se/salda/lagenhet-1rum-tannefors-linkopings-kommun-kungsberget-2-6743276008600285500,24-25m²,bostadsratt,2026-07-05T19:28:58.871994
2965785743583516778,"https://www.hemnet.se/salda/lagenhet-1,5rum-hokarangen-stockholms-kommun-russinvagen-7-2965785743583516778",24-25m²,bostadsratt,2026-07-05T19:28:58.871996
3868879148236314846,"https://www.hemnet.se/salda/lagenhet-1rum-gardet-stockholms-kommun-rindogatan-30,-3-tr-3868879148236314846",24-25m²,bostadsratt,2026-07-05T19:28:58.871997
1298527171010882813,https://www.hemnet.se/salda/lagenhet-1rum-haga-umea-kommun-stenmarksvagen-1a-1298527171010882813,24-25m²,bostadsratt,2026-07-05T19:28:58.871998
5586654776377085674,"https://www.hemnet.se/salda/lagenhet-1rum-kungsholmen-stockholms-kommun-kungsbro-strand-21,-van-2-5586654776377085674",24-25m²,bostadsratt,2026-07-05T19:28:58.872000
7716159519756422435,"https://www.hemnet.se/salda/lagenhet-1rum-vasastan-stockholms-kommun-sankt-eriksgatan-64,-hogt-over-gard-7716159519756422435",24-25m²,bostadsratt,2026-07-05T19:28:58.872001
481776119795960149,https://www.hemnet.se/salda/lagenhet-1rum-centrala-sundbyberg-sundbybergs-kommun-tulegatan-29a-481776119795960149,24-25m²,bostadsratt,2026-07-05T19:28:58.872003
8399772891482976907,https://www.hemnet.se/salda/lagenhet-1rum-korsta-sundsvalls-kommun-klippgatan-16-8399772891482976907,24-25m²,bostadsratt,2026-07-05T19:28:58.872004
5631165254688580663,https://www.hemnet.se/salda/lagenhet-1rum-centrala-mora-mora-kommun-hantverkaregatan-11-5631165254688580663,24-25m²,bostadsratt,2026-07-05T19:28:58.872005
5675772059193991860,"https://www.hemnet.se/salda/lagenhet-1rum-gullmarsplan-johanneshov-stockholms-kommun-skulptorvagen-15,-2-tr-5675772059193991860",24-25m²,bostadsratt,2026-07-05T19:28:58.872007
8789441148621201024,"https://www.hemnet.se/salda/lagenhet-1rum-kungsholmen-thorildsplan-stockholms-kommun-drottningholmsvagen-78,-1-tr-8789441148621201024",24-25m²,bostadsratt,2026-07-05T19:28:58.872010
6477163362917074594,https://www.hemnet.se/salda/lagenhet-1rum-linnestaden-goteborgs-kommun-nordenskioldsgatan-30-a-6477163362917074594,24-25m²,bostadsratt,2026-07-05T19:28:58.872011
4619706850501812047,https://www.hemnet.se/salda/lagenhet-1rum-gullmarsplan-johanneshov-stockholms-kommun-gullmarsvagen-8-4619706850501812047,24-25m²,bostadsratt,2026-07-05T19:28:58.872013
163227504752507890,https://www.hemnet.se/salda/lagenhet-1rum-torpa-jonkopings-kommun-grona-gatan-13a-163227504752507890,24-25m²,bostadsratt,2026-07-05T19:28:58.872014
8370465845809347640,https://www.hemnet.se/salda/lagenhet-1rum-sodermalm-hogalid-stockholms-kommun-langholmsgatan-11b-8370465845809347640,24-25m²,bostadsratt,2026-07-05T19:28:58.872015
1312652873870629631,https://www.hemnet.se/salda/lagenhet-1rum-soder-norrkopings-kommun-petter-swartzgatan-13a-1312652873870629631,24-25m²,bostadsratt,2026-07-05T19:28:58.872016
3863324297309228271,https://www.hemnet.se/salda/lagenhet-1rum-nedre-gardet-ostermalm-stockholms-kommun-erik-dahlbergsgatan-36-3863324297309228271,24-25m²,bostadsratt,2026-07-05T19:28:58.872018
4353233572349062075,https://www.hemnet.se/salda/lagenhet-1rum-haga-norra-solna-kommun-sylvangatan-5-4353233572349062075,24-25m²,bostadsratt,2026-07-05T19:28:58.872019
129880390329340993,https://www.hemnet.se/salda/lagenhet-1rum-arsta-uppsala-kommun-fyrislundsgatan-46-129880390329340993,24-25m²,bostadsratt,2026-07-05T19:28:58.872021
8397149761894326281,https://www.hemnet.se/salda/lagenhet-2rum-nockeby-stockholms-kommun-nockeby-kyrkvag-2-bv-8397149761894326281,24-25m²,bostadsratt,2026-07-05T19:28:58.872022
6816720060035139693,https://www.hemnet.se/salda/lagenhet-1rum-kungsholmen-stockholms-kommun-norr-malarstrand-90-6816720060035139693,24-25m²,bostadsratt,2026-07-05T19:28:58.872025
4672951213889319547,https://www.hemnet.se/salda/lagenhet-1rum-gideonsberg-vasteras-kommun-blomstergatan-4-4672951213889319547,24-25m²,bostadsratt,2026-07-05T19:28:58.872026
9159934743501383911,"https://www.hemnet.se/salda/lagenhet-1rum-vasastan-stockholms-kommun-sankt-eriksgatan-103,-2-tr-9159934743501383911",24-25m²,bostadsratt,2026-07-05T19:28:58.872028
2783984967135186122,"https://www.hemnet.se/salda/lagenhet-3rum-kummelnas-nacka-kommun-abroddsvagen-29-33,-minivilla-18-2783984967135186122",24-25m²,bostadsratt,2026-07-05T19:28:58.872029
2689844171495521664,https://www.hemnet.se/salda/lagenhet-1rum-gardet-ostermalm-stockholms-kommun-olaus-petrigatan-10-2689844171495521664,24-25m²,bostadsratt,2026-07-05T19:28:58.872030
1155109391924304617,https://www.hemnet.se/salda/lagenhet-1rum-nynashamn-nynashamns-kommun-sigyns-vag-4b-1155109391924304617,24-25m²,bostadsratt,2026-07-05T19:28:58.872032
8267907582972596340,https://www.hemnet.se/salda/lagenhet-1rum-vasastan-stockholms-kommun-norrtullsgatan-24-8267907582972596340,24-25m²,bostadsratt,2026-07-05T19:28:58.872033
8936849959479520918,https://www.hemnet.se/salda/lagenhet-1rum-nedre-gardet-ostermalm-stockholms-kommun-storskarsgatan-4-8936849959479520918,24-25m²,bostadsratt,2026-07-05T19:28:58.872034
7945884099414948969,https://www.hemnet.se/salda/lagenhet-1rum-gideonsberg-vasteras-kommun-blomstergatan-4-7945884099414948969,24-25m²,bostadsratt,2026-07-05T19:28:58.872036
4328836542390837285,https://www.hemnet.se/salda/lagenhet-1rum-kungsholmen-stockholms-kommun-sankt-goransgatan-72-4328836542390837285,24-25m²,bostadsratt,2026-07-05T19:28:58.872039
6310836183011693540,https://www.hemnet.se/salda/lagenhet-1rum-centralt-ornskoldsviks-kommun-angermanlandsgatan-18-6310836183011693540,24-25m²,bostadsratt,2026-07-05T19:28:58.872040
3444687986380878838,"https://www.hemnet.se/salda/lagenhet-1rum-ostermalm-stockholms-kommun-banergatan-25a,-3tr-3444687986380878838",24-25m²,bostadsratt,2026-07-05T19:28:58.872041
3689991731377407478,https://www.hemnet.se/salda/lagenhet-1rum-framre-luthagen-uppsala-kommun-sturegatan-3-3689991731377407478,24-25m²,bostadsratt,2026-07-05T19:28:58.872043
177730900863212375,https://www.hemnet.se/salda/lagenhet-1rum-vasterhaninge-haninge-kommun-ringvagen-86-177730900863212375,24-25m²,bostadsratt,2026-07-05T19:28:58.872044
6290970173857969519,"https://www.hemnet.se/salda/lagenhet-1rum-sodermalm-stockholms-kommun-folkungagatan-65,-5tr-6290970173857969519",24-25m²,bostadsratt,2026-07-05T19:28:58.872045
8453585662985306500,https://www.hemnet.se/salda/lagenhet-1rum-kortedala-goteborgs-kommun-forstamajgatan-24-8453585662985306500,24-25m²,bostadsratt,2026-07-05T19:28:58.872047
2269677031192456869,https://www.hemnet.se/salda/lagenhet-1rum-huvudsta-solna-kommun-huvudstagatan-4-2269677031192456869,24-25m²,bostadsratt,2026-07-05T19:28:58.872048
2626483491154544627,https://www.hemnet.se/salda/lagenhet-1rum-rasunda-solna-kommun-rasundavagen-133a-2626483491154544627,24-25m²,bostadsratt,2026-07-05T19:28:58.872049
1235021041862221186,https://www.hemnet.se/salda/lagenhet-1rum-gottfridsberg-linkopings-kommun-orngatan-15-1235021041862221186,24-25m²,bostadsratt,2026-07-05T19:28:58.872050
3832452482253600768,"https://www.hemnet.se/salda/lagenhet-1rum-arsta-stockholms-kommun-arstavagen-77,-van-4-4-3832452482253600768",24-25m²,bostadsratt,2026-07-05T19:28:58.872052
2152178364885113524,https://www.hemnet.se/salda/lagenhet-1rum-lunden-goteborgs-kommun-ulfsparregatan-22-2152178364885113524,24-25m²,bostadsratt,2026-07-05T19:28:58.872053
1975059491381634133,https://www.hemnet.se/salda/lagenhet-1rum-haga-norra-solna-kommun-sylvangatan-5-1975059491381634133,24-25m²,bostadsratt,2026-07-05T19:28:58.872054
58841053339357565,https://www.hemnet.se/salda/lagenhet-1rum-ornsberg-aspudden-stockholms-kommun-hagerstensvagen-211-58841053339357565,24-25m²,bostadsratt,2026-07-05T19:28:58.872057
4889311354487436163,https://www.hemnet.se/salda/lagenhet-1rum-lund-centrum-lunds-kommun-gyllenkroks-alle-3-4889311354487436163,24-25m²,bostadsratt,2026-07-05T19:28:58.872059
4008537282117109986,https://www.hemnet.se/salda/lagenhet-1rum-hokarangen-stockholms-kommun-russinvagen-7-4008537282117109986,24-25m²,bostadsratt,2026-07-05T19:28:58.872060
3377544996099619190,"https://www.hemnet.se/salda/lagenhet-1rum-sodermalm-sofo-stockholms-kommun-gotlandsgatan-64,-3tr-3377544996099619190",24-25m²,bostadsratt,2026-07-05T19:28:58.872061
2744002381334324636,https://www.hemnet.se/salda/lagenhet-1rum-ostermalm-invid-strandvagen-stockholms-kommun-skeppargatan-11-2744002381334324636,24-25m²,bostadsratt,2026-07-05T19:28:58.872065
6489191233059950780,"https://www.hemnet.se/salda/lagenhet-1rum-fruangen-stockholms-kommun-lina-sandells-plan-2,-6-tr-6489191233059950780",24-25m²,bostadsratt,2026-07-05T19:28:58.872066
5536566210452613470,https://www.hemnet.se/salda/lagenhet-1rum-centralt-ornskoldsviks-kommun-angermanlandsgatan-14b-5536566210452613470,24-25m²,bostadsratt,2026-07-05T19:28:58.872067
5808811179135218246,https://www.hemnet.se/salda/lagenhet-1rum-flemingsberg-huddinge-kommun-terapivagen-12c-5808811179135218246,24-25m²,bostadsratt,2026-07-05T19:28:58.872069
4990829605377031298,https://www.hemnet.se/salda/lagenhet-1rum-arsta-brillinge-vaksala-uppsala-kommun-fyrislundsgatan-40-4990829605377031298,24-25m²,bostadsratt,2026-07-05T19:28:58.872070
8535951853884704846,https://www.hemnet.se/salda/lagenhet-1rum-sodermalm-katarina-sofia-stockholms-kommun-tjarhovsgatan-50-8535951853884704846,24-25m²,bostadsratt,2026-07-05T19:28:58.872071
517624217248669241,https://www.hemnet.se/salda/lagenhet-1rum-falhagen-uppsala-kommun-liljegatan-9b-517624217248669241,24-25m²,bostadsratt,2026-07-05T19:28:58.872073
8578469228683737376,"https://www.hemnet.se/salda/lagenhet-1rum-kungsholmen-stockholms-kommun-industrigatan-16,-5tr-8578469228683737376",24-25m²,bostadsratt,2026-07-05T19:28:58.872074
6299902073990037117,https://www.hemnet.se/salda/lagenhet-1rum-ellstorp-malmo-kommun-ellstorpsgatan-2c-6299902073990037117,24-25m²,bostadsratt,2026-07-05T19:28:58.872075
5609740460966564857,https://www.hemnet.se/salda/lagenhet-1rum-sodermalm-stockholms-kommun-bergsundsgatan-12-vaning-1-5609740460966564857,24-25m²,bostadsratt,2026-07-05T19:28:58.872077
2838379094205682505,"https://www.hemnet.se/salda/lagenhet-1rum-gardet-stockholms-kommun-osthammarsgatan-72-a-,ep-2838379094205682505",24-25m²,bostadsratt,2026-07-05T19:28:58.872078
1461941254362882779,"https://www.hemnet.se/salda/lagenhet-1rum-kungsholmen-stockholms-kommun-wennerbergsgatan-6b,-6-tr-med-balkong-i-sydvast-1461941254362882779",24-25m²,bostadsratt,2026-07-05T19:28:58.872079
8431692455941529313,"https://www.hemnet.se/salda/lagenhet-1,5rum-vasjon-sollentuna-kommun-fjatursvagen-14c-8431692455941529313",24-25m²,bostadsratt,2026-07-05T19:28:58.872081
9188282441847782668,https://www.hemnet.se/salda/lagenhet-1rum-haga-norra-solna-kommun-sylvangatan-5-9188282441847782668,24-25m²,bostadsratt,2026-07-05T19:28:58.872082
876992754701414351,https://www.hemnet.se/salda/lagenhet-1rum-vaster-lunds-kommun-slojdgatan-12-876992754701414351,24-25m²,bostadsratt,2026-07-05T19:28:58.872083
7497902043407288671,https://www.hemnet.se/salda/lagenhet-1rum-huvudsta-solna-kommun-wiboms-vag-6-7497902043407288671,24-25m²,bostadsratt,2026-07-05T19:28:58.872085
6758461907643151786,https://www.hemnet.se/salda/lagenhet-1rum-hammarbyhojden-stockholms-kommun-paternostervagen-36-6758461907643151786,24-25m²,bostadsratt,2026-07-05T19:28:58.872086
504716566077070112,https://www.hemnet.se/salda/lagenhet-1rum-hemmesta-varmdo-kommun-parkvagen-9j-504716566077070112,24-25m²,bostadsratt,2026-07-05T19:28:58.872087
3016680496251522290,"https://www.hemnet.se/salda/lagenhet-1rum-kungsholmen-stora-essingen-stockholms-kommun-vanskapsvagen-36,-2-tr-3016680496251522290",24-25m²,bostadsratt,2026-07-05T19:28:58.872089
5284122500917760283,"https://www.hemnet.se/salda/lagenhet-1rum-sodermalm-maria-hogalid-stockholms-kommun-slipgatan-2,-1-tr-5284122500917760283",24-25m²,bostadsratt,2026-07-05T19:28:58.872090
3382375279071101941,https://www.hemnet.se/salda/lagenhet-1rum-dammfri-malmo-kommun-pilakersvagen-4a-3382375279071101941,24-25m²,bostadsratt,2026-07-05T19:28:58.872091
9204601550767494678,https://www.hemnet.se/salda/lagenhet-1rum-vasastan-norrmalm-stockholms-kommun-david-bagares-gata-20a-9204601550767494678,24-25m²,bostadsratt,2026-07-05T19:28:58.872093
1653035662139513044,https://www.hemnet.se/salda/lagenhet-1rum-falhagen-uppsala-kommun-petterslundsgatan-14e-1653035662139513044,24-25m²,bostadsratt,2026-07-05T19:28:58.872094
8914826896933807740,https://www.hemnet.se/salda/lagenhet-1rum-lilla-alby-sundbybergs-kommun-tradgardsgatan-5-8914826896933807740,24-25m²,bostadsratt,2026-07-05T19:28:58.872095
6421816113441333388,https://www.hemnet.se/salda/lagenhet-1rum-flemingsberg-huddinge-kommun-terapivagen-18c-6421816113441333388,24-25m²,bostadsratt,2026-07-05T19:28:58.872097
7402835984868555586,https://www.hemnet.se/salda/lagenhet-1rum-centrum-mora-kommun-millakersgatan-15-7402835984868555586,24-25m²,bostadsratt,2026-07-05T19:28:58.872100
8323612794221114892,https://www.hemnet.se/salda/lagenhet-1rum-haga-sundsvalls-kommun-tallrotsgatan-21-8323612794221114892,24-25m²,bostadsratt,2026-07-05T19:28:58.872101
944879236693928654,"https://www.hemnet.se/salda/lagenhet-1rum-norra-lannersta,-nacka,-saltsjo-boo-nacka-kommun-fagelstigen-944879236693928654",24-25m²,bostadsratt,2026-07-05T19:28:58.872104
5531044955447186657,https://www.hemnet.se/salda/lagenhet-1rum-rorsjostaden-malmo-kommun-amiralsgatan-8e-5531044955447186657,24-25m²,bostadsratt,2026-07-05T19:28:58.872106
2134844088452555160,"https://www.hemnet.se/salda/lagenhet-1rum-haggvik-sollentuna-kommun-minervavagen-28,-4tr-2134844088452555160",24-25m²,bostadsratt,2026-07-05T19:28:58.872107
5104749626484948466,https://www.hemnet.se/salda/lagenhet-1rum-ostermalm-stockholms-kommun-valhallavagen-47-5104749626484948466,24-25m²,bostadsratt,2026-07-05T19:28:58.872108
6765721599896577319,"https://www.hemnet.se/salda/lagenhet-1rum-gardet-stockholms-kommun-furusundsgatan-13,-2-tr-6765721599896577319",24-25m²,bostadsratt,2026-07-05T19:28:58.872110
5696040953482336312,https://www.hemnet.se/salda/lagenhet-1rum-hokarangen-stockholms-kommun-russinvagen-5-5696040953482336312,24-25m²,bostadsratt,2026-07-05T19:28:58.872111
176693068153603152,https://www.hemnet.se/salda/lagenhet-1rum-ostermalm-vasteras-kommun-ostermalmsgatan-15-176693068153603152,24-25m²,bostadsratt,2026-07-05T19:28:58.872112
1695579898174922564,https://www.hemnet.se/salda/lagenhet-1rum-lund-centrum-lunds-kommun-mariagatan-9-1695579898174922564,24-25m²,bostadsratt,2026-07-05T19:28:58.872114
9214367774644159531,https://www.hemnet.se/salda/lagenhet-1rum-heden-goteborgs-kommun-parkgatan-8b-9214367774644159531,24-25m²,bostadsratt,2026-07-05T19:28:58.872115
8495775112898555676,"https://www.hemnet.se/salda/lagenhet-1rum-sodermalm-stockholms-kommun-bjurholmsplan-23,-2tr-8495775112898555676",24-25m²,bostadsratt,2026-07-05T19:28:58.872116
8345156360635310394,https://www.hemnet.se/salda/lagenhet-1rum-arsta-uppsala-kommun-fyrislundsgatan-52-8345156360635310394,24-25m²,bostadsratt,2026-07-05T19:28:58.872118
771566272807148729,"https://www.hemnet.se/salda/lagenhet-1rum-kungsholmen-radhuset-stockholms-kommun-bergsgatan-20,-2-tr-771566272807148729",24-25m²,bostadsratt,2026-07-05T19:28:58.872119
4561914730132267477,"https://www.hemnet.se/salda/lagenhet-1rum-lilla-essingen-stockholms-kommun-essinge-brogata-5,-5-5-tr-4561914730132267477",24-25m²,bostadsratt,2026-07-05T19:28:58.872120
8822352319862411565,https://www.hemnet.se/salda/lagenhet-1rum-norr-eskilstuna-kommun-heljestrandsgatan-24b-8822352319862411565,24-25m²,bostadsratt,2026-07-05T19:28:58.872122
2909593723005008279,https://www.hemnet.se/salda/lagenhet-1rum-midhem-malmo-kommun-saarisvagen-14-b-2909593723005008279,24-25m²,bostadsratt,2026-07-05T19:28:58.872123
6321725854437961853,https://www.hemnet.se/salda/lagenhet-1rum-flemingsberg-huddinge-kommun-terapivagen-18b-6321725854437961853,24-25m²,bostadsratt,2026-07-05T19:28:58.872124
2458711596950183675,https://www.hemnet.se/salda/lagenhet-1rum-mariehall-stockholms-kommun-askangsbacken-5-2458711596950183675,24-25m²,bostadsratt,2026-07-05T19:28:58.872126
6778749883567798771,https://www.hemnet.se/salda/lagenhet-1rum-fruangen-stockholms-kommun-lina-sandells-plan-2-6778749883567798771,24-25m²,bostadsratt,2026-07-05T19:28:58.872127
2303641142614211125,https://www.hemnet.se/salda/lagenhet-1rum-framre-luthagen-uppsala-kommun-sysslomansgatan-7-2303641142614211125,24-25m²,bostadsratt,2026-07-05T19:28:58.872128
3240604958274555895,"https://www.hemnet.se/salda/lagenhet-1rum-ostermalm-karlaplan-stockholms-kommun-gumshornsgatan-11,-4tr-3240604958274555895",24-25m²,bostadsratt,2026-07-05T19:28:58.872132
6853142655943603215,https://www.hemnet.se/salda/lagenhet-1rum-ostermalm-stockholms-kommun-floragatan-7-6853142655943603215,24-25m²,bostadsratt,2026-07-05T19:28:58.872133
8666906175620916472,https://www.hemnet.se/salda/lagenhet-1rum-bromma-blackeberg-stockholms-kommun-arvid-mornes-vag-58-8666906175620916472,24-25m²,bostadsratt,2026-07-05T19:28:58.872134
5550587928089976158,"https://www.hemnet.se/salda/lagenhet-2rum-hokarangen-stockholms-kommun-russinvagen-7,-3-tr-5550587928089976158",24-25m²,bostadsratt,2026-07-05T19:28:58.872136
4526034035120039640,https://www.hemnet.se/salda/lagenhet-1rum-salabacke-uppsala-kommun-verkmastargatan-1b-fast-pris-4526034035120039640,24-25m²,bostadsratt,2026-07-05T19:28:58.872137
4824258727679228407,https://www.hemnet.se/salda/lagenhet-1rum-enebyberg-danderyds-kommun-skolvagen-23a-4824258727679228407,24-25m²,bostadsratt,2026-07-05T19:28:58.872139
4228035340969990647,"https://www.hemnet.se/salda/lagenhet-1rum-ahus-tappet-kristianstads-kommun-kantarellvagen-7,-lgh-214000-4228035340969990647",24-25m²,bostadsratt,2026-07-05T19:28:58.872142
718791262907665526,https://www.hemnet.se/salda/lagenhet-1rum-city-vasteras-kommun-engelbrektsgatan-13-718791262907665526,24-25m²,bostadsratt,2026-07-05T19:28:58.872143
3872321008138844187,https://www.hemnet.se/salda/lagenhet-1rum-skarmarbrink-stockholms-kommun-pelargatan-7-3872321008138844187,24-25m²,bostadsratt,2026-07-05T19:28:58.872145
2370484497650318724,https://www.hemnet.se/salda/lagenhet-1rum-falhagen-hoganas-uppsala-kommun-petterslundsgatan-14e-2370484497650318724,24-25m²,bostadsratt,2026-07-05T19:28:58.872146
1381792725173354177,https://www.hemnet.se/salda/lagenhet-1rum-sodermalm-katarina-sofia-stockholms-kommun-sodermannagatan-31-1381792725173354177,24-25m²,bostadsratt,2026-07-05T19:28:58.872147
5208182880092735440,https://www.hemnet.se/salda/lagenhet-1rum-solna-solna-kommun-postgrand-6-5208182880092735440,24-25m²,bostadsratt,2026-07-05T19:28:58.872149
5737104196644549161,https://www.hemnet.se/salda/lagenhet-1rum-nasby-park-taby-kommun-eskadervagen-12-5737104196644549161,24-25m²,bostadsratt,2026-07-05T19:28:58.872150
2024487030050585553,"https://www.hemnet.se/salda/lagenhet-1rum-huddinge-flemingsberg-huddinge-kommun-terapivagen-12d,-3tr-2024487030050585553",24-25m²,bostadsratt,2026-07-05T19:28:58.872153
3103033765861870522,https://www.hemnet.se/salda/lagenhet-1rum-centralt-vaster-nykopings-kommun-borgaregatan-15-a-3103033765861870522,24-25m²,bostadsratt,2026-07-05T19:28:58.872155
184279541529638152,"https://www.hemnet.se/salda/lagenhet-1rum-rasunda-solna-kommun-rasundavagen-134,-6tr-184279541529638152",24-25m²,bostadsratt,2026-07-05T19:28:58.872156
8558077431026134931,https://www.hemnet.se/salda/lagenhet-1rum-porslinskvarteren-varmdo-kommun-stig-lindbergs-gata-17a-8558077431026134931,24-25m²,bostadsratt,2026-07-05T19:28:58.872157
3564264897943446376,"https://www.hemnet.se/salda/lagenhet-1rum-kungsholmen-norr-malarstrand-stockholms-kommun-sysslomansgatan-24,-4-tr-3564264897943446376",24-25m²,bostadsratt,2026-07-05T19:28:58.872159
6714419172650166827,"https://www.hemnet.se/salda/lagenhet-1rum-arsta-stockholms-kommun-arstavagen-77,-2tr-6714419172650166827",24-25m²,bostadsratt,2026-07-05T19:28:58.872160
2238192000978816857,"https://www.hemnet.se/salda/lagenhet-2rum-glado-kvarn,-sjonara-till-kvarnsjon-huddinge-kommun-osterangsvagen-2238192000978816857",24-25m²,bostadsratt,2026-07-05T19:28:58.872162
8673188042434157609,https://www.hemnet.se/salda/lagenhet-1rum-ribersborg-malmo-kommun-nils-forsbergsgatan-11-8673188042434157609,24-25m²,bostadsratt,2026-07-05T19:28:58.872163
247292761315817843,https://www.hemnet.se/salda/lagenhet-1rum-kungsholmen-stockholms-kommun-kungsholms-strand-137-247292761315817843,24-25m²,bostadsratt,2026-07-05T19:28:58.872164
8055827609993256272,https://www.hemnet.se/salda/lagenhet-1rum-flemingsberg-huddinge-kommun-terapivagen-14d-8055827609993256272,24-25m²,bostadsratt,2026-07-05T19:28:58.872165
6818462738947984993,https://www.hemnet.se/salda/lagenhet-3rum-vasjon-sollentuna-kommun-hemmings-vag-29c-6818462738947984993,24-25m²,bostadsratt,2026-07-05T19:28:58.872167
6918752443866390532,"https://www.hemnet.se/salda/lagenhet-1,5rum-sodermalm-stockholms-kommun-kattgrand-1-6918752443866390532",24-25m²,bostadsratt,2026-07-05T19:28:58.872168
6272391893436298887,"https://www.hemnet.se/salda/lagenhet-1rum-vasastan-stockholms-kommun-sveavagen-140,-4tr-6272391893436298887",24-25m²,bostadsratt,2026-07-05T19:28:58.872169
293516665421346285,"https://www.hemnet.se/salda/lagenhet-1rum-kungsholmen-stockholms-kommun-kungsklippan-11,-4tr-293516665421346285",24-25m²,bostadsratt,2026-07-05T19:28:58.872171
5303941323863443298,https://www.hemnet.se/salda/lagenhet-1rum-stureby-stockholms-kommun-skonviksvagen-270-5303941323863443298,24-25m²,bostadsratt,2026-07-05T19:28:58.872172
253965523993607019,https://www.hemnet.se/salda/lagenhet-1rum-karrtorp-stockholms-kommun-fyrskeppsvagen-33-253965523993607019,24-25m²,bostadsratt,2026-07-05T19:28:58.872173
7323508234532627158,https://www.hemnet.se/salda/lagenhet-1rum-viken-karlstads-kommun-konduktorsgatan-6-7323508234532627158,24-25m²,bostadsratt,2026-07-05T19:28:58.872175
4698285440435615943,https://www.hemnet.se/salda/lagenhet-1rum-centrum-vasastaden-linkopings-kommun-sturegatan-3b-4698285440435615943,24-25m²,bostadsratt,2026-07-05T19:28:58.872178
601975444590598341,"https://www.hemnet.se/salda/lagenhet-1rum-sodermalm-katarina-sofia-stockholms-kommun-olandsgatan-44,-1-tr-601975444590598341",24-25m²,bostadsratt,2026-07-05T19:28:58.872179
8915588582834807607,https://www.hemnet.se/salda/lagenhet-1rum-johanneshov-stockholms-kommun-blasutvagen-7-8915588582834807607,24-25m²,bostadsratt,2026-07-05T19:28:58.872181
2915844033411548421,https://www.hemnet.se/salda/lagenhet-1rum-luthagen-uppsala-kommun-fyrisvallsgatan-10a-2915844033411548421,24-25m²,bostadsratt,2026-07-05T19:28:58.872182
4155134385502412482,https://www.hemnet.se/salda/lagenhet-1rum-sommarro-uppsala-kommun-lindsbergsgatan-13c-4155134385502412482,24-25m²,bostadsratt,2026-07-05T19:28:58.872183
4241257619413856492,"https://www.hemnet.se/salda/lagenhet-1rum-vasastan-atlas-stockholms-kommun-vulcanusgatan-4,-1tr-4241257619413856492",24-25m²,bostadsratt,2026-07-05T19:28:58.872184
6452125451964199537,https://www.hemnet.se/salda/lagenhet-1rum-centrala-umea-umea-kommun-radhusesplanaden-18a-6452125451964199537,24-25m²,bostadsratt,2026-07-05T19:28:58.872186
2738216766405463285,https://www.hemnet.se/salda/lagenhet-1rum-vasterhaninge-haninge-kommun-ringvagen-74-2738216766405463285,24-25m²,bostadsratt,2026-07-05T19:28:58.872187
4817193073953982081,https://www.hemnet.se/salda/lagenhet-2rum-selater-stromstads-kommun-selater-camping-ekbacken-27-4817193073953982081,24-25m²,bostadsratt,2026-07-05T19:28:58.872188
1169222366518031256,"https://www.hemnet.se/salda/lagenhet-1rum-hagersten-solberga-stockholms-kommun-kristallvagen-9,-2-tr-1169222366518031256",24-25m²,bostadsratt,2026-07-05T19:28:58.872190
1148543714250776037,https://www.hemnet.se/salda/lagenhet-1rum-malarhojden-axelsberg-stockholms-kommun-klubbacken-28-1148543714250776037,24-25m²,bostadsratt,2026-07-05T19:28:58.872191
991815963367753775,https://www.hemnet.se/salda/lagenhet-1rum-folkets-park-malmo-kommun-solvesborgsgatan-3b-991815963367753775,24-25m²,bostadsratt,2026-07-05T19:28:58.872192
6713866992996151144,https://www.hemnet.se/salda/lagenhet-1rum-hornstull-stockholms-kommun-hogalidsgatan-31-6713866992996151144,24-25m²,bostadsratt,2026-07-05T19:28:58.872194
6510240586295095990,"https://www.hemnet.se/salda/lagenhet-1rum-gardet-ostermalm-stockholms-kommun-rindogatan-12,-5-tr-6510240586295095990",24-25m²,bostadsratt,2026-07-05T19:28:58.872195
7747535035243503028,https://www.hemnet.se/salda/lagenhet-1rum-vasastan-stockholms-kommun-valhallavagen-47-7747535035243503028,24-25m²,bostadsratt,2026-07-05T19:28:58.872196
3627951078388294203,https://www.hemnet.se/salda/lagenhet-1rum-galjevangen-lunds-kommun-lagerbrings-vag-4d-3627951078388294203,24-25m²,bostadsratt,2026-07-05T19:28:58.872199
8533337246884181468,https://www.hemnet.se/salda/lagenhet-1rum-vasastan-stockholms-kommun-vanadisvagen-31b-8533337246884181468,24-25m²,bostadsratt,2026-07-05T19:28:58.872201
1038986351752051803,https://www.hemnet.se/salda/lagenhet-1rum-haga-norra-solna-kommun-sylvangatan-5-1038986351752051803,24-25m²,bostadsratt,2026-07-05T19:28:58.872202
8826104375168582893,https://www.hemnet.se/salda/lagenhet-1rum-kungsholmen-stockholms-kommun-kungsbro-strand-21-8826104375168582893,24-25m²,bostadsratt,2026-07-05T19:28:58.872203
1120109798719652395,https://www.hemnet.se/salda/lagenhet-1rum-fimmelstangen-vasterviks-kommun-bjorklundsgatan-5e-1120109798719652395,24-25m²,bostadsratt,2026-07-05T19:28:58.872205
4780100063180324887,https://www.hemnet.se/salda/lagenhet-1rum-trosso-karlskrona-kommun-arklimastaregatan-32-4780100063180324887,24-25m²,bostadsratt,2026-07-05T19:28:58.872206
6307840029540563188,https://www.hemnet.se/salda/lagenhet-1rum-gardet-ostermalm-stockholms-kommun-erik-dahlbergsgatan-36-6307840029540563188,24-25m²,bostadsratt,2026-07-05T19:28:58.872207
4534633495077186394,https://www.hemnet.se/salda/lagenhet-1rum-masthugget-goteborgs-kommun-masthuggsliden-10-4534633495077186394,24-25m²,bostadsratt,2026-07-05T19:28:58.872209
5705721362567500221,https://www.hemnet.se/salda/lagenhet-1rum-kungsholmen-norr-malarstrand-stockholms-kommun-john-ericssonsgatan-16-5705721362567500221,24-25m²,bostadsratt,2026-07-05T19:28:58.872210
2334904581675437271,"https://www.hemnet.se/salda/lagenhet-1rum-sodermalm-katarina-stockholms-kommun-asogatan-92,-4-tr-2334904581675437271",24-25m²,bostadsratt,2026-07-05T19:28:58.872212
8654748783488976998,https://www.hemnet.se/salda/lagenhet-1rum-globen-stockholms-kommun-skulptorvagen-15-8654748783488976998,24-25m²,bostadsratt,2026-07-05T19:28:58.872213
7746827092167469776,https://www.hemnet.se/salda/lagenhet-1rum-centralt-vasastaden-linkopings-kommun-sturegatan-5-7746827092167469776,24-25m²,bostadsratt,2026-07-05T19:28:58.872216
5646469333236518840,"https://www.hemnet.se/salda/lagenhet-1rum-ovre-slotts-uppsala-kommun-kyrkogardsgatan-23,-van-3-5646469333236518840",24-25m²,bostadsratt,2026-07-05T19:28:58.872217
4713062797535899572,"https://www.hemnet.se/salda/lagenhet-1rum-sodermalm-stockholms-kommun-asogatan-174,-4tr-4713062797535899572",24-25m²,bostadsratt,2026-07-05T19:28:58.872219
6705255141802164658,"https://www.hemnet.se/salda/lagenhet-1rum-aspudden-stockholms-kommun-schlytersvagen-69,-van-2-6705255141802164658",24-25m²,bostadsratt,2026-07-05T19:28:58.872220
5289213193712330443,"https://www.hemnet.se/salda/lagenhet-1rum-fridhemsplan-stockholms-kommun-sankt-goransgatan-64,-2-tr-5289213193712330443",24-25m²,bostadsratt,2026-07-05T19:28:58.872221
2651688469267807199,https://www.hemnet.se/salda/lagenhet-1rum-skelleftea-skelleftea-kommun-stenkilsgatan-46a-2651688469267807199,24-25m²,bostadsratt,2026-07-05T19:28:58.872223
5964549778788120789,"https://www.hemnet.se/salda/lagenhet-1rum-vasastan-stockholms-kommun-valhallavagen-49,-5-tr-5964549778788120789",24-25m²,bostadsratt,2026-07-05T19:28:58.872224
3332687409084980404,https://www.hemnet.se/salda/lagenhet-1rum-hassleholm-hassleholms-kommun-esplanadgatan-26b-3332687409084980404,24-25m²,bostadsratt,2026-07-05T19:28:58.872730
7581109656090019328,https://www.hemnet.se/salda/lagenhet-1rum-centrala-vasby-upplands-vasby-kommun-centralvagen-8a-7581109656090019328,24-25m²,bostadsratt,2026-07-05T19:28:58.872733
6795968099746931826,https://www.hemnet.se/salda/lagenhet-1rum-johanneberg-goteborgs-kommun-gibraltargatan-21c-6795968099746931826,24-25m²,bostadsratt,2026-07-05T19:28:58.872735
1933313849968761858,"https://www.hemnet.se/salda/lagenhet-1rum-sodermalm-mariaberget-stockholms-kommun-tavastgatan-5,-1tr-1933313849968761858",24-25m²,bostadsratt,2026-07-05T19:28:58.872736
3709292552034726463,https://www.hemnet.se/salda/lagenhet-1rum-centrala-linkoping-linkopings-kommun-linnegatan-10-3709292552034726463,24-25m²,bostadsratt,2026-07-05T19:28:58.872738
8014732762068691650,https://www.hemnet.se/salda/lagenhet-1rum-centrala-huddinge-huddinge-kommun-horningsnasvagen-34-3tr-8014732762068691650,24-25m²,bostadsratt,2026-07-05T19:28:58.872739
5274885037482974757,https://www.hemnet.se/salda/lagenhet-1rum-centrum-uppsala-kommun-kungsangsgatan-23-5274885037482974757,24-25m²,bostadsratt,2026-07-05T19:28:58.872741
5390420489460555492,https://www.hemnet.se/salda/lagenhet-1rum-lilla-essingen-stockholms-kommun-essinge-brogata-22-5390420489460555492,24-25m²,bostadsratt,2026-07-05T19:28:58.872742
2088173129459819980,https://www.hemnet.se/salda/lagenhet-1rum-or-sundbybergs-kommun-logdansvagen-40-2088173129459819980,24-25m²,bostadsratt,2026-07-05T19:28:58.872744
3413508540415404961,https://www.hemnet.se/salda/lagenhet-1rum-hornstull-hogalid-stockholms-kommun-hornsgatan-151-3413508540415404961,24-25m²,bostadsratt,2026-07-05T19:28:58.872745
4847160904113037311,https://www.hemnet.se/salda/lagenhet-1rum-vasastan-stockholms-kommun-vanadisplan-8-4847160904113037311,24-25m²,bostadsratt,2026-07-05T19:28:58.872746
6388268423368654846,"https://www.hemnet.se/salda/lagenhet-1rum-ostermalm-stockholms-kommun-storgatan-32,-bv-6388268423368654846",24-25m²,bostadsratt,2026-07-05T19:28:58.872748
6370251666502477849,"https://www.hemnet.se/salda/lagenhet-1rum-fruangen-stockholms-kommun-doktor-widerstroms-gata-56,-1tr-6370251666502477849",24-25m²,bostadsratt,2026-07-05T19:28:58.872749
4431129340041714238,https://www.hemnet.se/salda/lagenhet-1rum-hokarangen-stockholms-kommun-russinvagen-5-4431129340041714238,24-25m²,bostadsratt,2026-07-05T19:28:58.872751
4815683492743256107,https://www.hemnet.se/salda/lagenhet-1rum-fruangen-stockholms-kommun-doktor-widerstroms-gata-6-4815683492743256107,24-25m²,bostadsratt,2026-07-05T19:28:58.872752
5950958406607681513,https://www.hemnet.se/salda/lagenhet-1rum-katarina-stockholms-kommun-gotgatan-79-5950958406607681513,24-25m²,bostadsratt,2026-07-05T19:28:58.872753
2107439171868424639,https://www.hemnet.se/salda/lagenhet-1rum-jarnbrott-goteborgs-kommun-bildradiogatan-2-2107439171868424639,24-25m²,bostadsratt,2026-07-05T19:28:58.872755
4394421850819007347,"https://www.hemnet.se/salda/lagenhet-1rum-kungsholmen-stockholms-kommun-sysslomansgatan-24,-van-5-4394421850819007347",24-25m²,bostadsratt,2026-07-05T19:28:58.872756
4446330908050066300,https://www.hemnet.se/salda/lagenhet-1rum-hagerstensasen-stockholms-kommun-backvagen-120-4446330908050066300,24-25m²,bostadsratt,2026-07-05T19:28:58.872757
8404302310905148665,https://www.hemnet.se/salda/lagenhet-1rum-ribersborg-malmo-kommun-tessins-vag-18b-8404302310905148665,24-25m²,bostadsratt,2026-07-05T19:28:58.872759
2805394229974799691,https://www.hemnet.se/salda/lagenhet-1rum-arsta-uppsala-kommun-fyrislundsgatan-44-2805394229974799691,24-25m²,bostadsratt,2026-07-05T19:28:58.872760
2845814249424801208,https://www.hemnet.se/salda/lagenhet-1rum-sodermalm-nytorget-stockholms-kommun-malmgardsvagen-10-2845814249424801208,24-25m²,bostadsratt,2026-07-05T19:28:58.872762
6437317321316544185,https://www.hemnet.se/salda/lagenhet-1rum-alsten-stockholms-kommun-vesslevagen-40-6437317321316544185,24-25m²,bostadsratt,2026-07-05T19:28:58.872763
6875432158873484933,https://www.hemnet.se/salda/lagenhet-1rum-sickla-strand-nacka-kommun-sickla-strand-33-6875432158873484933,24-25m²,bostadsratt,2026-07-05T19:28:58.872764
4540988701039285890,https://www.hemnet.se/salda/lagenhet-1rum-korsta-sundsvalls-kommun-klippgatan-14-4540988701039285890,24-25m²,bostadsratt,2026-07-05T19:28:58.872766
4277666895365983269,https://www.hemnet.se/salda/lagenhet-1rum-grondal-stockholms-kommun-ekensbergsvagen-118-4277666895365983269,24-25m²,bostadsratt,2026-07-05T19:28:58.872767
2662859297308343375,"https://www.hemnet.se/salda/lagenhet-1rum-vasastan-odenplan-stockholms-kommun-surbrunnsgatan-50,-4-tr-2662859297308343375",24-25m²,bostadsratt,2026-07-05T19:28:58.872768
3889291649690360045,"https://www.hemnet.se/salda/lagenhet-1rum-kungsholmen-kungsklippan-stockholms-kommun-kungsklippan-11,-4-tr-3889291649690360045",24-25m²,bostadsratt,2026-07-05T19:28:58.872770
5731634835556188084,https://www.hemnet.se/salda/lagenhet-1rum-norrstrand-karlstads-kommun-norrstrandsgatan-19-d-5731634835556188084,24-25m²,bostadsratt,2026-07-05T19:28:58.872772
6293038048880247334,https://www.hemnet.se/salda/lagenhet-1rum-sundbyberg-sundbybergs-kommun-kyrkogatan-2-6293038048880247334,24-25m²,bostadsratt,2026-07-05T19:28:58.872773
2474065368458818143,https://www.hemnet.se/salda/lagenhet-1rum-strand-karlstads-kommun-4-e-villagatan-14-2474065368458818143,24-25m²,bostadsratt,2026-07-05T19:28:58.872775
3594743996886510405,https://www.hemnet.se/salda/lagenhet-1rum-globen-stockholms-kommun-konstgjutarvagen-38-3594743996886510405,24-25m²,bostadsratt,2026-07-05T19:28:58.872776
8567024081000822378,https://www.hemnet.se/salda/lagenhet-1rum-hejdegarden-linkopings-kommun-nattstuvugatan-15-8567024081000822378,24-25m²,bostadsratt,2026-07-05T19:28:58.872777
4022147514249257687,https://www.hemnet.se/salda/lagenhet-1rum-fruangen-stockholms-kommun-doktor-widerstroms-gata-44-4022147514249257687,24-25m²,bostadsratt,2026-07-05T19:28:58.872779
7428315514022904497,https://www.hemnet.se/salda/lagenhet-1rum-ostra-sorgenfri-malmo-kommun-branteviksgatan-5b-7428315514022904497,24-25m²,bostadsratt,2026-07-05T19:28:58.872780
8799256882887940711,"https://www.hemnet.se/salda/lagenhet-1,5rum-ostermalm-stockholms-kommun-grevgatan-40-8799256882887940711",24-25m²,bostadsratt,2026-07-05T19:28:58.872781
6644707850926513851,"https://www.hemnet.se/salda/lagenhet-1rum-hornstull-sodermalm-stockholms-kommun-slipgatan-5,-2,5-tr-6644707850926513851",24-25m²,bostadsratt,2026-07-05T19:28:58.872783
2547266863228106045,https://www.hemnet.se/salda/lagenhet-1rum-vallastaden-linkopings-kommun-selma-lagerlofs-gata-1-2547266863228106045,24-25m²,bostadsratt,2026-07-05T19:28:58.872784
3410404729014075731,https://www.hemnet.se/salda/lagenhet-1rum-nedre-gardet-stockholms-kommun-olaus-petrigatan-10-3410404729014075731,24-25m²,bostadsratt,2026-07-05T19:28:58.872785
4505519097466808876,https://www.hemnet.se/salda/lagenhet-1rum-sodermalm-katarina-stockholms-kommun-eriksdalsgatan-17-4505519097466808876,24-25m²,bostadsratt,2026-07-05T19:28:58.872787
6012370080627512949,https://www.hemnet.se/salda/lagenhet-1rum-lilla-essingen-stockholms-kommun-essinge-brogata-22-6012370080627512949,24-25m²,bostadsratt,2026-07-05T19:28:58.872788
2562127606028961339,https://www.hemnet.se/salda/lagenhet-1rum-sollentuna-haggvik-sollentuna-kommun-minervavagen-28-2562127606028961339,24-25m²,bostadsratt,2026-07-05T19:28:58.872789
2140976481182547839,https://www.hemnet.se/salda/lagenhet-1rum-vastertorp-hagerstensasen-stockholms-kommun-isgrand-9-2140976481182547839,24-25m²,bostadsratt,2026-07-05T19:28:58.872791
2993986592869900185,https://www.hemnet.se/salda/lagenhet-1rum-slottsstaden-malmo-kommun-beridaregatan-20b-2993986592869900185,24-25m²,bostadsratt,2026-07-05T19:28:58.872792
2043615978965382426,"https://www.hemnet.se/salda/lagenhet-1rum-sodermalm-sofo-stockholms-kommun-skanegatan-51,-4-tr-hogst-upp-2043615978965382426",24-25m²,bostadsratt,2026-07-05T19:28:58.872794
3097132373894726945,https://www.hemnet.se/salda/lagenhet-1rum-sofieberg-tyreso-kommun-klintvagen-35c-3097132373894726945,24-25m²,bostadsratt,2026-07-05T19:28:58.872795
7816773118315684241,https://www.hemnet.se/salda/lagenhet-1rum-dammfri-malmo-kommun-pilakersvagen-4-b-7816773118315684241,24-25m²,bostadsratt,2026-07-05T19:28:58.872797
7573506099629330892,https://www.hemnet.se/salda/lagenhet-1rum-sodermalm-stockholms-kommun-skinnarviksringen-2-7573506099629330892,24-25m²,bostadsratt,2026-07-05T19:28:58.872798
4331013399048471911,https://www.hemnet.se/salda/lagenhet-1rum-edsberg-sollentuna-kommun-sodersatravagen-32a-4331013399048471911,24-25m²,bostadsratt,2026-07-05T19:28:58.872799
2811341947171885,"https://www.hemnet.se/salda/lagenhet-1rum-hagerstensasen-stockholms-kommun-bokbindarvagen-55,-5-tr-2811341947171885",24-25m²,bostadsratt,2026-07-05T19:28:58.872801
4959273095317779230,"https://www.hemnet.se/salda/lagenhet-1rum-kungsholmen-stockholms-kommun-bergsgatan-29,-4tr-4959273095317779230",24-25m²,bostadsratt,2026-07-05T19:28:58.872802
6618082770764661718,https://www.hemnet.se/salda/lagenhet-1rum-ostermalm-stockholms-kommun-kommendorsgatan-24-6618082770764661718,24-25m²,bostadsratt,2026-07-05T19:28:58.872803
402360237400247664,https://www.hemnet.se/salda/lagenhet-1rum-froson-ostersunds-kommun-fritzhemsgatan-63-a-402360237400247664,24-25m²,bostadsratt,2026-07-05T19:28:58.872805
5716095314804123733,https://www.hemnet.se/salda/lagenhet-2rum-drottningholm-ekero-kommun-skolallen-48-5716095314804123733,24-25m²,bostadsratt,2026-07-05T19:28:58.872806
3360394345733548367,https://www.hemnet.se/salda/lagenhet-1rum-sofo-stockholms-kommun-narkesgatan-2-3360394345733548367,24-25m²,bostadsratt,2026-07-05T19:28:58.872807
79614503586074637,https://www.hemnet.se/salda/lagenhet-1rum-djursholms-torg-danderyds-kommun-gudmundvagen-5b-79614503586074637,24-25m²,bostadsratt,2026-07-05T19:28:58.872809
5821829382856435119,"https://www.hemnet.se/salda/lagenhet-1rum-vasastan-roda-bergen-stockholms-kommun-falugatan-23,-3-tr-5821829382856435119",24-25m²,bostadsratt,2026-07-05T19:28:58.872810
2123963377588814040,https://www.hemnet.se/salda/lagenhet-1rum-ostermalm-stockholms-kommun-engelbrektsgatan-12-2123963377588814040,24-25m²,bostadsratt,2026-07-05T19:28:58.872811
889036558628751943,"https://www.hemnet.se/salda/lagenhet-1rum-nedre-kungsholmen-stockholms-kommun-ehrensvardsgatan-3,-6tr-889036558628751943",24-25m²,bostadsratt,2026-07-05T19:28:58.872813
5988693633761790064,https://www.hemnet.se/salda/lagenhet-1rum-ostermalm-stockholms-kommun-grevgatan-23b-5988693633761790064,24-25m²,bostadsratt,2026-07-05T19:28:58.872814
7943426521525431328,"https://www.hemnet.se/salda/lagenhet-1rum-sodermalm-stockholms-kommun-lundagatan-36d,-3-tr-7943426521525431328",24-25m²,bostadsratt,2026-07-05T19:28:58.872815
668943602470223042,https://www.hemnet.se/salda/lagenhet-1rum-majorna-goteborgs-kommun-bruksgatan-41-668943602470223042,24-25m²,bostadsratt,2026-07-05T19:28:58.872817
8508770753546812433,https://www.hemnet.se/salda/lagenhet-1rum-vasastan-atlas-stockholms-kommun-volundsgatan-10-8508770753546812433,24-25m²,bostadsratt,2026-07-05T19:28:58.872818
8750244798888694544,https://www.hemnet.se/salda/lagenhet-1rum-hogklint-gotlands-kommun-hogklint-hogklintsvagen-12-stuga-10-8750244798888694544,24-25m²,bostadsratt,2026-07-05T19:28:58.872820
8172793653036341079,"https://www.hemnet.se/salda/lagenhet-1,5rum-vasjon-sollentuna-kommun-hemmings-vag-47d-8172793653036341079",24-25m²,bostadsratt,2026-07-05T19:28:58.872821
4779292124447987834,"https://www.hemnet.se/salda/lagenhet-1rum-hokarangen-stockholms-kommun-russinvagen-7,-3-tr-4779292124447987834",24-25m²,bostadsratt,2026-07-05T19:28:58.872822
6220942022344747439,https://www.hemnet.se/salda/lagenhet-1rum-karrtorp-stockholms-kommun-fyrskeppsvagen-41-6220942022344747439,24-25m²,bostadsratt,2026-07-05T19:28:58.872823
4446304210682974996,"https://www.hemnet.se/salda/lagenhet-1rum-kungsholmen-stockholms-kommun-sankt-goransgatan-72,-1-tr-4446304210682974996",24-25m²,bostadsratt,2026-07-05T19:28:58.872825
7103622093196016481,https://www.hemnet.se/salda/lagenhet-1rum-gardet-stockholms-kommun-brantingsgatan-18-7103622093196016481,24-25m²,bostadsratt,2026-07-05T19:28:58.872826
41648409949052959,https://www.hemnet.se/salda/lagenhet-1rum-midsommarkransen-telefonplan-stockholms-kommun-svandammsvagen-3-41648409949052959,24-25m²,bostadsratt,2026-07-05T19:28:58.872827
8219246186544496272,https://www.hemnet.se/salda/lagenhet-1rum-gustavsberg-varmdo-kommun-stig-lindbergs-gata-19a-8219246186544496272,24-25m²,bostadsratt,2026-07-05T19:28:58.872832
5765005982485470022,https://www.hemnet.se/salda/lagenhet-1rum-grondal-ekensberg-stockholms-kommun-ekensbergsvagen-118-5765005982485470022,24-25m²,bostadsratt,2026-07-05T19:28:58.872833
259862814189337934,https://www.hemnet.se/salda/lagenhet-1rum-ostermalm-nedre-gardet-stockholms-kommun-blanchegatan-14-259862814189337934,24-25m²,bostadsratt,2026-07-05T19:28:58.872835
2502781824789555068,https://www.hemnet.se/salda/lagenhet-1rum-naset-lidingo-kommun-illerbacken-5-2502781824789555068,24-25m²,bostadsratt,2026-07-05T19:28:58.872836
1116643730876424902,https://www.hemnet.se/salda/lagenhet-1rum-kabo-uppsala-kommun-dag-hammarskjolds-vag-15a-1116643730876424902,24-25m²,bostadsratt,2026-07-05T19:28:58.872837
8057885484070084441,https://www.hemnet.se/salda/lagenhet-1rum-or-sundbybergs-kommun-logdansvagen-36-8057885484070084441,24-25m²,bostadsratt,2026-07-05T19:28:58.872839
1753649838126366886,https://www.hemnet.se/salda/lagenhet-1rum-ostermalm-stockholms-kommun-karlavagen-46a-1753649838126366886,24-25m²,bostadsratt,2026-07-05T19:28:58.872840
2779537135260623579,https://www.hemnet.se/salda/lagenhet-1rum-oster-malarstrand-vasteras-kommun-rangatan-6-2779537135260623579,24-25m²,bostadsratt,2026-07-05T19:28:58.872841
2011824098332265825,"https://www.hemnet.se/salda/lagenhet-1rum-luossavaara-kiruna-kommun-dubengatan-29-c-van,-2-2011824098332265825",24-25m²,bostadsratt,2026-07-05T19:28:58.872843
2280951272886668516,https://www.hemnet.se/salda/lagenhet-1rum-mora-centrum-mora-kommun-millakersgatan-15-2280951272886668516,24-25m²,bostadsratt,2026-07-05T19:28:58.872844
5370373394899710088,https://www.hemnet.se/salda/lagenhet-1rum-falhagen-uppsala-kommun-hjalmar-brantingsgatan-5b-5370373394899710088,24-25m²,bostadsratt,2026-07-05T19:28:58.872845
2955273876616530641,https://www.hemnet.se/salda/lagenhet-1rum-gardet-stockholms-kommun-rindogatan-40-2955273876616530641,24-25m²,bostadsratt,2026-07-05T19:28:58.872847
3731168451617591896,https://www.hemnet.se/salda/lagenhet-1rum-hagerstensasen-stockholms-kommun-sparbanksvagen-10-3731168451617591896,24-25m²,bostadsratt,2026-07-05T19:28:58.872848
8537630588565051202,"https://www.hemnet.se/salda/lagenhet-1rum-kungsholmen-stockholms-kommun-john-ericssonsgatan-18,-3-tr-8537630588565051202",24-25m²,bostadsratt,2026-07-05T19:28:58.872849
8847907549001814116,https://www.hemnet.se/salda/lagenhet-1rum-ekudden-nacka-kommun-ekuddsvagen-1-8847907549001814116,24-25m²,bostadsratt,2026-07-05T19:28:58.872851
3011645885452384679,https://www.hemnet.se/salda/lagenhet-1rum-soder-norrkopings-kommun-askebygatan-7-3011645885452384679,24-25m²,bostadsratt,2026-07-05T19:28:58.872852
7930459303112234026,https://www.hemnet.se/salda/lagenhet-1rum-liljeholmen-jonkopings-kommun-lonnholmsgatan-10-7930459303112234026,24-25m²,bostadsratt,2026-07-05T19:28:58.872853
2542919603924987415,https://www.hemnet.se/salda/lagenhet-1rum-midsommarkransen-stockholms-kommun-vattenledningsvagen-53-2542919603924987415,24-25m²,bostadsratt,2026-07-05T19:28:58.872855
5043520248785019360,https://www.hemnet.se/salda/lagenhet-1rum-gullmarsplan-stockholms-kommun-grafikvagen-1-5043520248785019360,24-25m²,bostadsratt,2026-07-05T19:28:58.872856
3722500044552518858,"https://www.hemnet.se/salda/lagenhet-1rum-kungsholmen-stockholms-kommun-kungsklippan-11,-5-tr-3722500044552518858",24-25m²,bostadsratt,2026-07-05T19:28:58.872858
6905096949653823398,https://www.hemnet.se/salda/lagenhet-1rum-marieborg-vasterviks-kommun-bjorklundsgatan-5g-6905096949653823398,24-25m²,bostadsratt,2026-07-05T19:28:58.872859
3794197595659765641,https://www.hemnet.se/salda/lagenhet-1rum-porslinskvarteren-varmdo-kommun-stig-lindbergs-gata-17b-3794197595659765641,24-25m²,bostadsratt,2026-07-05T19:28:58.872860
1428810674372259194,https://www.hemnet.se/salda/lagenhet-1rum-ostermalm-gardet-stockholms-kommun-osthammarsgatan-70-b-1428810674372259194,24-25m²,bostadsratt,2026-07-05T19:28:58.872862
405358924833588903,https://www.hemnet.se/salda/lagenhet-1rum-stockholm-sodermalm-stockholms-kommun-gotgatan-94-405358924833588903,24-25m²,bostadsratt,2026-07-05T19:28:58.872863
5437892747044885436,"https://www.hemnet.se/salda/lagenhet-1rum-luossavaara-kiruna-kommun-dubengatan-29-c-van,2-5437892747044885436",24-25m²,bostadsratt,2026-07-05T19:28:58.872865
7376448165067223372,https://www.hemnet.se/salda/lagenhet-1rum-kungsholmen-nedre-kungsholmen-stockholms-kommun-kungsklippan-11-7376448165067223372,24-25m²,bostadsratt,2026-07-05T19:28:58.872866
782217066026465677,https://www.hemnet.se/salda/lagenhet-1rum-torpa-jonkopings-kommun-ekgatan-3-782217066026465677,24-25m²,bostadsratt,2026-07-05T19:28:58.872869
5056453838160964970,"https://www.hemnet.se/salda/lagenhet-1rum-kungsholmen-stockholms-kommun-alstromergatan-49,-2-tr-5056453838160964970",24-25m²,bostadsratt,2026-07-05T19:28:58.872871
3376115812711244054,https://www.hemnet.se/salda/lagenhet-1rum-or-sundbybergs-kommun-logdansvagen-46-3376115812711244054,24-25m²,bostadsratt,2026-07-05T19:28:58.872872
67481293630423353,https://www.hemnet.se/salda/lagenhet-1rum-centrum-vallentuna-kommun-centralvagen-4-67481293630423353,24-25m²,bostadsratt,2026-07-05T19:28:58.872873
3093325253107598969,"https://www.hemnet.se/salda/lagenhet-1rum-lilla-essingen-kungsholmen-stockholms-kommun-essinge-brogata-22,-van-5-av-5-3093325253107598969",24-25m²,bostadsratt,2026-07-05T19:28:58.872875
2852665194111458644,https://www.hemnet.se/salda/lagenhet-1rum-sodermalm-maria-hogalid-stockholms-kommun-brannkyrkagatan-92a-2852665194111458644,24-25m²,bostadsratt,2026-07-05T19:28:58.872876
421806153280954309,https://www.hemnet.se/salda/lagenhet-1rum-kungsholmen-norr-malarstrand-stockholms-kommun-pontonjargatan-33-421806153280954309,24-25m²,bostadsratt,2026-07-05T19:28:58.872878
5981649096026064783,https://www.hemnet.se/salda/lagenhet-1rum-vallingby-centrum-stockholms-kommun-jamtlandsgatan-76-5981649096026064783,24-25m²,bostadsratt,2026-07-05T19:28:58.872879
2730215557967803625,https://www.hemnet.se/salda/lagenhet-1rum-masthugget-goteborgs-kommun-vaktmastaregangen-7-2730215557967803625,24-25m²,bostadsratt,2026-07-05T19:28:58.872880
7938373605190271266,https://www.hemnet.se/salda/lagenhet-1rum-centrala-sundbyberg-sundbybergs-kommun-gotgatan-10-7938373605190271266,24-25m²,bostadsratt,2026-07-05T19:28:58.872882
7196910114142709999,"https://www.hemnet.se/salda/lagenhet-1rum-hagerstensasen-stockholms-kommun-bokbindarvagen-55,-2tr-7196910114142709999",24-25m²,bostadsratt,2026-07-05T19:28:58.872883
4175372442726716401,https://www.hemnet.se/salda/lagenhet-1rum-bandhagen-hogdalen-stockholms-kommun-skebokvarnsvagen-87-4175372442726716401,24-25m²,bostadsratt,2026-07-05T19:28:58.872885
3796922331277646752,"https://www.hemnet.se/salda/lagenhet-1rum-kungsholmen-stadshagen-stockholms-kommun-sankt-goransgatan-153,-10tr-3796922331277646752",24-25m²,bostadsratt,2026-07-05T19:28:58.872886
1816558932871367064,https://www.hemnet.se/salda/lagenhet-1rum-skondal-stockholms-kommun-perstorpsvagen-110-1816558932871367064,24-25m²,bostadsratt,2026-07-05T19:28:58.872887
8512425611738253497,"https://www.hemnet.se/salda/lagenhet-1rum-ostermalm-stockholms-kommun-nybrogatan-44,-3tr-8512425611738253497",24-25m²,bostadsratt,2026-07-05T19:28:58.872889
3622876409646111163,https://www.hemnet.se/salda/lagenhet-1rum-ostermalm-stockholms-kommun-linnegatan-90-3622876409646111163,24-25m²,bostadsratt,2026-07-05T19:28:58.872890
7940888970091780571,https://www.hemnet.se/salda/lagenhet-1rum-edsviken-sollentuna-kommun-snickarevagen-3a-7940888970091780571,24-25m²,bostadsratt,2026-07-05T19:28:58.872891
8334677940516760975,"https://www.hemnet.se/salda/lagenhet-1rum-sodermalm-stockholms-kommun-renstiernas-gata-30,-4-tr-8334677940516760975",24-25m²,bostadsratt,2026-07-05T19:28:58.872893
8277317680111017359,https://www.hemnet.se/salda/lagenhet-1rum-liseberg-stockholms-kommun-lisebergsvagen-123-8277317680111017359,24-25m²,bostadsratt,2026-07-05T19:28:58.872894
8714623566086561821,https://www.hemnet.se/salda/lagenhet-1rum-arsta-uppsala-kommun-fyrislundsgatan-50-8714623566086561821,24-25m²,bostadsratt,2026-07-05T19:28:58.872895
3534056345841237381,https://www.hemnet.se/salda/lagenhet-1rum-hammarbyhojden-stockholms-kommun-pelargatan-7-3534056345841237381,24-25m²,bostadsratt,2026-07-05T19:28:58.872897
7076250396583796620,https://www.hemnet.se/salda/lagenhet-1rum-hoganas-uppsala-kommun-botvidsgatan-4d-7076250396583796620,24-25m²,bostadsratt,2026-07-05T19:28:58.872898
6408194127440441030,"https://www.hemnet.se/salda/lagenhet-1rum-haga-norra-solna-kommun-sylvangatan-5,-van-5-6408194127440441030",24-25m²,bostadsratt,2026-07-05T19:28:58.872899
221268545506706688,"https://www.hemnet.se/salda/lagenhet-1rum-ostermalm-karlaplan-stockholms-kommun-valhallavagen-172,-4-tr-221268545506706688",24-25m²,bostadsratt,2026-07-05T19:28:58.872901
8860905889907879119,https://www.hemnet.se/salda/lagenhet-1rum-sommarro-uppsala-kommun-lindsbergsgatan-13-c-8860905889907879119,24-25m²,bostadsratt,2026-07-05T19:28:58.872902
924068124453454856,https://www.hemnet.se/salda/lagenhet-1rum-haga-norra-solna-kommun-sylvangatan-5-924068124453454856,24-25m²,bostadsratt,2026-07-05T19:28:58.872905
1843884521611282582,"https://www.hemnet.se/salda/lagenhet-1rum-kungsholmen-norr-malarstrand-stockholms-kommun-sysslomansgatan-24,-8-8-tr-1843884521611282582",24-25m²,bostadsratt,2026-07-05T19:28:58.872907
6661317080081575301,https://www.hemnet.se/salda/lagenhet-1rum-centrum-uddevalla-kommun-fyrmastaregatan-16f-6661317080081575301,24-25m²,bostadsratt,2026-07-05T19:28:58.872908
1185108051790047026,"https://www.hemnet.se/salda/lagenhet-1rum-arsta-stockholms-kommun-sandfjardsgatan-25,-2tr-1185108051790047026",24-25m²,bostadsratt,2026-07-05T19:28:58.872909
5051040167411249254,"https://www.hemnet.se/salda/lagenhet-1rum-sodermalm-stockholms-kommun-slipgatan-5,-1-tr-5051040167411249254",24-25m²,bostadsratt,2026-07-05T19:28:58.872911
8684933757893463472,"https://www.hemnet.se/salda/lagenhet-1rum-ostermalm-gardet-stockholms-kommun-brantingsgatan-40,-3-tr-8684933757893463472",24-25m²,bostadsratt,2026-07-05T19:28:58.872912
7487934289319972542,https://www.hemnet.se/salda/lagenhet-1rum-luossavaara-kiruna-kommun-hjalmar-lundbohmsvagen-83c-7487934289319972542,24-25m²,bostadsratt,2026-07-05T19:28:58.872914
7024348115097273549,https://www.hemnet.se/salda/lagenhet-1rum-skon-sundsvalls-kommun-medborgargatan-53a-7024348115097273549,24-25m²,bostadsratt,2026-07-05T19:28:58.872915
4801955157276282137,https://www.hemnet.se/salda/lagenhet-1rum-froson-ostersunds-kommun-fritzhemsgatan-63-c-4801955157276282137,24-25m²,bostadsratt,2026-07-05T19:28:58.872916
698417801930426850,https://www.hemnet.se/salda/lagenhet-1rum-gideonsberg-vasteras-kommun-blomstergatan-6-698417801930426850,24-25m²,bostadsratt,2026-07-05T19:28:58.872918
5128815351686394573,https://www.hemnet.se/salda/lagenhet-1rum-stureby-stockholms-kommun-skonviksvagen-275-5128815351686394573,24-25m²,bostadsratt,2026-07-05T19:28:58.872919
586818047613244645,https://www.hemnet.se/salda/lagenhet-1rum-sodermalm-kristinehamns-kommun-sodra-ringvagen-61a-586818047613244645,24-25m²,bostadsratt,2026-07-05T19:28:58.872920
7125355513385608611,"https://www.hemnet.se/salda/lagenhet-1rum-sodermalm-stockholms-kommun-lundagatan-36d,-1,5-tr-7125355513385608611",24-25m²,bostadsratt,2026-07-05T19:28:58.872922
4051448368065935570,https://www.hemnet.se/salda/lagenhet-1rum-sodermalm-katarina-sofia-stockholms-kommun-metargatan-9-4051448368065935570,24-25m²,bostadsratt,2026-07-05T19:28:58.872923
2095657045562345835,https://www.hemnet.se/salda/lagenhet-1rum-vasjon-sollentuna-kommun-fjatursvagen-27-2095657045562345835,24-25m²,bostadsratt,2026-07-05T19:28:58.872925
335604168925643006,https://www.hemnet.se/salda/lagenhet-1rum-korsta-sundsvalls-kommun-klippgatan-18-335604168925643006,24-25m²,bostadsratt,2026-07-05T19:28:58.872926
8687586102029502993,https://www.hemnet.se/salda/lagenhet-1rum-ahus-kristianstads-kommun-snidaregatan-8-a-8687586102029502993,24-25m²,bostadsratt,2026-07-05T19:28:58.872927
6909424089107731408,https://www.hemnet.se/salda/lagenhet-1rum-hagersten-malarhojden-stockholms-kommun-klubbacken-32-6909424089107731408,24-25m²,bostadsratt,2026-07-05T19:28:58.872929
6888598871356224142,https://www.hemnet.se/salda/lagenhet-1rum-hagangen-upplands-vasby-kommun-lovangsvagen-2-6888598871356224142,24-25m²,bostadsratt,2026-07-05T19:28:58.872930
761471199742846508,https://www.hemnet.se/salda/lagenhet-1rum-vasteras-vasteras-kommun-blomstergatan-10-761471199742846508,24-25m²,bostadsratt,2026-07-05T19:28:58.872931
7980062617681934797,"https://www.hemnet.se/salda/lagenhet-1rum-kungsholmen-stockholms-kommun-gjutargatan-12,-van-3-7980062617681934797",24-25m²,bostadsratt,2026-07-05T19:28:58.872933
7126307350550351171,https://www.hemnet.se/salda/lagenhet-1rum-arsta-stockholms-kommun-svardlangsvagen-45-7126307350550351171,24-25m²,bostadsratt,2026-07-05T19:28:58.872934
3091285967510864883,"https://www.hemnet.se/salda/lagenhet-1rum-rasunda-solna-kommun-rasundavagen-133a,-van-5-5-3091285967510864883",24-25m²,bostadsratt,2026-07-05T19:28:58.872935
2028533558278552850,https://www.hemnet.se/salda/lagenhet-1rum-ostermalm-stockholms-kommun-kommendorsgatan-33a-2028533558278552850,24-25m²,bostadsratt,2026-07-05T19:28:58.872937
8582051952145110240,"https://www.hemnet.se/salda/lagenhet-1rum-lilla-essingen-kungsholmen-stockholms-kommun-luxgatan-5,-2tr-8582051952145110240",24-25m²,bostadsratt,2026-07-05T19:28:58.872938
630143484085960162,https://www.hemnet.se/salda/lagenhet-1rum-lindo-kalmar-kommun-lagmansgatan-4a-630143484085960162,24-25m²,bostadsratt,2026-07-05T19:28:58.872941
672007737594668723,https://www.hemnet.se/salda/lagenhet-1rum-falhagen-uppsala-kommun-hjalmar-brantingsgatan-5b-672007737594668723,24-25m²,bostadsratt,2026-07-05T19:28:58.872943
8641665760672504691,https://www.hemnet.se/salda/lagenhet-1rum-vasastan-ostermalm-stockholms-kommun-valhallavagen-47-8641665760672504691,24-25m²,bostadsratt,2026-07-05T19:28:58.872944
4144229636971519681,https://www.hemnet.se/salda/lagenhet-1rum-lilla-alby-centrala-sundbyberg-sundbybergs-kommun-stamgardsparken-4-4144229636971519681,24-25m²,bostadsratt,2026-07-05T19:28:58.872945
2604135767665866374,https://www.hemnet.se/salda/lagenhet-1rum-grossgardet-norrtalje-kommun-esplanaden-25-b-2604135767665866374,24-25m²,bostadsratt,2026-07-05T19:28:58.872947
328692074505796193,https://www.hemnet.se/salda/lagenhet-1rum-finnberget-nacka-kommun-finnbergsvagen-32-328692074505796193,24-25m²,bostadsratt,2026-07-05T19:28:58.872948
2569811895374237057,"https://www.hemnet.se/salda/lagenhet-1rum-hagerneholm,-arninge-ullna-taby-kommun-hagerneholmsvagen-7a-2569811895374237057",24-25m²,bostadsratt,2026-07-05T19:28:58.872949
6819393956160953994,"https://www.hemnet.se/salda/lagenhet-1rum-sodermalm-hogalid-stockholms-kommun-hornsgatan-92,-6tr-6819393956160953994",24-25m²,bostadsratt,2026-07-05T19:28:58.872951
3204226473764738402,"https://www.hemnet.se/salda/lagenhet-1rum-haga-norra-solna-kommun-sylvangatan-5,-van-4-3204226473764738402",24-25m²,bostadsratt,2026-07-05T19:28:58.872952
1323999722006832879,"https://www.hemnet.se/salda/lagenhet-1rum-grondal-stockholms-kommun-grondalsvagen-118,-4-tr-1323999722006832879",24-25m²,bostadsratt,2026-07-05T19:28:58.872953
3617454949564350780,https://www.hemnet.se/salda/lagenhet-1rum-ostermalm-gardet-stockholms-kommun-rindogatan-5-3617454949564350780,24-25m²,bostadsratt,2026-07-05T19:28:58.872955
3478640509192070930,"https://www.hemnet.se/salda/lagenhet-1rum-sodermalm-stockholms-kommun-hornstulls-strand-1,-2tr-3478640509192070930",24-25m²,bostadsratt,2026-07-05T19:28:58.872956
8146174547217558637,https://www.hemnet.se/salda/lagenhet-1rum-barkarbystaden-jarfalla-kommun-herculesgatan-19-8146174547217558637,24-25m²,bostadsratt,2026-07-05T19:28:58.872957
1344687175985770812,https://www.hemnet.se/salda/lagenhet-1rum-flemingsberg-huddinge-kommun-terapivagen-18c-1344687175985770812,24-25m²,bostadsratt,2026-07-05T19:28:58.872959
8991373537873559746,https://www.hemnet.se/salda/lagenhet-1rum-falhagen-uppsala-kommun-petterslundsgatan-14e-8991373537873559746,24-25m²,bostadsratt,2026-07-05T19:28:58.872960
3887341119646310876,https://www.hemnet.se/salda/lagenhet-1rum-haljuteberget-uddevalla-kommun-fyrmastaregatan-16f-3887341119646310876,24-25m²,bostadsratt,2026-07-05T19:28:58.872961
6061292286674625503,https://www.hemnet.se/salda/lagenhet-1rum-herrhagen-karlstads-kommun-bergslagsgatan-10b-6061292286674625503,24-25m²,bostadsratt,2026-07-05T19:28:58.872963
2325504139030579559,https://www.hemnet.se/salda/lagenhet-1rum-gustavsberg-osby-sjopark-varmdo-kommun-skogsbovagen-20-2325504139030579559,24-25m²,bostadsratt,2026-07-05T19:28:58.872964
4910114739405639322,https://www.hemnet.se/salda/lagenhet-1rum-vasterhaninge-haninge-kommun-ringvagen-12-4910114739405639322,24-25m²,bostadsratt,2026-07-05T19:28:58.872965
5546277686810213824,https://www.hemnet.se/salda/lagenhet-1rum-rasunda-solna-kommun-sodra-langgatan-35a-5546277686810213824,24-25m²,bostadsratt,2026-07-05T19:28:58.872967
7213148095544998707,https://www.hemnet.se/salda/lagenhet-1rum-kungsholmen-stockholms-kommun-kungsklippan-11-7213148095544998707,24-25m²,bostadsratt,2026-07-05T19:28:58.872968
6985058644570268596,https://www.hemnet.se/salda/lagenhet-1rum-sodermalm-katarina-stockholms-kommun-hogbergsgatan-22-6985058644570268596,24-25m²,bostadsratt,2026-07-05T19:28:58.872969
3214675229603911612,"https://www.hemnet.se/salda/lagenhet-1rum-kungsholmen-stockholms-kommun-pipersgatan-20,-4tr-3214675229603911612",24-25m²,bostadsratt,2026-07-05T19:28:58.872971
9134312028813690278,https://www.hemnet.se/salda/lagenhet-1rum-vasastaden-goteborgs-kommun-viktoriagatan-14-9134312028813690278,24-25m²,bostadsratt,2026-07-05T19:28:58.872972
3180853728380129194,https://www.hemnet.se/salda/lagenhet-1rum-nyby-uppsala-kommun-leopoldsgatan-25-3180853728380129194,24-25m²,bostadsratt,2026-07-05T19:28:58.872973
3121377658075928834,https://www.hemnet.se/salda/lagenhet-1rum-rorsjostaden-malmo-kommun-dobelnsgatan-8-3121377658075928834,24-25m²,bostadsratt,2026-07-05T19:28:58.872974
788569559253849265,https://www.hemnet.se/salda/lagenhet-1rum-karrtorp-stockholms-kommun-fyrskeppsvagen-45-788569559253849265,24-25m²,bostadsratt,2026-07-05T19:28:58.872978
2326983165012470791,https://www.hemnet.se/salda/lagenhet-1rum-sodermalm-katarina-sofia-stockholms-kommun-asogatan-182-2326983165012470791,24-25m²,bostadsratt,2026-07-05T19:28:58.872979
5444846278018857128,https://www.hemnet.se/salda/lagenhet-1rum-vastra-skogen-solna-kommun-wiboms-vag-8-5444846278018857128,24-25m²,bostadsratt,2026-07-05T19:28:58.872981
9146213472843216525,"https://www.hemnet.se/salda/lagenhet-1rum-sodermalm-mosebacke-stockholms-kommun-tjarhovsgatan-22,-5tr,-9146213472843216525",24-25m²,bostadsratt,2026-07-05T19:28:58.872982
7702987860258902359,https://www.hemnet.se/salda/lagenhet-1rum-sodermalm-mariaberget-stockholms-kommun-tavastgatan-28-7702987860258902359,24-25m²,bostadsratt,2026-07-05T19:28:58.872983
2209005655244792826,https://www.hemnet.se/salda/lagenhet-1rum-centralt-ostersunds-kommun-radhusgatan-80a-2209005655244792826,24-25m²,bostadsratt,2026-07-05T19:28:58.872985
7436363357564672793,"https://www.hemnet.se/salda/lagenhet-1rum-skondal-stockholms-kommun-kubbegatan-20,-2-tr-7436363357564672793",24-25m²,bostadsratt,2026-07-05T19:28:58.872986
6508586391062995623,https://www.hemnet.se/salda/lagenhet-2rum-osterskar-osterakers-kommun-generalsvagen-13d-6508586391062995623,24-25m²,bostadsratt,2026-07-05T19:28:58.872987
6625676560535222696,https://www.hemnet.se/salda/lagenhet-1rum-haggvik-skalby-sollentuna-kommun-skalbyvagen-4-6625676560535222696,24-25m²,bostadsratt,2026-07-05T19:28:58.872989
168969906097033026,https://www.hemnet.se/salda/lagenhet-1rum-sodermalm-mariaberget-stockholms-kommun-tavastgatan-18-168969906097033026,24-25m²,bostadsratt,2026-07-05T19:28:58.872990
5183941074311804650,https://www.hemnet.se/salda/lagenhet-1rum-sodermalm-stockholms-kommun-tavastgatan-31-5183941074311804650,24-25m²,bostadsratt,2026-07-05T19:28:58.872992
8543883180342168351,https://www.hemnet.se/salda/lagenhet-1rum-hoganas-uppsala-kommun-torkelsgatan-27a-8543883180342168351,24-25m²,bostadsratt,2026-07-05T19:28:58.872993
3005447041643608153,https://www.hemnet.se/salda/lagenhet-1rum-kallered-centralt-molndals-kommun-streteredsvagen-1b-3005447041643608153,24-25m²,bostadsratt,2026-07-05T19:28:58.872994
4078745126218200634,"https://www.hemnet.se/salda/lagenhet-1rum-sodermalm-stockholms-kommun-folkskolegatan-3,-3-tr-4078745126218200634",24-25m²,bostadsratt,2026-07-05T19:28:58.872995
214732257010914106,https://www.hemnet.se/salda/lagenhet-1rum-centrala-handen-haninge-kommun-vikingavagen-23-214732257010914106,24-25m²,bostadsratt,2026-07-05T19:28:58.872997
3611459142521882515,https://www.hemnet.se/salda/lagenhet-1rum-torpa-jonkopings-kommun-ekgatan-3-3611459142521882515,24-25m²,bostadsratt,2026-07-05T19:28:58.872998
5419772164435500151,https://www.hemnet.se/salda/lagenhet-2rum-ostermalm-stockholms-kommun-valhallavagen-152-b-5419772164435500151,24-25m²,bostadsratt,2026-07-05T19:28:58.872999
2971758212057629761,https://www.hemnet.se/salda/lagenhet-1rum-arsta-stockholms-kommun-borensvagen-42-2971758212057629761,24-25m²,bostadsratt,2026-07-05T19:28:58.873001
4871431008975075846,"https://www.hemnet.se/salda/lagenhet-1rum-hagersten-midsommarkransen-stockholms-kommun-svandammsvagen-21,-2-tr-4871431008975075846",24-25m²,bostadsratt,2026-07-05T19:28:58.873002
6077221238610525359,https://www.hemnet.se/salda/lagenhet-2rum-enskede-stureby-stockholms-kommun-backaskiftsvagen-11a-6077221238610525359,24-25m²,bostadsratt,2026-07-05T19:28:58.873003
3039537062550654677,https://www.hemnet.se/salda/lagenhet-1rum-fruangen-stockholms-kommun-lina-sandells-plan-2-3039537062550654677,24-25m²,bostadsratt,2026-07-05T19:28:58.873005
3475466260809161674,https://www.hemnet.se/salda/lagenhet-1rum-vallingby-centrum-stockholms-kommun-jamtlandsgatan-74-3475466260809161674,24-25m²,bostadsratt,2026-07-05T19:28:58.873006
3472679980210098473,"https://www.hemnet.se/salda/lagenhet-1rum-ostermalm-stockholms-kommun-nybrogatan-50,-4-tr-3472679980210098473",24-25m²,bostadsratt,2026-07-05T19:28:58.873008
2425436868319042294,https://www.hemnet.se/salda/lagenhet-1rum-sommarro-uppsala-kommun-lindsbergsgatan-13c-2425436868319042294,24-25m²,bostadsratt,2026-07-05T19:28:58.873009
9159186595017994980,https://www.hemnet.se/salda/lagenhet-1rum-broangen-sodermalm-kristinehamns-kommun-sodra-ringvagen-61b-9159186595017994980,24-25m²,bostadsratt,2026-07-05T19:28:58.873010
9039893338753999534,"https://www.hemnet.se/salda/lagenhet-1rum-nacka-forum-nacka-kommun-vastra-granittrappan-4,-1-tr-9039893338753999534",24-25m²,bostadsratt,2026-07-05T19:28:58.873012
771983156516570973,https://www.hemnet.se/salda/lagenhet-1rum-danderyd-danderyds-kommun-morbylund-13-771983156516570973,24-25m²,bostadsratt,2026-07-05T19:28:58.873015
8826735002199403821,https://www.hemnet.se/salda/lagenhet-1rum-centralt-norr-gavle-kommun-norra-skeppargatan-3b-8826735002199403821,24-25m²,bostadsratt,2026-07-05T19:28:58.873016
6809573106190108549,"https://www.hemnet.se/salda/lagenhet-1rum-hogalid-stockholms-kommun-kristinehovsgatan-5a,-4tr-6809573106190108549",24-25m²,bostadsratt,2026-07-05T19:28:58.873017
7849777174850460955,"https://www.hemnet.se/salda/lagenhet-1rum-vasastan-atlasomradet-stockholms-kommun-volundsgatan-10,-4tr-7849777174850460955",24-25m²,bostadsratt,2026-07-05T19:28:58.873019
3992782290445358587,https://www.hemnet.se/salda/lagenhet-1rum-gardet-ostermalm-stockholms-kommun-brantingsgatan-25-3992782290445358587,24-25m²,bostadsratt,2026-07-05T19:28:58.873020
4959333136760656962,https://www.hemnet.se/salda/lagenhet-1rum-gardet-stockholms-kommun-vartavagen-59-4959333136760656962,24-25m²,bostadsratt,2026-07-05T19:28:58.873021
4715470324908622610,https://www.hemnet.se/salda/lagenhet-1rum-centrum-lunds-kommun-revingegatan-15a-4715470324908622610,24-25m²,bostadsratt,2026-07-05T19:28:58.873023
1218526092824404358,"https://www.hemnet.se/salda/lagenhet-1rum-rasunda-solna-kommun-rasundavagen-69a,-van-3-1218526092824404358",24-25m²,bostadsratt,2026-07-05T19:28:58.873024
531102790674033602,https://www.hemnet.se/salda/lagenhet-1rum-lindholmen-goteborgs-kommun-karlatornet-lodjursstraket-1-531102790674033602,24-25m²,bostadsratt,2026-07-05T19:28:58.873025
8495331422660782856,"https://www.hemnet.se/salda/lagenhet-1rum-sodermalm-katarina-sofia-stockholms-kommun-narkesgatan-2,-5tr-8495331422660782856",24-25m²,bostadsratt,2026-07-05T19:28:58.873027
4572822503498303215,"https://www.hemnet.se/salda/lagenhet-1rum-stadshagen-stockholms-kommun-sankt-goransgatan-153,-10-10-tr-4572822503498303215",24-25m²,bostadsratt,2026-07-05T19:28:58.873028
2649267288546114603,"https://www.hemnet.se/salda/lagenhet-1rum-sodermalm-maria-stockholms-kommun-tavastgatan-18,-3tr-2649267288546114603",24-25m²,bostadsratt,2026-07-05T19:28:58.873030
2887116542048881939,https://www.hemnet.se/salda/lagenhet-1rum-globen-gullmarsplan-stockholms-kommun-konstgjutarvagen-40-2887116542048881939,24-25m²,bostadsratt,2026-07-05T19:28:58.873031
6738091432222475427,https://www.hemnet.se/salda/lagenhet-1rum-gamla-stan-stockholms-kommun-kindstugatan-10-6738091432222475427,24-25m²,bostadsratt,2026-07-05T19:28:58.873032
3397705177164044232,"https://www.hemnet.se/salda/lagenhet-1,5rum-lanna-huddinge-kommun-bjornvagen-37c-3397705177164044232",24-25m²,bostadsratt,2026-07-05T19:28:58.873034
3333140508497837236,https://www.hemnet.se/salda/lagenhet-1rum-saltsjobaden-nacka-kommun-karl-gerhards-vag-23-3333140508497837236,24-25m²,bostadsratt,2026-07-05T19:28:58.873035
6277613385341417387,"https://www.hemnet.se/salda/lagenhet-1,5rum-vasjon-sollentuna-kommun-hemmings-vag-37c-6277613385341417387",24-25m²,bostadsratt,2026-07-05T19:28:58.873036
979032587178514982,https://www.hemnet.se/salda/lagenhet-1rum-hagerneholm-taby-kommun-hagerneholmsvagen-7a-979032587178514982,24-25m²,bostadsratt,2026-07-05T19:28:58.873038
9089961992788475792,"https://www.hemnet.se/salda/lagenhet-1rum-kungsholmen-stockholms-kommun-sankt-goransgatan-153,-van-6-9089961992788475792",24-25m²,bostadsratt,2026-07-05T19:28:58.873039
8172959095683910469,https://www.hemnet.se/salda/lagenhet-1rum-falhagen-uppsala-kommun-petterslundsgatan-14-e-8172959095683910469,24-25m²,bostadsratt,2026-07-05T19:28:58.873041
5655551132011124792,https://www.hemnet.se/salda/lagenhet-1rum-kapelle-tureborg-uddevalla-kommun-lilla-torget-1-5655551132011124792,24-25m²,bostadsratt,2026-07-05T19:28:58.873042
6660989329392849039,"https://www.hemnet.se/salda/lagenhet-1rum-ostermalm-city-stockholms-kommun-skeppargatan-11,-4tr-6660989329392849039",24-25m²,bostadsratt,2026-07-05T19:28:58.873044
5163389726527881087,https://www.hemnet.se/salda/lagenhet-1rum-kungsholmen-stockholms-kommun-kungsklippan-11-5163389726527881087,24-25m²,bostadsratt,2026-07-05T19:28:58.873045
2995230656028191014,"https://www.hemnet.se/salda/lagenhet-1rum-nedre-gardet-ostermalm-stockholms-kommun-strindbergsgatan-50,-6tr-2995230656028191014",24-25m²,bostadsratt,2026-07-05T19:28:58.873046
4687113176693508497,https://www.hemnet.se/salda/lagenhet-1rum-norrmalm-stockholms-kommun-luntmakargatan-10-4687113176693508497,24-25m²,bostadsratt,2026-07-05T19:28:58.873048
4781416474318689019,"https://www.hemnet.se/salda/lagenhet-1rum-hagerstensasen-stockholms-kommun-bokbindarvagen-55,-van-3-4781416474318689019",24-25m²,bostadsratt,2026-07-05T19:28:58.873051
772217551662788375,https://www.hemnet.se/salda/lagenhet-1rum-folkets-park-malmo-kommun-solvesborgsgatan-3c-772217551662788375,24-25m²,bostadsratt,2026-07-05T19:28:58.873052
5487819524635119476,https://www.hemnet.se/salda/lagenhet-1rum-luthagen-uppsala-kommun-tegnergatan-25c-5487819524635119476,24-25m²,bostadsratt,2026-07-05T19:28:58.873054
2470502687561127387,https://www.hemnet.se/salda/lagenhet-2rum-norra-lannersta-nacka-kommun-fagelstigen-15d-2470502687561127387,24-25m²,bostadsratt,2026-07-05T19:28:58.873055
5498468175378741212,https://www.hemnet.se/salda/lagenhet-1rum-sundbyberg-sundbybergs-kommun-kyrkogatan-2-5498468175378741212,24-25m²,bostadsratt,2026-07-05T19:28:58.873056
8544913801689638853,https://www.hemnet.se/salda/lagenhet-1rum-hokarangen-stockholms-kommun-russinvagen-5-8544913801689638853,24-25m²,bostadsratt,2026-07-05T19:28:58.873058
1779759457381555076,"https://www.hemnet.se/salda/lagenhet-1rum-sodermalm-stockholms-kommun-lundagatan-36b,-4-tr-1779759457381555076",24-25m²,bostadsratt,2026-07-05T19:28:58.873059
876116722637861518,https://www.hemnet.se/salda/lagenhet-1rum-rasunda-solna-kommun-rosstigen-7-876116722637861518,24-25m²,bostadsratt,2026-07-05T19:28:58.873060
1611236187385855039,https://www.hemnet.se/salda/lagenhet-1rum-johanneberg-goteborgs-kommun-volrat-thamsgatan-15-1611236187385855039,24-25m²,bostadsratt,2026-07-05T19:28:58.873062
8462786176285346388,https://www.hemnet.se/salda/lagenhet-1rum-bromma-blackeberg-stockholms-kommun-arvid-mornes-vag-54-8462786176285346388,24-25m²,bostadsratt,2026-07-05T19:28:58.873063
8585705102253262962,"https://www.hemnet.se/salda/lagenhet-1rum-ostermalm-stockholms-kommun-valhallavagen-47,-1-tr-8585705102253262962",24-25m²,bostadsratt,2026-07-05T19:28:58.873064
1704931049365140815,https://www.hemnet.se/salda/lagenhet-1rum-ekhagen-norra-djurgarden-stockholms-kommun-torphagsvagen-6-1704931049365140815,24-25m²,bostadsratt,2026-07-05T19:28:58.873066
6434976617176213610,https://www.hemnet.se/salda/lagenhet-1rum-falhagen-uppsala-kommun-hjalmar-brantingsgatan-29-6434976617176213610,24-25m²,bostadsratt,2026-07-05T19:28:58.873067
7694491031561755246,https://www.hemnet.se/salda/lagenhet-1rum-huddinge-centralt-huddinge-kommun-horningsnasvagen-34-7694491031561755246,24-25m²,bostadsratt,2026-07-05T19:28:58.873068
1177566090294928158,"https://www.hemnet.se/salda/lagenhet-1,5rum-vallastaden-linkopings-kommun-hugo-theorells-gata-25-1177566090294928158",24-25m²,bostadsratt,2026-07-05T19:28:58.873070
5000065760352878878,https://www.hemnet.se/salda/lagenhet-1rum-johanneshov-stockholms-kommun-pastellvagen-13-5000065760352878878,24-25m²,bostadsratt,2026-07-05T19:28:58.873071
258136423041642325,https://www.hemnet.se/salda/lagenhet-1rum-salabacke-uppsala-kommun-murargatan-14c-258136423041642325,24-25m²,bostadsratt,2026-07-05T19:28:58.873073
761293370100913733,https://www.hemnet.se/salda/lagenhet-1rum-vasastan-atlasomradet-stockholms-kommun-volundsgatan-7-761293370100913733,24-25m²,bostadsratt,2026-07-05T19:28:58.873074
5433878090835587071,https://www.hemnet.se/salda/lagenhet-1rum-norrtalje-stad-arholmagatan-norrtalje-kommun-arholmagatan-10-5433878090835587071,24-25m²,bostadsratt,2026-07-05T19:28:58.873075
715483578926167426,https://www.hemnet.se/salda/lagenhet-1rum-huvudsta-solna-kommun-alphyddevagen-9-715483578926167426,24-25m²,bostadsratt,2026-07-05T19:28:58.873077
8799193869886103885,"https://www.hemnet.se/salda/lagenhet-1rum-sodermalm-stockholms-kommun-malmgardsvagen-10,-1-2-tr-8799193869886103885",24-25m²,bostadsratt,2026-07-05T19:28:58.873078
5230752005507339461,https://www.hemnet.se/salda/lagenhet-1rum-gamla-rasunda-solna-kommun-postgrand-2-5230752005507339461,24-25m²,bostadsratt,2026-07-05T19:28:58.873079
3873472807927214847,https://www.hemnet.se/salda/lagenhet-1rum-nacka-finntorp-nacka-kommun-becksjudarvagen-31-3873472807927214847,24-25m²,bostadsratt,2026-07-05T19:28:58.873081
147826148718693292,"https://www.hemnet.se/salda/lagenhet-1rum-kungsholmstorg-stockholms-kommun-kungsklippan-11,-4-tr-147826148718693292",24-25m²,bostadsratt,2026-07-05T19:28:58.873082
1503299386631115154,https://www.hemnet.se/salda/lagenhet-1rum-grondal-stockholms-kommun-grondalsvagen-118-1503299386631115154,24-25m²,bostadsratt,2026-07-05T19:28:58.873083
1376402085152103408,https://www.hemnet.se/salda/lagenhet-1rum-nyby-uppsala-kommun-leopoldsgatan-23-1376402085152103408,24-25m²,bostadsratt,2026-07-05T19:28:58.873086
6361558034362224322,"https://www.hemnet.se/salda/lagenhet-1rum-farsta-stockholms-kommun-torsbygatan-20,-6-tr-6361558034362224322",24-25m²,bostadsratt,2026-07-05T19:28:58.873088
3078312562610549955,https://www.hemnet.se/salda/lagenhet-1rum-ribersborg-malmo-kommun-nils-forsbergsgatan-7a-3078312562610549955,24-25m²,bostadsratt,2026-07-05T19:28:58.873089
4560013758088387486,https://www.hemnet.se/salda/lagenhet-1rum-luthagen-uppsala-kommun-geijersgatan-21d-4560013758088387486,24-25m²,bostadsratt,2026-07-05T19:28:58.873091
7603724100469939013,https://www.hemnet.se/salda/lagenhet-1rum-masthugget-goteborgs-kommun-klostergangen-11-7603724100469939013,24-25m²,bostadsratt,2026-07-05T19:28:58.873092
1152069066341224468,https://www.hemnet.se/salda/lagenhet-1rum-gottfridsberg-linkopings-kommun-ostsvangen-1b-1152069066341224468,24-25m²,bostadsratt,2026-07-05T19:28:58.873093
9004107771537576371,https://www.hemnet.se/salda/lagenhet-1rum-soder-gavle-kommun-sodra-kansligatan-15-9004107771537576371,24-25m²,bostadsratt,2026-07-05T19:28:58.873094
4539399982854288645,https://www.hemnet.se/salda/lagenhet-1rum-sodermalm-skinnarviksberget-hogalid-stockholms-kommun-lundagatan-36b-4539399982854288645,24-25m²,bostadsratt,2026-07-05T19:28:58.873096
4647054432239764833,https://www.hemnet.se/salda/lagenhet-1rum-sodermalm-maria-hogalid-stockholms-kommun-hogalidsgatan-31-4647054432239764833,24-25m²,bostadsratt,2026-07-05T19:28:58.873097
2066096785702420837,"https://www.hemnet.se/salda/lagenhet-1rum-hagerstensasen-stockholms-kommun-boktryckarvagen-7,-1tr-2066096785702420837",24-25m²,bostadsratt,2026-07-05T19:28:58.873099
5973846469282179770,https://www.hemnet.se/salda/lagenhet-1rum-hammarbyhojden-stockholms-kommun-lidkopingsvagen-50-5973846469282179770,24-25m²,bostadsratt,2026-07-05T19:28:58.873100
289129839792141719,https://www.hemnet.se/salda/lagenhet-1rum-vasastan-stockholms-kommun-volundsgatan-1-289129839792141719,24-25m²,bostadsratt,2026-07-05T19:28:58.873101
8172609735134541661,https://www.hemnet.se/salda/lagenhet-1rum-norrmalm-vasteras-kommun-kristiansborgsallen-1-8172609735134541661,24-25m²,bostadsratt,2026-07-05T19:28:58.873103
2623465840830464610,https://www.hemnet.se/salda/lagenhet-1rum-gribbylund-taby-kommun-linbastuvagen-4a-2623465840830464610,24-25m²,bostadsratt,2026-07-05T19:28:58.873104
1688027675236436701,https://www.hemnet.se/salda/lagenhet-1rum-gideonsberg-vasteras-kommun-blomstergatan-6-1688027675236436701,24-25m²,bostadsratt,2026-07-05T19:28:58.873105
7417068424108713847,https://www.hemnet.se/salda/lagenhet-1rum-aby-haninge-kommun-ringvagen-12-7417068424108713847,24-25m²,bostadsratt,2026-07-05T19:28:58.873107
8236587865161483459,https://www.hemnet.se/salda/lagenhet-1rum-lilla-essingen-stockholms-kommun-stralgatan-21-8236587865161483459,24-25m²,bostadsratt,2026-07-05T19:28:58.873108
1731038801764723529,"https://www.hemnet.se/salda/lagenhet-1rum-sodermalm-stockholms-kommun-kocksgatan-23,-4-tr-1731038801764723529",24-25m²,bostadsratt,2026-07-05T19:28:58.873110
8022686472536615227,https://www.hemnet.se/salda/lagenhet-1rum-brunnshog-lunds-kommun-brunnshogsgatan-45b-8022686472536615227,24-25m²,bostadsratt,2026-07-05T19:28:58.873111
612005091473419697,"https://www.hemnet.se/salda/lagenhet-1,5rum-ostermalm-stockholms-kommun-valhallavagen-47,-accepterat-pris-612005091473419697",24-25m²,bostadsratt,2026-07-05T19:28:58.873112
5570566791556268815,https://www.hemnet.se/salda/lagenhet-1rum-ostermalm-stockholms-kommun-floragatan-7-5570566791556268815,24-25m²,bostadsratt,2026-07-05T19:28:58.873114
2277712006388458536,https://www.hemnet.se/salda/lagenhet-1rum-skonsmon-sundsvalls-kommun-harmonigatan-34-2277712006388458536,24-25m²,bostadsratt,2026-07-05T19:28:58.873115
1179869028030404894,https://www.hemnet.se/salda/lagenhet-1rum-centrala-sundbyberg-lilla-alby-sundbybergs-kommun-tradgardsgatan-3-1179869028030404894,24-25m²,bostadsratt,2026-07-05T19:28:58.873116
3847459770637982292,"https://www.hemnet.se/salda/lagenhet-1rum-fruangen-stockholms-kommun-lina-sandells-plan-2,-6tr-3847459770637982292",24-25m²,bostadsratt,2026-07-05T19:28:58.873118
5805050803571845076,https://www.hemnet.se/salda/lagenhet-1rum-lund-innerstaden-helgonagarden-lunds-kommun-norbergsgatan-4a-5805050803571845076,24-25m²,bostadsratt,2026-07-05T19:28:58.873121
197534476968362319,https://www.hemnet.se/salda/lagenhet-1rum-arsta-uppsala-kommun-fyrislundsgatan-50-197534476968362319,24-25m²,bostadsratt,2026-07-05T19:28:58.873122
8016797307956338853,https://www.hemnet.se/salda/lagenhet-1rum-barnangen-hallstahammars-kommun-vasttunagatan-44b-8016797307956338853,24-25m²,bostadsratt,2026-07-05T19:28:58.873125
1650555754186617560,"https://www.hemnet.se/salda/lagenhet-1rum-gardet-ostermalm-stockholms-kommun-smedsbacksgatan-8,-3tr-1650555754186617560",24-25m²,bostadsratt,2026-07-05T19:28:58.873127
1360112509495968221,https://www.hemnet.se/salda/lagenhet-1rum-ellstorp-malmo-kommun-ellstorpsgatan-4c-1360112509495968221,24-25m²,bostadsratt,2026-07-05T19:28:58.873128
4312437524310587269,https://www.hemnet.se/salda/lagenhet-1rum-framre-luthagen-uppsala-kommun-sysslomansgatan-7-4312437524310587269,24-25m²,bostadsratt,2026-07-05T19:28:58.873129
7257375487471964961,"https://www.hemnet.se/salda/lagenhet-1rum-hagastaden-karolinska-solna-kommun-olof-af-acrels-vag-3,-van-6-av-6-7257375487471964961",24-25m²,bostadsratt,2026-07-05T19:28:58.873131
8296925892900625147,https://www.hemnet.se/salda/lagenhet-1rum-luthagen-uppsala-kommun-tegnergatan-25c-8296925892900625147,24-25m²,bostadsratt,2026-07-05T19:28:58.873132
7837331735223793454,"https://www.hemnet.se/salda/lagenhet-1rum-sodermalm-stockholms-kommun-slipgatan-2,-van-3-7837331735223793454",24-25m²,bostadsratt,2026-07-05T19:28:58.873134
8052557385916115213,https://www.hemnet.se/salda/lagenhet-1rum-aspudden-ornsberg-stockholms-kommun-hagerstensvagen-191-8052557385916115213,24-25m²,bostadsratt,2026-07-05T19:28:58.873135
5474072150397596827,https://www.hemnet.se/salda/lagenhet-1rum-vasastan-stockholms-kommun-birger-jarlsgatan-104e-5474072150397596827,24-25m²,bostadsratt,2026-07-05T19:28:58.873136
1688341937927775347,"https://www.hemnet.se/salda/lagenhet-1rum-kungsholmen-stockholms-kommun-alstromergatan-32d,-2-tr,-1688341937927775347",24-25m²,bostadsratt,2026-07-05T19:28:58.873138
8812680807453230813,"https://www.hemnet.se/salda/lagenhet-1rum-kungsholmen-radhuset-stockholms-kommun-kungsklippan-11,-van-5-8812680807453230813",24-25m²,bostadsratt,2026-07-05T19:28:58.873139
5100476203945415277,https://www.hemnet.se/salda/lagenhet-1rum-midsommarkransen-stockholms-kommun-svandammsvagen-23-5100476203945415277,24-25m²,bostadsratt,2026-07-05T19:28:58.873141
2394105246468157123,https://www.hemnet.se/salda/lagenhet-1rum-centrala-sundbyberg-sundbybergs-kommun-rastensgatan-11-2394105246468157123,24-25m²,bostadsratt,2026-07-05T19:28:58.873142
4467059868061327016,"https://www.hemnet.se/salda/lagenhet-1rum-sodermalm-stockholms-kommun-tjustgatan-2,-6-tr-4467059868061327016",24-25m²,bostadsratt,2026-07-05T19:28:58.873143
8520948061864065012,https://www.hemnet.se/salda/lagenhet-1rum-maria-stockholms-kommun-bastugatan-21-8520948061864065012,24-25m²,bostadsratt,2026-07-05T19:28:58.873145
8334103524111476595,https://www.hemnet.se/salda/lagenhet-1rum-haga-norra-solna-kommun-sylvangatan-5-8334103524111476595,24-25m²,bostadsratt,2026-07-05T19:28:58.873146
6727454449607155442,"https://www.hemnet.se/salda/lagenhet-1rum-gardet-stockholms-kommun-smedsbacksgatan-8,-2-tr-6727454449607155442",24-25m²,bostadsratt,2026-07-05T19:28:58.873147
3784275462098298463,https://www.hemnet.se/salda/lagenhet-1rum-kungsholmen-stockholms-kommun-kungsklippan-11-3784275462098298463,24-25m²,bostadsratt,2026-07-05T19:28:58.873149
3896692386336344131,"https://www.hemnet.se/salda/lagenhet-1,5rum-hokarangen-stockholms-kommun-russinvagen-3-3896692386336344131",24-25m²,bostadsratt,2026-07-05T19:28:58.873150
2053978473490201561,"https://www.hemnet.se/salda/lagenhet-1rum-ostermalm-stockholms-kommun-sibyllegatan-26,-5-5-tr-2053978473490201561",24-25m²,bostadsratt,2026-07-05T19:28:58.873152
7318211019744487692,https://www.hemnet.se/salda/lagenhet-1rum-nedre-gardet-stockholms-kommun-erik-dahlbergsgatan-35-a-7318211019744487692,24-25m²,bostadsratt,2026-07-05T19:28:58.873153
7875486767311349683,"https://www.hemnet.se/salda/lagenhet-1rum-gardet-ostermalm-stockholms-kommun-osthammarsgatan-72a,-1tr-7875486767311349683",24-25m²,bostadsratt,2026-07-05T19:28:58.873154
1238848447788755638,"https://www.hemnet.se/salda/lagenhet-1rum-bollnas,-gardet-bollnas-kommun-laroverksgatan-41e-1238848447788755638",24-25m²,bostadsratt,2026-07-05T19:28:58.873156
1161489665383455210,https://www.hemnet.se/salda/lagenhet-1rum-or-sundbybergs-kommun-kavaljersbacken-4c-1161489665383455210,24-25m²,bostadsratt,2026-07-05T19:28:58.873157
8949811066618459424,https://www.hemnet.se/salda/lagenhet-1rum-hokarangen-stockholms-kommun-russinvagen-5-8949811066618459424,24-25m²,bostadsratt,2026-07-05T19:28:58.873158
4052103882105124507,https://www.hemnet.se/salda/lagenhet-1rum-kungsholmen-stockholms-kommun-kungsbro-strand-21-4052103882105124507,24-25m²,bostadsratt,2026-07-05T19:28:58.873160
5515704027854714313,https://www.hemnet.se/salda/lagenhet-1rum-onsala-centralt-kungsbacka-kommun-onsala-kvarnvag-3d-5515704027854714313,24-25m²,bostadsratt,2026-07-05T19:28:58.873163
3685224317506249552,"https://www.hemnet.se/salda/lagenhet-1rum-grondal-stockholms-kommun-ekensbergsvagen-118,-3tr-3685224317506249552",24-25m²,bostadsratt,2026-07-05T19:28:58.873164
1579437080428286085,https://www.hemnet.se/salda/lagenhet-1rum-ostermalm-stockholms-kommun-grevgatan-51-1579437080428286085,24-25m²,bostadsratt,2026-07-05T19:28:58.873165
2318887400771923771,https://www.hemnet.se/salda/lagenhet-1rum-bromma-alsten-stockholms-kommun-orrspelsvagen-11-2318887400771923771,24-25m²,bostadsratt,2026-07-05T19:28:58.873169
53963301957522401,https://www.hemnet.se/salda/lagenhet-1rum-vasastan-odenplan-stockholms-kommun-vastmannagatan-95-53963301957522401,24-25m²,bostadsratt,2026-07-05T19:28:58.873170
1465055127162537783,"https://www.hemnet.se/salda/lagenhet-1rum-sodermalm-stockholms-kommun-folkskolegatan-12,-3-tr-1465055127162537783",24-25m²,bostadsratt,2026-07-05T19:28:58.873171
8506107589848692544,"https://www.hemnet.se/salda/lagenhet-1rum-sodermalm-stockholms-kommun-kocksgatan-23,-1-tr-8506107589848692544",24-25m²,bostadsratt,2026-07-05T19:28:58.873172
1858313427408375357,https://www.hemnet.se/salda/lagenhet-1rum-ostermalm-stockholms-kommun-banergatan-25-a-1858313427408375357,24-25m²,bostadsratt,2026-07-05T19:28:58.873174
3774922725959728021,https://www.hemnet.se/salda/lagenhet-1rum-blasut-stockholms-kommun-skarmarbrinksvagen-12-3774922725959728021,24-25m²,bostadsratt,2026-07-05T19:28:58.873175
5313159750521632943,https://www.hemnet.se/salda/lagenhet-1rum-g-a-tullingeberg-botkyrka-kommun-manstorpsvagen-2-5313159750521632943,24-25m²,bostadsratt,2026-07-05T19:28:58.873177
2805172118090110474,"https://www.hemnet.se/salda/lagenhet-1rum-hagerneholm,-arninge-ullna-taby-kommun-hagerneholmsvagen-7b-4tr-2805172118090110474",24-25m²,bostadsratt,2026-07-05T19:28:58.873178
2406649604694232005,https://www.hemnet.se/salda/lagenhet-1rum-gideonsberg-vasteras-kommun-blomstergatan-4-2406649604694232005,24-25m²,bostadsratt,2026-07-05T19:28:58.873179
4811682409705409099,"https://www.hemnet.se/salda/lagenhet-1rum-liljeholmen-stockholms-kommun-nybohovsgrand-15,-1tr-4811682409705409099",24-25m²,bostadsratt,2026-07-05T19:28:58.873181
6771350132112929904,"https://www.hemnet.se/salda/lagenhet-1rum-kungsholmen-stockholms-kommun-sankt-eriksgatan-39,-5tr-6771350132112929904",24-25m²,bostadsratt,2026-07-05T19:28:58.873182
7036675695169102161,"https://www.hemnet.se/salda/lagenhet-1rum-vasastan-norrmalm-stockholms-kommun-tegnergatan-55-c,-4tr-7036675695169102161",24-25m²,bostadsratt,2026-07-05T19:28:58.873183
3992859571222878058,"https://www.hemnet.se/salda/lagenhet-1rum-gardet-ostermalm-stockholms-kommun-brantingsgatan-19,-3-tr-3992859571222878058",24-25m²,bostadsratt,2026-07-05T19:28:58.873185
148400863236818254,https://www.hemnet.se/salda/lagenhet-1rum-hogmora-huddinge-kommun-hogmoravagen-44k-148400863236818254,24-25m²,bostadsratt,2026-07-05T19:28:58.873186
5080492974431270242,https://www.hemnet.se/salda/lagenhet-1rum-lilla-essingen-stockholms-kommun-stralgatan-47-5080492974431270242,24-25m²,bostadsratt,2026-07-05T19:28:58.873187
4721853504240026063,https://www.hemnet.se/salda/lagenhet-1rum-centrum-stromstadsvagen-uddevalla-kommun-stromstadsvagen-6b-4721853504240026063,24-25m²,bostadsratt,2026-07-05T19:28:58.873189
7717711281701716149,"https://www.hemnet.se/salda/lagenhet-1,5rum-masthugget-goteborgs-kommun-kjellmansgatan-28-7717711281701716149",24-25m²,bostadsratt,2026-07-05T19:28:58.873190
9214737722042715226,"https://www.hemnet.se/salda/lagenhet-1,5rum-runsten-haninge-kommun-runstens-byvag-82b-9214737722042715226",24-25m²,bostadsratt,2026-07-05T19:28:58.873191
7357449304639925944,https://www.hemnet.se/salda/lagenhet-1rum-kungsholmen-stockholms-kommun-bergsgatan-29-7357449304639925944,24-25m²,bostadsratt,2026-07-05T19:28:58.873193
4275494343107663536,https://www.hemnet.se/salda/lagenhet-1rum-ostermalm-stockholms-kommun-styrmansgatan-16b-4275494343107663536,24-25m²,bostadsratt,2026-07-05T19:28:58.873194
2599639646241025768,https://www.hemnet.se/salda/lagenhet-1rum-tappet-kristianstads-kommun-kantarellvagen-7-2599639646241025768,24-25m²,bostadsratt,2026-07-05T19:28:58.873195
2332490370836509839,https://www.hemnet.se/salda/lagenhet-1rum-vasastan-birkastan-stockholms-kommun-tomtebogatan-51-2332490370836509839,24-25m²,bostadsratt,2026-07-05T19:28:58.873197
7465238871138785232,https://www.hemnet.se/salda/lagenhet-1rum-handen-haninge-kommun-midgardsvagen-26-7465238871138785232,24-25m²,bostadsratt,2026-07-05T19:28:58.873200
2241165859843428856,https://www.hemnet.se/salda/lagenhet-1rum-sodermalm-katarina-stockholms-kommun-bjurholmsplan-23-2241165859843428856,24-25m²,bostadsratt,2026-07-05T19:28:58.873201
1563604260052422677,https://www.hemnet.se/salda/lagenhet-1rum-sodermalm-stockholms-kommun-wollmar-yxkullsgatan-48-d-1563604260052422677,24-25m²,bostadsratt,2026-07-05T19:28:58.873202
8058082384459577539,https://www.hemnet.se/salda/lagenhet-1rum-hornstull-hogalid-stockholms-kommun-kristinehovsgatan-5a-8058082384459577539,24-25m²,bostadsratt,2026-07-05T19:28:58.873204
4423207199707864443,https://www.hemnet.se/salda/lagenhet-1rum-mollevangen-malmo-kommun-bangatan-4c-4423207199707864443,24-25m²,bostadsratt,2026-07-05T19:28:58.873205
8205395711596651812,https://www.hemnet.se/salda/lagenhet-1rum-gardet-ostermalm-stockholms-kommun-rokubbsgatan-2-8205395711596651812,24-25m²,bostadsratt,2026-07-05T19:28:58.873206
4817911981152415881,"https://www.hemnet.se/salda/lagenhet-1,5rum-kungsholmen-nedre-kungsholmen-stockholms-kommun-ehrensvardsgatan-4-4817911981152415881",24-25m²,bostadsratt,2026-07-05T19:28:58.873208
1685448659309812476,https://www.hemnet.se/salda/lagenhet-1rum-vallingby-centrum-stockholms-kommun-jamtlandsgatan-102-vaning-2-1685448659309812476,24-25m²,bostadsratt,2026-07-05T19:28:58.873209
5752320190077151792,https://www.hemnet.se/salda/lagenhet-1rum-porslinskvarteren-varmdo-kommun-stig-lindbergs-gata-17a-5752320190077151792,24-25m²,bostadsratt,2026-07-05T19:28:58.873211
2805279092345843196,https://www.hemnet.se/salda/lagenhet-1rum-norrmalm-city-stockholms-kommun-kammakargatan-21-2805279092345843196,24-25m²,bostadsratt,2026-07-05T19:28:58.873212
6247607524537722212,https://www.hemnet.se/salda/lagenhet-1rum-haga-norra-solna-kommun-sylvangatan-5-6247607524537722212,24-25m²,bostadsratt,2026-07-05T19:28:58.873218
1218698539142291312,https://www.hemnet.se/salda/lagenhet-1rum-hagastaden-stockholms-kommun-valfrid-palmgrens-gata-1-1218698539142291312,24-25m²,bostadsratt,2026-07-05T19:28:58.873220
4657046724281658187,https://www.hemnet.se/salda/lagenhet-1rum-centrum-stenstaden-sundsvalls-kommun-bergsgatan-30a-4657046724281658187,24-25m²,bostadsratt,2026-07-05T19:28:58.873221
4835169481036648238,https://www.hemnet.se/salda/lagenhet-1rum-vaster-lunds-kommun-trastvagen-7-4835169481036648238,24-25m²,bostadsratt,2026-07-05T19:28:58.873222
377729232810157922,https://www.hemnet.se/salda/lagenhet-1rum-skondal-stockholms-kommun-thorsten-levenstams-vag-13a-21001-377729232810157922,24-25m²,bostadsratt,2026-07-05T19:28:58.873224
1427449799626597014,https://www.hemnet.se/salda/lagenhet-1rum-sommarro-uppsala-kommun-lindsbergsgatan-14a-1427449799626597014,24-25m²,bostadsratt,2026-07-05T19:28:58.873225
5208306607406043006,https://www.hemnet.se/salda/lagenhet-1rum-falhagen-uppsala-kommun-falhagsleden-4c-5208306607406043006,24-25m²,bostadsratt,2026-07-05T19:28:58.873226
9016954167243344365,https://www.hemnet.se/salda/lagenhet-1rum-ornsberg-aspudden-stockholms-kommun-ivar-vidfamnes-gata-11-9016954167243344365,24-25m²,bostadsratt,2026-07-05T19:28:58.873228
4394318738386871507,"https://www.hemnet.se/salda/lagenhet-1,5rum-sollentuna-vasjon-sollentuna-kommun-sodersatravagen-34-4394318738386871507",24-25m²,bostadsratt,2026-07-05T19:28:58.873229
4222327994270810906,"https://www.hemnet.se/salda/lagenhet-1rum-sodermalm-stockholms-kommun-tjarhovsgatan-50,-3-tr-4222327994270810906",24-25m²,bostadsratt,2026-07-05T19:28:58.873231
7418674436344312010,https://www.hemnet.se/salda/lagenhet-1rum-haga-umea-kommun-solvandan-6c-7418674436344312010,24-25m²,bostadsratt,2026-07-05T19:28:58.873232
8185746025973776623,https://www.hemnet.se/salda/lagenhet-1rum-gideonsberg-vasteras-kommun-blomstergatan-10-8185746025973776623,24-25m²,bostadsratt,2026-07-05T19:28:58.873233
5280616287027843156,https://www.hemnet.se/salda/lagenhet-1rum-valla-linkopings-kommun-ostsvangen-1c-5280616287027843156,24-25m²,bostadsratt,2026-07-05T19:28:58.873234
6225904035175235967,https://www.hemnet.se/salda/lagenhet-1rum-ostermalm-stockholms-kommun-banergatan-25a-6225904035175235967,24-25m²,bostadsratt,2026-07-05T19:28:58.873236
8629740558916816005,https://www.hemnet.se/salda/lagenhet-1rum-sodermalm-katarina-stockholms-kommun-kocksgatan-40-8629740558916816005,24-25m²,bostadsratt,2026-07-05T19:28:58.873237
444052799057915348,https://www.hemnet.se/salda/lagenhet-1rum-folkets-park-malmo-kommun-solvesborgsgatan-3a-444052799057915348,24-25m²,bostadsratt,2026-07-05T19:28:58.873240
8355030227002260903,https://www.hemnet.se/salda/lagenhet-1rum-haga-norra-solna-kommun-sylvangatan-5-8355030227002260903,24-25m²,bostadsratt,2026-07-05T19:28:58.873242
7245461954262953863,https://www.hemnet.se/salda/lagenhet-1rum-hunnebostrand-sotenas-kommun-kopmansgatan-34d-7245461954262953863,24-25m²,bostadsratt,2026-07-05T19:28:58.873243
98342772229472924,"https://www.hemnet.se/salda/lagenhet-1rum-karlastaden-lindholmen-goteborgs-kommun-lodjursstraket-1,-van-17-98342772229472924",24-25m²,bostadsratt,2026-07-05T19:28:58.873245
1325452584810949156,https://www.hemnet.se/salda/lagenhet-1rum-rasunda-solna-kommun-hasselstigen-5-1325452584810949156,24-25m²,bostadsratt,2026-07-05T19:28:58.873246
345704360097552528,https://www.hemnet.se/salda/lagenhet-1rum-kabo-uppsala-kommun-dag-hammarskjolds-vag-15a-345704360097552528,24-25m²,bostadsratt,2026-07-05T19:28:58.873248
3960599015974864662,"https://www.hemnet.se/salda/lagenhet-1rum-sodermalm-stockholms-kommun-folkskolegatan-12,-2-tr-3960599015974864662",24-25m²,bostadsratt,2026-07-05T19:28:58.873249
754564110922064873,https://www.hemnet.se/salda/lagenhet-1rum-norr-fria-bad-helsingborgs-kommun-strandvagen-drottninggatan-107-a-754564110922064873,24-25m²,bostadsratt,2026-07-05T19:28:58.873251
2128458822384654966,https://www.hemnet.se/salda/lagenhet-1rum-sodermalm-stockholms-kommun-tjustgatan-2-2128458822384654966,24-25m²,bostadsratt,2026-07-05T19:28:58.873252
5264527772501588281,https://www.hemnet.se/salda/lagenhet-1rum-vasastan-stockholms-kommun-sveavagen-121a-5264527772501588281,24-25m²,bostadsratt,2026-07-05T19:28:58.873253
6663535428109428691,https://www.hemnet.se/salda/lagenhet-1rum-slottsstaden-malmo-kommun-mariedalsvagen-49a-6663535428109428691,24-25m²,bostadsratt,2026-07-05T19:28:58.873255
7963217885406175391,https://www.hemnet.se/salda/lagenhet-1rum-hammarbyhojden-stockholms-kommun-sparfvenfeltsgatan-11-7963217885406175391,24-25m²,bostadsratt,2026-07-05T19:28:58.873256
3780571718201020794,https://www.hemnet.se/salda/lagenhet-1rum-lund-centrum-lunds-kommun-mariagatan-9-3780571718201020794,24-25m²,bostadsratt,2026-07-05T19:28:58.873258
5552670237699481219,https://www.hemnet.se/salda/lagenhet-1rum-traneberg-stockholms-kommun-mossebergsvagen-17-5552670237699481219,24-25m²,bostadsratt,2026-07-05T19:28:58.873259
3651417489647840215,https://www.hemnet.se/salda/lagenhet-1rum-ornskoldsvik-ornskoldsviks-kommun-angermanlandsgatan-18-3651417489647840215,24-25m²,bostadsratt,2026-07-05T19:28:58.873260
8124551675038071867,https://www.hemnet.se/salda/lagenhet-1rum-hisings-backa-goteborgs-kommun-tofsvipegatan-38-8124551675038071867,24-25m²,bostadsratt,2026-07-05T19:28:58.873262
86364839188673207,https://www.hemnet.se/salda/lagenhet-1rum-jarnbrott-goteborgs-kommun-bildradiogatan-2-86364839188673207,24-25m²,bostadsratt,2026-07-05T19:28:58.873263
8125415375830713586,"https://www.hemnet.se/salda/lagenhet-1rum-lilla-essingen-stockholms-kommun-essinge-brogata-22,-van-5-5-8125415375830713586",24-25m²,bostadsratt,2026-07-05T19:28:58.873267
2074189981593428348,https://www.hemnet.se/salda/lagenhet-1rum-ribersborg-malmo-kommun-ernst-ahlgrensgatan-4a-2074189981593428348,24-25m²,bostadsratt,2026-07-05T19:28:58.873268
9134722644229355512,"https://www.hemnet.se/salda/lagenhet-1rum-hagerstensasen-stockholms-kommun-arvodesvagen-23,-1tr-9134722644229355512",24-25m²,bostadsratt,2026-07-05T19:28:58.873270
660631026469647843,https://www.hemnet.se/salda/lagenhet-1rum-gardet-stockholms-kommun-osthammarsgatan-72a-660631026469647843,24-25m²,bostadsratt,2026-07-05T19:28:58.873271
5017325266852723244,https://www.hemnet.se/salda/lagenhet-1rum-nedre-kungsholmen-stockholms-kommun-john-ericssonsgatan-11-b-5017325266852723244,24-25m²,bostadsratt,2026-07-05T19:28:58.873272
4422073132994562759,https://www.hemnet.se/salda/lagenhet-1rum-gamlestaden-goteborgs-kommun-brahegatan-10b-4422073132994562759,24-25m²,bostadsratt,2026-07-05T19:28:58.873274
6769786112256336149,https://www.hemnet.se/salda/lagenhet-1rum-aspudden-stockholms-kommun-pilgrimsvagen-54c-6769786112256336149,24-25m²,bostadsratt,2026-07-05T19:28:58.873275
4166454000791739246,"https://www.hemnet.se/salda/lagenhet-1rum-vasastan-norrmalm-tegnerlunden-stockholms-kommun-kammakargatan-21,-3tr-4166454000791739246",24-25m²,bostadsratt,2026-07-05T19:28:58.873277
3163695950186323559,"https://www.hemnet.se/salda/lagenhet-1rum-gardet-ostermalm-stockholms-kommun-brantingsgatan-40,-2tr-3163695950186323559",24-25m²,bostadsratt,2026-07-05T19:28:58.873278
1622174048282367120,https://www.hemnet.se/salda/lagenhet-1rum-framre-luthagen-uppsala-kommun-sysslomansgatan-7-1622174048282367120,24-25m²,bostadsratt,2026-07-05T19:28:58.873281
3900593207589072207,https://www.hemnet.se/salda/lagenhet-1rum-johanneshov-stockholms-kommun-konstgjutarvagen-12-3900593207589072207,24-25m²,bostadsratt,2026-07-05T19:28:58.873282
3370049626474329729,https://www.hemnet.se/salda/lagenhet-1rum-vaster-lunds-kommun-trastvagen-5-3370049626474329729,24-25m²,bostadsratt,2026-07-05T19:28:58.873284
5466209365661216762,https://www.hemnet.se/salda/lagenhet-1rum-flemingsberg-huddinge-kommun-terapivagen-18c-5466209365661216762,24-25m²,bostadsratt,2026-07-05T19:28:58.873285
5274320694091321635,https://www.hemnet.se/salda/lagenhet-1rum-luthagen-uppsala-kommun-fyrisvallsgatan-12a-5274320694091321635,24-25m²,bostadsratt,2026-07-05T19:28:58.873286
6961596148386181271,https://www.hemnet.se/salda/lagenhet-1rum-sodermalm-mariatorget-stockholms-kommun-fredmansgatan-9-6961596148386181271,24-25m²,bostadsratt,2026-07-05T19:28:58.873288
5372265879802863056,https://www.hemnet.se/salda/lagenhet-1rum-stureby-stockholms-kommun-skonviksvagen-272-5372265879802863056,24-25m²,bostadsratt,2026-07-05T19:28:58.873289
1364936261665237390,https://www.hemnet.se/salda/lagenhet-25m2-vasjon-sollentuna-kommun-fjatursvagen-8c-1364936261665237390,24-25m²,bostadsratt,2026-07-05T19:28:58.873290
7471221054212976755,https://www.hemnet.se/salda/lagenhet-1rum-segevang-malmo-kommun-kronetorpsgatan-50b-7471221054212976755,24-25m²,bostadsratt,2026-07-05T19:28:58.873292
3121076473231090921,https://www.hemnet.se/salda/lagenhet-1rum-globen-stockholms-kommun-bildhuggarvagen-4-3121076473231090921,24-25m²,bostadsratt,2026-07-05T19:28:58.873293
3248355313943666960,"https://www.hemnet.se/salda/lagenhet-1rum-kungsholmen-lilla-essingen-stockholms-kommun-luxgatan-5,-2-tr-3248355313943666960",24-25m²,bostadsratt,2026-07-05T19:28:58.873294
1226566787297071368,https://www.hemnet.se/salda/lagenhet-1rum-vasastan-sibirien-stockholms-kommun-surbrunnsgatan-19-1226566787297071368,24-25m²,bostadsratt,2026-07-05T19:28:58.873296
968706446720026291,https://www.hemnet.se/salda/lagenhet-1rum-kungsholmen-stockholms-kommun-celsiusgatan-3a-968706446720026291,24-25m²,bostadsratt,2026-07-05T19:28:58.873297
3850583467174343908,"https://www.hemnet.se/salda/lagenhet-1rum-gubbangen-stockholms-kommun-knektvagen-15,-4-tr-3850583467174343908",24-25m²,bostadsratt,2026-07-05T19:28:58.873300
5155894675321599489,https://www.hemnet.se/salda/lagenhet-1rum-kungsholmen-stockholms-kommun-bergsgatan-29-5155894675321599489,24-25m²,bostadsratt,2026-07-05T19:28:58.873302
4768651425173072996,https://www.hemnet.se/salda/lagenhet-1rum-vasastan-city-norrmalm-stockholms-kommun-luntmakargatan-10-4768651425173072996,24-25m²,bostadsratt,2026-07-05T19:28:58.873303
4769669235648166551,"https://www.hemnet.se/salda/lagenhet-1,5rum-vasjon-sollentuna-kommun-hemmings-vag-41c-4769669235648166551",24-25m²,bostadsratt,2026-07-05T19:28:58.873304
7861008445269246031,https://www.hemnet.se/salda/lagenhet-1rum-ostermalm-nedre-gardet-stockholms-kommun-blanchegatan-18-7861008445269246031,24-25m²,bostadsratt,2026-07-05T19:28:58.873306
3023248530230533437,https://www.hemnet.se/salda/lagenhet-1rum-or-sundbybergs-kommun-kavaljersbacken-4-3023248530230533437,24-25m²,bostadsratt,2026-07-05T19:28:58.873307
8033809163215625335,https://www.hemnet.se/salda/lagenhet-1rum-gotland-vastra-gotlands-kommun-visborgsgatan-34b-8033809163215625335,24-25m²,bostadsratt,2026-07-05T19:28:58.873308
6918742482753654126,https://www.hemnet.se/salda/lagenhet-1rum-vallastaden-linkopings-kommun-selma-lagerlofs-gata-1-6918742482753654126,24-25m²,bostadsratt,2026-07-05T19:28:58.873310
5388284413864246685,https://www.hemnet.se/salda/lagenhet-1rum-kungsholmen-stockholms-kommun-sankt-eriksgatan-39-5388284413864246685,24-25m²,bostadsratt,2026-07-05T19:28:58.873311
7171553038207809039,https://www.hemnet.se/salda/lagenhet-1rum-rasunda-solna-kommun-rasundavagen-134-7171553038207809039,24-25m²,bostadsratt,2026-07-05T19:28:58.873312
1292000787682774378,https://www.hemnet.se/salda/lagenhet-1rum-nedre-gardet-ostermalm-stockholms-kommun-erik-dahlbergsgatan-18-1292000787682774378,24-25m²,bostadsratt,2026-07-05T19:28:58.873315
6916553178044729679,https://www.hemnet.se/salda/lagenhet-1rum-skytteholm-solna-kommun-framnasbacken-24-6916553178044729679,24-25m²,bostadsratt,2026-07-05T19:28:58.873317
7734851553956809223,https://www.hemnet.se/salda/lagenhet-1rum-midsommarkransen-stockholms-kommun-svandammsvagen-3-7734851553956809223,24-25m²,bostadsratt,2026-07-05T19:28:58.873318
8071767353283525280,https://www.hemnet.se/salda/lagenhet-1rum-bromma-blackeberg-stockholms-kommun-holbergsgatan-44-8071767353283525280,24-25m²,bostadsratt,2026-07-05T19:28:58.873321
6906781582811147179,"https://www.hemnet.se/salda/lagenhet-1rum-kungsholmen-lilla-essingen-stockholms-kommun-stralgatan-35,-1-tr-van-2-6906781582811147179",24-25m²,bostadsratt,2026-07-05T19:28:58.873323
1234128730925000077,https://www.hemnet.se/salda/lagenhet-1rum-vasastan-birkastan-stockholms-kommun-rorstrandsgatan-25-1234128730925000077,24-25m²,bostadsratt,2026-07-05T19:28:58.873324
120078700710808679,"https://www.hemnet.se/salda/lagenhet-1rum-sodermalm-stockholms-kommun-malmgardsvagen-10,-van-4-120078700710808679",24-25m²,bostadsratt,2026-07-05T19:28:58.873325
7366488522896927442,https://www.hemnet.se/salda/lagenhet-1rum-vasastan-stockholms-kommun-torsgatan-33-7366488522896927442,24-25m²,bostadsratt,2026-07-05T19:28:58.873327
3875357580977722298,https://www.hemnet.se/salda/lagenhet-1rum-algen-ornskoldsviks-kommun-angermanlandsgatan-16-a-3875357580977722298,24-25m²,bostadsratt,2026-07-05T19:28:58.873328
2059772953640302259,https://www.hemnet.se/salda/lagenhet-1rum-kristiansborg-vasteras-kommun-bomansgatan-26a-2059772953640302259,24-25m²,bostadsratt,2026-07-05T19:28:58.873329
4205031490441133965,"https://www.hemnet.se/salda/lagenhet-1rum-vasastan-stockholms-kommun-birger-jarlsgatan-83,-3tr-4205031490441133965",24-25m²,bostadsratt,2026-07-05T19:28:58.873331
8578057864855505731,https://www.hemnet.se/salda/lagenhet-1rum-katarina-stockholms-kommun-bondegatan-3b-8578057864855505731,24-25m²,bostadsratt,2026-07-05T19:28:58.873332
3127236446292500789,https://www.hemnet.se/salda/lagenhet-1rum-bjorkekarr-goteborgs-kommun-stabbegatan-43-3127236446292500789,24-25m²,bostadsratt,2026-07-05T19:28:58.873333
5641165957697730775,"https://www.hemnet.se/salda/lagenhet-1rum-gardet-stockholms-kommun-rindogatan-30,-5-5-tr-5641165957697730775",24-25m²,bostadsratt,2026-07-05T19:28:58.873335
8818257250150499276,https://www.hemnet.se/salda/lagenhet-1rum-surte-ale-kommun-granhacksvagen-24-lgh-1302-8818257250150499276,24-25m²,bostadsratt,2026-07-05T19:28:58.873336
8164876402993405253,https://www.hemnet.se/salda/lagenhet-1rum-centrala-sodertalje-sodertalje-kommun-dalgatan-23-8164876402993405253,24-25m²,bostadsratt,2026-07-05T19:28:58.873337
737801193907387984,https://www.hemnet.se/salda/lagenhet-1rum-arsta-stockholms-kommun-svardlangsvagen-45-737801193907387984,24-25m²,bostadsratt,2026-07-05T19:28:58.873339
2756184418891618864,"https://www.hemnet.se/salda/lagenhet-1rum-kungsholmen-stockholms-kommun-svarvargatan-10,-2tr-2756184418891618864",24-25m²,bostadsratt,2026-07-05T19:28:58.873340
7059982967834972565,https://www.hemnet.se/salda/lagenhet-1rum-ostermalm-gardet-stockholms-kommun-sandhamnsgatan-23-7059982967834972565,24-25m²,bostadsratt,2026-07-05T19:28:58.873342
7281975849246174614,https://www.hemnet.se/salda/lagenhet-1rum-centrum-lunds-kommun-revingegatan-15b-7281975849246174614,24-25m²,bostadsratt,2026-07-05T19:28:58.873343
8417635680312857385,"https://www.hemnet.se/salda/lagenhet-1rum-vasastan-odenplan-stockholms-kommun-sankt-eriksgatan-109,-1tr-8417635680312857385",24-25m²,bostadsratt,2026-07-05T19:28:58.873344
6108243291357581299,https://www.hemnet.se/salda/lagenhet-1rum-visby-gotlands-kommun-volontargatan-251-6108243291357581299,24-25m²,bostadsratt,2026-07-05T19:28:58.873346
401471682825762503,https://www.hemnet.se/salda/lagenhet-1rum-luthagen-uppsala-kommun-tegnergatan-25b-401471682825762503,24-25m²,bostadsratt,2026-07-05T19:28:58.873347
7609722881091495004,https://www.hemnet.se/salda/lagenhet-1rum-centralt-falu-kommun-myntgatan-19-7609722881091495004,24-25m²,bostadsratt,2026-07-05T19:28:58.873348
8727983257849955317,"https://www.hemnet.se/salda/lagenhet-1rum-bromma-ballsta-stockholms-kommun-ankarstocksvagen-11-,-3-tr-8727983257849955317",24-25m²,bostadsratt,2026-07-05T19:28:58.873350
478951053044773650,https://www.hemnet.se/salda/lagenhet-1rum-luthagen-uppsala-kommun-sysslomansgatan-7-478951053044773650,24-25m²,bostadsratt,2026-07-05T19:28:58.873351
6008201825093915972,https://www.hemnet.se/salda/lagenhet-1rum-kungsladugard-goteborgs-kommun-hogsbogatan-12c-6008201825093915972,24-25m²,bostadsratt,2026-07-05T19:28:58.873352
7671247574767599081,https://www.hemnet.se/salda/lagenhet-1rum-framre-luthagen-uppsala-kommun-sturegatan-3-7671247574767599081,24-25m²,bostadsratt,2026-07-05T19:28:58.873354
3472569635899853012,"https://www.hemnet.se/salda/lagenhet-1rum-ostermalm-vasastan-stockholms-kommun-korsbarsvagen-12,-2tr-3472569635899853012",24-25m²,bostadsratt,2026-07-05T19:28:58.873357
7429469472714483521,"https://www.hemnet.se/salda/lagenhet-1rum-hagerneholm,-arninge-taby-kommun-hagerneholmsvagen-7b,-2tr-7429469472714483521",24-25m²,bostadsratt,2026-07-05T19:28:58.873358
8130334448630713560,https://www.hemnet.se/salda/lagenhet-1rum-hagastaden-karolinska-solna-kommun-olof-af-acrels-vag-5-8130334448630713560,24-25m²,bostadsratt,2026-07-05T19:28:58.873360
745012165722911730,https://www.hemnet.se/salda/lagenhet-1rum-centralt-ornskoldsvik-ornskoldsviks-kommun-nygatan-11b-745012165722911730,24-25m²,bostadsratt,2026-07-05T19:28:58.873363
6018481441283579862,https://www.hemnet.se/salda/lagenhet-1rum-torsvik-lidingo-kommun-torsvikssvangen-46-6018481441283579862,24-25m²,bostadsratt,2026-07-05T19:28:58.873364
2822328837096834131,"https://www.hemnet.se/salda/lagenhet-1rum-kungholmen-stockholms-kommun-alstromergatan-35,-1tr-2822328837096834131",24-25m²,bostadsratt,2026-07-05T19:28:58.873366
6446061700950893997,https://www.hemnet.se/salda/lagenhet-1rum-kungsholmen-stockholms-kommun-sankt-goransgatan-167-6446061700950893997,24-25m²,bostadsratt,2026-07-05T19:28:58.873367
5769613170775763576,"https://www.hemnet.se/salda/lagenhet-1rum-midsommarkransen-stockholms-kommun-svandammsvagen-21,-1-tr-5769613170775763576",24-25m²,bostadsratt,2026-07-05T19:28:58.873368
808298090184429633,https://www.hemnet.se/salda/lagenhet-1rum-centrum-halmstads-kommun-skanegatan-57a-808298090184429633,24-25m²,bostadsratt,2026-07-05T19:28:58.873370
9025653499866880661,https://www.hemnet.se/salda/lagenhet-1rum-gideonsberg-vasteras-kommun-blomstergatan-4-9025653499866880661,24-25m²,bostadsratt,2026-07-05T19:28:58.873371
2460840352731625131,https://www.hemnet.se/salda/lagenhet-1rum-stora-essingen-stockholms-kommun-stenshallsvagen-10-2460840352731625131,24-25m²,bostadsratt,2026-07-05T19:28:58.873372
3171432195208402284,https://www.hemnet.se/salda/lagenhet-1rum-centralt-vasastaden-linkopings-kommun-s-t-larsgatan-6a-3171432195208402284,24-25m²,bostadsratt,2026-07-05T19:28:58.873374
4207340980965718810,https://www.hemnet.se/salda/lagenhet-1rum-vastra-skogen-solna-kommun-wiboms-vag-10-4207340980965718810,24-25m²,bostadsratt,2026-07-05T19:28:58.873375
4692562704454632909,https://www.hemnet.se/salda/lagenhet-1rum-centrum-linkopings-kommun-sturegatan-5-4692562704454632909,24-25m²,bostadsratt,2026-07-05T19:28:58.873376
8802134929572721626,https://www.hemnet.se/salda/lagenhet-1rum-rasunda-solna-kommun-klovervagen-5-8802134929572721626,24-25m²,bostadsratt,2026-07-05T19:28:58.873378
4972938195128675498,https://www.hemnet.se/salda/lagenhet-1rum-hagerstensasen-stockholms-kommun-backvagen-120-4972938195128675498,24-25m²,bostadsratt,2026-07-05T19:28:58.873379
5702710709391728350,https://www.hemnet.se/salda/lagenhet-2rum-karnekulla-habo-kommun-karnekulla-alle-8-5702710709391728350,24-25m²,bostadsratt,2026-07-05T19:28:58.873380
4821303953672380415,"https://www.hemnet.se/salda/lagenhet-2rum-ostermalm-stockholms-kommun-storgatan-32,-3tr-4821303953672380415",24-25m²,bostadsratt,2026-07-05T19:28:58.873382
2489517460888483514,https://www.hemnet.se/salda/lagenhet-1rum-hasselby-norra-villastad-stockholms-kommun-snodroppsgrand-29-2489517460888483514,24-25m²,bostadsratt,2026-07-05T19:28:58.873383
6798227445051044008,https://www.hemnet.se/salda/lagenhet-1rum-gardet-ostermalm-stockholms-kommun-furusundsgatan-15-6798227445051044008,24-25m²,bostadsratt,2026-07-05T19:28:58.873384
1327263874193037201,https://www.hemnet.se/salda/lagenhet-1rum-centrum-lulea-kommun-vastra-varvsgatan-12b-1327263874193037201,24-25m²,bostadsratt,2026-07-05T19:28:58.873386
6083115548315423696,"https://www.hemnet.se/salda/lagenhet-1rum-kungsholmen-norr-malarstrand-stockholms-kommun-sysslomansgatan-24,-7tr-6083115548315423696",24-25m²,bostadsratt,2026-07-05T19:28:58.873387
4793905950387303754,https://www.hemnet.se/salda/lagenhet-1rum-torpa-jonkopings-kommun-gransgatan-1-4793905950387303754,24-25m²,bostadsratt,2026-07-05T19:28:58.873388
1153467698725402426,"https://www.hemnet.se/salda/lagenhet-1rum-kungsholmen-fridhemsplan-stockholms-kommun-alstromergatan-32u,-2tr-1153467698725402426",24-25m²,bostadsratt,2026-07-05T19:28:58.873390
4534947607463784382,https://www.hemnet.se/salda/lagenhet-1rum-ostermalm-stockholms-kommun-banergatan-44-4534947607463784382,24-25m²,bostadsratt,2026-07-05T19:28:58.873391
6144089618698294213,"https://www.hemnet.se/salda/lagenhet-1rum-sodermalm-stockholms-kommun-langholmsgatan-13,-2-tr-6144089618698294213",24-25m²,bostadsratt,2026-07-05T19:28:58.873394
3756369859616593927,https://www.hemnet.se/salda/lagenhet-1rum-visby-gotlands-kommun-volontargatan-241-3756369859616593927,24-25m²,bostadsratt,2026-07-05T19:28:58.873395
604521792595699815,https://www.hemnet.se/salda/lagenhet-1rum-sodermalm-hornstull-stockholms-kommun-bergsundsgatan-14-604521792595699815,24-25m²,bostadsratt,2026-07-05T19:28:58.873399
5829692224377328703,https://www.hemnet.se/salda/lagenhet-1rum-sodermalm-stockholms-kommun-bondegatan-24-5829692224377328703,24-25m²,bostadsratt,2026-07-05T19:28:58.873400
5927217845648052445,https://www.hemnet.se/salda/lagenhet-1rum-skondal-stockholms-kommun-kubbegatan-20-5927217845648052445,24-25m²,bostadsratt,2026-07-05T19:28:58.873401
7223430257990202911,https://www.hemnet.se/salda/lagenhet-1rum-vasastan-hagastaden-stockholms-kommun-ninni-kronbergs-gata-10-7223430257990202911,24-25m²,bostadsratt,2026-07-05T19:28:58.873403
6840731941386102979,"https://www.hemnet.se/salda/lagenhet-1rum-kungsholmen-stockholms-kommun-industrigatan-16,-4tr-6840731941386102979",24-25m²,bostadsratt,2026-07-05T19:28:58.873404
5192726637942860578,https://www.hemnet.se/salda/lagenhet-1rum-bagarmossen-stockholms-kommun-bergsradsvagen-36-5192726637942860578,24-25m²,bostadsratt,2026-07-05T19:28:58.873405
1632788785628837990,https://www.hemnet.se/salda/lagenhet-1rum-sodermalm-hornstull-stockholms-kommun-slipgatan-11-1632788785628837990,24-25m²,bostadsratt,2026-07-05T19:28:58.873407
8949775588590967033,https://www.hemnet.se/salda/lagenhet-1rum-falhagen-uppsala-kommun-petterslundsgatan-14e-8949775588590967033,24-25m²,bostadsratt,2026-07-05T19:28:58.873408
815699671844397808,https://www.hemnet.se/salda/lagenhet-1rum-falhagen-uppsala-kommun-falhagsleden-4c-815699671844397808,24-25m²,bostadsratt,2026-07-05T19:28:58.873411
1989417309506884410,https://www.hemnet.se/salda/lagenhet-1rum-sommarro-uppsala-kommun-norbyvagen-63-1989417309506884410,24-25m²,bostadsratt,2026-07-05T19:28:58.873412
3996610267449474902,https://www.hemnet.se/salda/lagenhet-1rum-bandhagen-stockholms-kommun-skebokvarnsvagen-87-3996610267449474902,24-25m²,bostadsratt,2026-07-05T19:28:58.873414
972925030230078626,https://www.hemnet.se/salda/lagenhet-1rum-blasut-stockholms-kommun-pastellvagen-17-972925030230078626,24-25m²,bostadsratt,2026-07-05T19:28:58.873415
973040330720922632,https://www.hemnet.se/salda/lagenhet-1rum-haga-norra-solna-kommun-sylvangatan-5-973040330720922632,24-25m²,bostadsratt,2026-07-05T19:28:58.873416
129633899955403624,https://www.hemnet.se/salda/lagenhet-1rum-porslinskvarteren-varmdo-kommun-stig-lindbergs-gata-17a-129633899955403624,24-25m²,bostadsratt,2026-07-05T19:28:58.873418
1082121714937491087,"https://www.hemnet.se/salda/lagenhet-1rum-hagastaden-karolinska-solna-kommun-olof-af-acrels-vag-5,-5tr-1082121714937491087",24-25m²,bostadsratt,2026-07-05T19:28:58.873419
8818667196250136369,https://www.hemnet.se/salda/lagenhet-1rum-ostermalm-stockholms-kommun-kommendorsgatan-33a-8818667196250136369,24-25m²,bostadsratt,2026-07-05T19:28:58.873420
6488315405302359896,https://www.hemnet.se/salda/lagenhet-3rum-kabdalis-mastertoppen-jokkmokks-kommun-mastertoppen-300a-6488315405302359896,24-25m²,bostadsratt,2026-07-05T19:28:58.873422
5953389790150061126,https://www.hemnet.se/salda/lagenhet-1rum-johanneberg-goteborgs-kommun-volrat-thamsgatan-15-5953389790150061126,24-25m²,bostadsratt,2026-07-05T19:28:58.873423
586007172736107792,https://www.hemnet.se/salda/lagenhet-1rum-vastra-kattarp-hindby-malmo-kommun-jagersrovagen-7a-586007172736107792,24-25m²,bostadsratt,2026-07-05T19:28:58.873424
8142878428381563343,https://www.hemnet.se/salda/lagenhet-1rum-birkastan-stockholms-kommun-vikingagatan-3-8142878428381563343,24-25m²,bostadsratt,2026-07-05T19:28:58.873426
180078098950888188,"https://www.hemnet.se/salda/lagenhet-1rum-gardet-stockholms-kommun-osthammarsgatan-72a,-1tr-180078098950888188",24-25m²,bostadsratt,2026-07-05T19:28:58.873427
647655428081702060,"https://www.hemnet.se/salda/lagenhet-1rum-kungsholmen-stockholms-kommun-alstromergatan-32u,-3-tr-647655428081702060",24-25m²,bostadsratt,2026-07-05T19:28:58.873428
6470484258060615778,"https://www.hemnet.se/salda/lagenhet-1rum-hagerneholm,-arninge-ullna-taby-kommun-hagerneholmsvagen-7a-1-tr-6470484258060615778",24-25m²,bostadsratt,2026-07-05T19:28:58.873430
5881966141008379415,https://www.hemnet.se/salda/lagenhet-1rum-sodermalm-maria-stockholms-kommun-fredmansgatan-7-5881966141008379415,24-25m²,bostadsratt,2026-07-05T19:28:58.873431
616195183357378387,https://www.hemnet.se/salda/lagenhet-1rum-ostermalm-motala-kommun-ostermalmsgatan-37a-616195183357378387,24-25m²,bostadsratt,2026-07-05T19:28:58.873434
3674420038299051505,https://www.hemnet.se/salda/lagenhet-2rum-storhogna-bergs-kommun-galateavagen-2-3674420038299051505,24-25m²,bostadsratt,2026-07-05T19:28:58.873436
5898716349620322150,https://www.hemnet.se/salda/lagenhet-1rum-midsommarkransen-stockholms-kommun-svandammsvagen-21a-5898716349620322150,24-25m²,bostadsratt,2026-07-05T19:28:58.873437
4950092012850665932,https://www.hemnet.se/salda/lagenhet-1rum-centralt-herrgardet-vasteras-kommun-engelbrektsgatan-13-4950092012850665932,24-25m²,bostadsratt,2026-07-05T19:28:58.873438
6589530962478758199,https://www.hemnet.se/salda/lagenhet-1rum-centralt-ornskoldsvik-ornskoldsviks-kommun-nygatan-11b-6589530962478758199,24-25m²,bostadsratt,2026-07-05T19:28:58.873440
6371417536116650529,"https://www.hemnet.se/salda/lagenhet-1rum-ostermalm-gardet-stockholms-kommun-furusundsgatan-13,-4tr-6371417536116650529",24-25m²,bostadsratt,2026-07-05T19:28:58.873441
8263313036115901950,https://www.hemnet.se/salda/lagenhet-1rum-skytteholm-solna-kommun-framnasbacken-24-8263313036115901950,24-25m²,bostadsratt,2026-07-05T19:28:58.873442
8489296778309432466,https://www.hemnet.se/salda/lagenhet-1rum-hornstull-stockholms-kommun-slipgatan-14-8489296778309432466,24-25m²,bostadsratt,2026-07-05T19:28:58.873444
8707175082464091092,https://www.hemnet.se/salda/lagenhet-1rum-brunnshog-lunds-kommun-brunnshogsgatan-45b-8707175082464091092,24-25m²,bostadsratt,2026-07-05T19:28:58.873445
6583105832056434312,"https://www.hemnet.se/salda/lagenhet-1rum-mosebacke-sodermalm-stockholms-kommun-hogbergsgatan-24,-3-tr-6583105832056434312",24-25m²,bostadsratt,2026-07-05T19:28:58.873446
1460590352473954253,https://www.hemnet.se/salda/lagenhet-1rum-centralt-lunds-kommun-revingegatan-19c-1460590352473954253,24-25m²,bostadsratt,2026-07-05T19:28:58.873447
5555739259703158309,https://www.hemnet.se/salda/lagenhet-1rum-gardet-ostermalm-stockholms-kommun-furusundsgatan-4-5555739259703158309,24-25m²,bostadsratt,2026-07-05T19:28:58.873449
3367193896455093430,https://www.hemnet.se/salda/lagenhet-1rum-liljeholmen-jonkopings-kommun-lonnholmsgatan-10-3367193896455093430,24-25m²,bostadsratt,2026-07-05T19:28:58.873450
5533500447894627497,"https://www.hemnet.se/salda/lagenhet-1,5rum-sollentuna-vasjon-sollentuna-kommun-vasjovagen-22-5533500447894627497",24-25m²,bostadsratt,2026-07-05T19:28:58.873451
5327832123998048251,https://www.hemnet.se/salda/lagenhet-2rum-slite-gotlands-kommun-strandvagen-46-5327832123998048251,24-25m²,bostadsratt,2026-07-05T19:28:58.873453
3849482171584858908,"https://www.hemnet.se/salda/lagenhet-1rum-centralt,-soder-norrkopings-kommun-petter-swartzgatan-15a-3849482171584858908",24-25m²,bostadsratt,2026-07-05T19:28:58.873454
4376640437007371425,https://www.hemnet.se/salda/lagenhet-1rum-kvarnberget-karlstads-kommun-olmegatan-3a-4376640437007371425,24-25m²,bostadsratt,2026-07-05T19:28:58.873457
9120269028899131559,https://www.hemnet.se/salda/lagenhet-1rum-haga-norra-solna-kommun-sylvangatan-9-9120269028899131559,24-25m²,bostadsratt,2026-07-05T19:28:58.873458
4233685648060997071,https://www.hemnet.se/salda/lagenhet-1rum-granby-sala-backe-uppsala-kommun-murargatan-14e-4233685648060997071,24-25m²,bostadsratt,2026-07-05T19:28:58.873460
1624598784960606249,https://www.hemnet.se/salda/lagenhet-1rum-sodermalm-hogalid-hornstull-stockholms-kommun-borgargatan-2-1624598784960606249,24-25m²,bostadsratt,2026-07-05T19:28:58.873461
4161720310248539354,"https://www.hemnet.se/salda/lagenhet-1rum-gardet-stockholms-kommun-sandhamnsgatan-23,-4-tr-4161720310248539354",24-25m²,bostadsratt,2026-07-05T19:28:58.873462
8913832382128491920,https://www.hemnet.se/salda/lagenhet-1rum-midsommarkransen-telefonplan-stockholms-kommun-valborgsmassovagen-20d-8913832382128491920,24-25m²,bostadsratt,2026-07-05T19:28:58.873464
1069539907767088528,https://www.hemnet.se/salda/lagenhet-1rum-vasastaden-centralt-linkopings-kommun-vasavagen-32-1069539907767088528,24-25m²,bostadsratt,2026-07-05T19:28:58.873465
9053401487793814734,"https://www.hemnet.se/salda/lagenhet-1,5rum-katarina-sofia-sodermalm-stockholms-kommun-borgmastargatan-10b,-van-5-5-9053401487793814734",24-25m²,bostadsratt,2026-07-05T19:28:58.873467
2994547937357640420,https://www.hemnet.se/salda/lagenhet-1rum-nobeltorget-malmo-kommun-vitemollegatan-10c-2994547937357640420,24-25m²,bostadsratt,2026-07-05T19:28:58.873468
8975657408862343773,https://www.hemnet.se/salda/lagenhet-1rum-rasunda-solna-kommun-vasavagen-22-8975657408862343773,24-25m²,bostadsratt,2026-07-05T19:28:58.873469
1695247975497952192,https://www.hemnet.se/salda/lagenhet-1rum-nyby-uppsala-kommun-leopoldsgatan-21-1695247975497952192,24-25m²,bostadsratt,2026-07-05T19:28:58.873472
7286449018928220506,https://www.hemnet.se/salda/lagenhet-1rum-haga-norra-solna-kommun-sylvangatan-5-7286449018928220506,24-25m²,bostadsratt,2026-07-05T19:28:58.873474
6156621294750139899,"https://www.hemnet.se/salda/lagenhet-1,5rum-lund-centrum-lunds-kommun-revingegatan-15c-6156621294750139899",24-25m²,bostadsratt,2026-07-05T19:28:58.873475
6819892053233247851,https://www.hemnet.se/salda/lagenhet-1rum-nedre-kungsholmen-stockholms-kommun-bergsgatan-29-6819892053233247851,24-25m²,bostadsratt,2026-07-05T19:28:58.873477
7574328447630339758,https://www.hemnet.se/salda/lagenhet-1rum-sodermalm-stockholms-kommun-gotgatan-94-7574328447630339758,24-25m²,bostadsratt,2026-07-05T19:28:58.873478
1560067941033283305,https://www.hemnet.se/salda/lagenhet-1rum-ostermalm-stockholms-kommun-grevgatan-19-1560067941033283305,24-25m²,bostadsratt,2026-07-05T19:28:58.873479
1799396422259018333,"https://www.hemnet.se/salda/lagenhet-1rum-johanneshov-stockholms-kommun-pastellvagen-13,-3-tr-1799396422259018333",24-25m²,bostadsratt,2026-07-05T19:28:58.873480
6633464588079435026,https://www.hemnet.se/salda/lagenhet-1rum-masthugget-goteborgs-kommun-vaktmastaregangen-13-6633464588079435026,24-25m²,bostadsratt,2026-07-05T19:28:58.873482
3602752428476102007,https://www.hemnet.se/salda/lagenhet-1rum-kungsholmen-stockholms-kommun-fridhemsgatan-53-3602752428476102007,24-25m²,bostadsratt,2026-07-05T19:28:58.873483
4180723012611046275,https://www.hemnet.se/salda/lagenhet-1rum-eriksberg-uppsala-kommun-norbyvagen-63-4180723012611046275,24-25m²,bostadsratt,2026-07-05T19:28:58.873484
7332281985852809416,https://www.hemnet.se/salda/lagenhet-1rum-drottningtorget-malmo-kommun-husargatan-6-7332281985852809416,24-25m²,bostadsratt,2026-07-05T19:28:58.873486
764078871537878183,https://www.hemnet.se/salda/lagenhet-1rum-falhagen-uppsala-kommun-falhagsleden-4b-764078871537878183,24-25m²,bostadsratt,2026-07-05T19:28:58.873487
1467123132997797728,https://www.hemnet.se/salda/lagenhet-1rum-hagastaden-solna-kommun-olof-af-acrels-vag-3-1467123132997797728,24-25m²,bostadsratt,2026-07-05T19:28:58.873490
1067574632401521187,"https://www.hemnet.se/salda/lagenhet-1rum-norra-lannersta,-nacka,-saltsjo-boo-nacka-kommun-fagelstigen-1067574632401521187",24-25m²,bostadsratt,2026-07-05T19:28:58.873492
8069245133332286486,https://www.hemnet.se/salda/lagenhet-1rum-hagerstensasen-stockholms-kommun-bokbindarvagen-78-8069245133332286486,24-25m²,bostadsratt,2026-07-05T19:28:58.873493
3271491494261341570,https://www.hemnet.se/salda/lagenhet-2rum-ostermalm-stockholms-kommun-grevgatan-47b-3271491494261341570,24-25m²,bostadsratt,2026-07-05T19:28:58.873494
7138741096869194007,https://www.hemnet.se/salda/lagenhet-1rum-ribersborg-malmo-kommun-ernst-ahlgrensgatan-4c-7138741096869194007,24-25m²,bostadsratt,2026-07-05T19:28:58.873496
4957225734403921349,https://www.hemnet.se/salda/lagenhet-1rum-nedre-johanneberg-goteborgs-kommun-wijkandersplatsen-1-4957225734403921349,24-25m²,bostadsratt,2026-07-05T19:28:58.873497
6760207984915030648,https://www.hemnet.se/salda/lagenhet-1rum-sodermalm-hornstull-stockholms-kommun-hogalidsgatan-31-6760207984915030648,24-25m²,bostadsratt,2026-07-05T19:28:58.873499
7518063345201196159,https://www.hemnet.se/salda/lagenhet-1rum-centrum-lunds-kommun-revingegatan-15b-7518063345201196159,24-25m²,bostadsratt,2026-07-05T19:28:58.873500
609663872654401695,https://www.hemnet.se/salda/lagenhet-1rum-centralt-sundsvalls-kommun-storgatan-72b-609663872654401695,24-25m²,bostadsratt,2026-07-05T19:28:58.873501
2288174055234018763,https://www.hemnet.se/salda/lagenhet-1rum-ostermalm-stockholms-kommun-skeppargatan-11-2288174055234018763,24-25m²,bostadsratt,2026-07-05T19:28:58.873502
8480800063799521713,https://www.hemnet.se/salda/lagenhet-1rum-lindholmen-goteborgs-kommun-lodjursstraket-1-8480800063799521713,24-25m²,bostadsratt,2026-07-05T19:28:58.873505
7128773927961078386,https://www.hemnet.se/salda/lagenhet-1rum-centrum-skara-kommun-skaraborgsgatan-44-b-7128773927961078386,24-25m²,bostadsratt,2026-07-05T19:28:58.873507
6095216080539421628,https://www.hemnet.se/salda/lagenhet-1rum-enogla-enkopings-kommun-enoglavagen-20b-6095216080539421628,24-25m²,bostadsratt,2026-07-05T19:28:58.873508
588703290621891011,https://www.hemnet.se/salda/lagenhet-3rum-kabdalis-jokkmokks-kommun-mastertoppen-304b-588703290621891011,24-25m²,bostadsratt,2026-07-05T19:28:58.873511
1391028939612700260,https://www.hemnet.se/salda/lagenhet-1rum-birkastan-vasastan-stockholms-kommun-bravallagatan-8-1391028939612700260,24-25m²,bostadsratt,2026-07-05T19:28:58.873513
9160256909070060668,https://www.hemnet.se/salda/lagenhet-1rum-vasastan-stockholms-kommun-bravallagatan-8-9160256909070060668,24-25m²,bostadsratt,2026-07-05T19:28:58.873514
2869847931077213119,https://www.hemnet.se/salda/lagenhet-1rum-kungsholmen-stockholms-kommun-pontonjargatan-33-2869847931077213119,24-25m²,bostadsratt,2026-07-05T19:28:58.873515
4948617001611174300,"https://www.hemnet.se/salda/lagenhet-1rum-sodermalm-hornstull-hogalid-stockholms-kommun-heleneborgsgatan-20,-5-tr-4948617001611174300",24-25m²,bostadsratt,2026-07-05T19:28:58.873517
7906602097894556390,https://www.hemnet.se/salda/lagenhet-1rum-johanneberg-goteborgs-kommun-gibraltargatan-21-e-7906602097894556390,24-25m²,bostadsratt,2026-07-05T19:28:58.873518
457157893191760652,https://www.hemnet.se/salda/lagenhet-1rum-vasastan-city-norrmalm-stockholms-kommun-luntmakargatan-10-457157893191760652,24-25m²,bostadsratt,2026-07-05T19:28:58.873519
231666416102431308,https://www.hemnet.se/salda/lagenhet-1rum-ostermalm-gardet-stockholms-kommun-sandhamnsgatan-23-231666416102431308,24-25m²,bostadsratt,2026-07-05T19:28:58.873521
4925857017864478168,https://www.hemnet.se/salda/lagenhet-1rum-flemingsberg-huddinge-kommun-terapivagen-14b-4925857017864478168,24-25m²,bostadsratt,2026-07-05T19:28:58.873522
6979329859346618864,https://www.hemnet.se/salda/lagenhet-1rum-centralt-gavle-kommun-norra-skeppargatan-3-b-6979329859346618864,24-25m²,bostadsratt,2026-07-05T19:28:58.873523
2415563726533973414,"https://www.hemnet.se/salda/lagenhet-1rum-sodermalm-stockholms-kommun-lundagatan-52,-2-tr-2415563726533973414",24-25m²,bostadsratt,2026-07-05T19:28:58.873525
2352395261592755605,https://www.hemnet.se/salda/lagenhet-1rum-kungsholmen-kristineberg-stockholms-kommun-ola-hanssonsgatan-1-2352395261592755605,24-25m²,bostadsratt,2026-07-05T19:28:58.873526
7011694224104048129,https://www.hemnet.se/salda/lagenhet-1rum-midsommarkransen-stockholms-kommun-svandammsvagen-23-7011694224104048129,24-25m²,bostadsratt,2026-07-05T19:28:58.873527
2281957912931402356,https://www.hemnet.se/salda/lagenhet-1rum-sommarro-uppsala-kommun-lindsbergsgatan-14a-2281957912931402356,24-25m²,bostadsratt,2026-07-05T19:28:58.873529
4268465916762120595,https://www.hemnet.se/salda/lagenhet-1rum-sodra-omradet-kalmar-kommun-stathallaregatan-56a-4268465916762120595,24-25m²,bostadsratt,2026-07-05T19:28:58.873530
721924196232437328,https://www.hemnet.se/salda/lagenhet-1rum-salabacke-uppsala-kommun-murargatan-14d-721924196232437328,24-25m²,bostadsratt,2026-07-05T19:28:58.873531
4996981121956569966,"https://www.hemnet.se/salda/lagenhet-1rum-vasastan-atlas-stockholms-kommun-torsgatan-33,-2-tr-4996981121956569966",24-25m²,bostadsratt,2026-07-05T19:28:58.873533
7443763435667758407,https://www.hemnet.se/salda/lagenhet-1rum-fruangen-stockholms-kommun-elin-wagners-gata-6-7443763435667758407,24-25m²,bostadsratt,2026-07-05T19:28:58.873534
1559301947920978971,https://www.hemnet.se/salda/lagenhet-1rum-soder-norrkopings-kommun-nelinsgatan-30-1559301947920978971,24-25m²,bostadsratt,2026-07-05T19:28:58.873535
199463196917848619,https://www.hemnet.se/salda/lagenhet-1rum-falhagen-uppsala-kommun-vaksalagatan-55-199463196917848619,24-25m²,bostadsratt,2026-07-05T19:28:58.873537
1022799779984882966,https://www.hemnet.se/salda/lagenhet-1rum-sodermalm-stockholms-kommun-krukmakargatan-38-1022799779984882966,24-25m²,bostadsratt,2026-07-05T19:28:58.873538
1585699528526808111,"https://www.hemnet.se/salda/lagenhet-1rum-kungsholmen-stockholms-kommun-sankt-goransgatan-153,-4tr-1585699528526808111",24-25m²,bostadsratt,2026-07-05T19:28:58.873539
219115127394999156,https://www.hemnet.se/salda/lagenhet-1rum-karsta-vallentuna-kommun-bergsjovagen-33-219115127394999156,24-25m²,bostadsratt,2026-07-05T19:28:58.873541
500366386109741366,https://www.hemnet.se/salda/lagenhet-1rum-arsta-uppsala-kommun-fyrislundsgatan-44-500366386109741366,24-25m²,bostadsratt,2026-07-05T19:28:58.873542
7648715144169622379,https://www.hemnet.se/salda/lagenhet-1rum-telefonplan-hagerstensasen-stockholms-kommun-bokbindarvagen-78-7648715144169622379,24-25m²,bostadsratt,2026-07-05T19:28:58.873543
7578409046893327055,https://www.hemnet.se/salda/lagenhet-1rum-framre-luthagen-uppsala-kommun-vasagatan-1b-7578409046893327055,24-25m²,bostadsratt,2026-07-05T19:28:58.873546
7282329953158141565,https://www.hemnet.se/salda/lagenhet-1rum-centralt-linkopings-kommun-orngatan-15-7282329953158141565,24-25m²,bostadsratt,2026-07-05T19:28:58.873548
3740880926123559096,"https://www.hemnet.se/salda/lagenhet-1rum-blasut-stockholms-kommun-pastellvagen-13,-3740880926123559096",24-25m²,bostadsratt,2026-07-05T19:28:58.873549
6896079535874909576,https://www.hemnet.se/salda/lagenhet-1rum-karolinska-hagastaden-solna-kommun-olof-af-acrels-vag-5-6896079535874909576,24-25m²,bostadsratt,2026-07-05T19:28:58.873552
8387270044468448964,https://www.hemnet.se/salda/lagenhet-1rum-vasastan-stockholms-kommun-birger-jarlsgatan-103a-8387270044468448964,24-25m²,bostadsratt,2026-07-05T19:28:58.873554
192196194462349159,https://www.hemnet.se/salda/lagenhet-1rum-sodermalm-katarina-sofia-stockholms-kommun-gotlandsgatan-64-192196194462349159,24-25m²,bostadsratt,2026-07-05T19:28:58.873555
8112669905988931604,https://www.hemnet.se/salda/lagenhet-1rum-liljeholmen-jonkopings-kommun-starrgatan-3-8112669905988931604,24-25m²,bostadsratt,2026-07-05T19:28:58.873556
9098267680191067087,https://www.hemnet.se/salda/lagenhet-1rum-centralt-knivsta-kommun-forsbyvagen-10c-9098267680191067087,24-25m²,bostadsratt,2026-07-05T19:28:58.873558
6032267052612724189,https://www.hemnet.se/salda/lagenhet-1rum-salabacke-uppsala-kommun-murargatan-14e-6032267052612724189,24-25m²,bostadsratt,2026-07-05T19:28:58.873559
6219026306957484703,"https://www.hemnet.se/salda/lagenhet-1rum-solna-solna-kommun-prostvagen-13,-2-tr-6219026306957484703",24-25m²,bostadsratt,2026-07-05T19:28:58.873560
1281162294294775527,"https://www.hemnet.se/salda/lagenhet-1rum-fridhemsplan-stockholms-kommun-alstromergatan-32-u,-1,5-tr-1281162294294775527",24-25m²,bostadsratt,2026-07-05T19:28:58.873562
3155427268045032955,"https://www.hemnet.se/salda/lagenhet-1rum-hasselby-norra-villastad-stockholms-kommun-snodroppsgrand-29,-van-2-3155427268045032955",24-25m²,bostadsratt,2026-07-05T19:28:58.873563
3611954422295817727,https://www.hemnet.se/salda/lagenhet-1rum-jakobsberg-jarfalla-kommun-vasavagen-73-3611954422295817727,24-25m²,bostadsratt,2026-07-05T19:28:58.873564
756812025413485504,https://www.hemnet.se/salda/lagenhet-1rum-malarhojden-stockholms-kommun-klubbacken-32-756812025413485504,24-25m²,bostadsratt,2026-07-05T19:28:58.873566
1547081751408141159,https://www.hemnet.se/salda/lagenhet-1rum-falhagen-uppsala-kommun-hjalmar-brantingsgatan-29-1547081751408141159,24-25m²,bostadsratt,2026-07-05T19:28:58.873567
4987559926720399144,https://www.hemnet.se/salda/lagenhet-1rum-davidshall-malmo-kommun-storgatan-43h-4987559926720399144,24-25m²,bostadsratt,2026-07-05T19:28:58.873568
3666300365135810357,"https://www.hemnet.se/salda/lagenhet-1rum-erikslund-vasteras-kommun-hallsta-gardsgata-20,-lokal-nr-14-3666300365135810357",24-25m²,bostadsratt,2026-07-05T19:28:58.873570
4418380898662222390,https://www.hemnet.se/salda/lagenhet-1rum-ronneholm-malmo-kommun-beridaregatan-20b-4418380898662222390,24-25m²,bostadsratt,2026-07-05T19:28:58.873571
8974040622216378764,"https://www.hemnet.se/salda/lagenhet-1rum-rasunda-solna-kommun-plogvagen-7,-1-tr-8974040622216378764",24-25m²,bostadsratt,2026-07-05T19:28:58.873572
2861348486486475314,https://www.hemnet.se/salda/lagenhet-2rum-storklinten-bodens-kommun-storklinten-103-2861348486486475314,24-25m²,bostadsratt,2026-07-05T19:28:58.873574
273781410505993086,"https://www.hemnet.se/salda/lagenhet-1rum-sodermalm-stockholms-kommun-renstiernas-gata-30,-5tr-273781410505993086",24-25m²,bostadsratt,2026-07-05T19:28:58.873575
5495400966495628607,https://www.hemnet.se/salda/lagenhet-1rum-kungsholmen-stockholms-kommun-fridhemsgatan-12-5495400966495628607,24-25m²,bostadsratt,2026-07-05T19:28:58.873576
1689066016730601849,https://www.hemnet.se/salda/lagenhet-1rum-falhagen-uppsala-kommun-hjalmar-brantingsgatan-25-1689066016730601849,24-25m²,bostadsratt,2026-07-05T19:28:58.873578
7039185969099540222,https://www.hemnet.se/salda/lagenhet-1rum-centrum-halmstads-kommun-skanegatan-57b-7039185969099540222,24-25m²,bostadsratt,2026-07-05T19:28:58.873579
4865093776448755612,https://www.hemnet.se/salda/lagenhet-1rum-ostermalm-stockholms-kommun-banergatan-25a-4865093776448755612,24-25m²,bostadsratt,2026-07-05T19:28:58.873580
1076972090875534056,"https://www.hemnet.se/salda/lagenhet-1rum-ostermalm-nedre-gardet-stockholms-kommun-strindbergsgatan-50,-4-tr-1076972090875534056",24-25m²,bostadsratt,2026-07-05T19:28:58.873582
7584804820548133052,https://www.hemnet.se/salda/lagenhet-1rum-folkets-park-malmo-kommun-solvesborgsgatan-3-d-7584804820548133052,24-25m²,bostadsratt,2026-07-05T19:28:58.873585
425465911987724273,https://www.hemnet.se/salda/lagenhet-1rum-hagerstensasen-stockholms-kommun-boktryckarvagen-5-425465911987724273,24-25m²,bostadsratt,2026-07-05T19:28:58.873586
7849724730675453487,"https://www.hemnet.se/salda/lagenhet-1rum-gardet-stockholms-kommun-sandhamnsgatan-23,-1-tr-7849724730675453487",24-25m²,bostadsratt,2026-07-05T19:28:58.873589
8078522560938570259,https://www.hemnet.se/salda/lagenhet-1rum-beckomberga-stockholms-kommun-follingbogatan-18-8078522560938570259,24-25m²,bostadsratt,2026-07-05T19:28:58.873591
4384758369281948780,"https://www.hemnet.se/salda/lagenhet-1rum-sodermalm-katarina-stockholms-kommun-olandsgatan-44,-2tr-accepterat-pris-4384758369281948780",24-25m²,bostadsratt,2026-07-05T19:28:58.873592
3221689307040111876,https://www.hemnet.se/salda/lagenhet-1rum-spanga-rinkeby-stockholms-kommun-almbygatan-6-3221689307040111876,24-25m²,bostadsratt,2026-07-05T19:28:58.873594
4202720986930092658,https://www.hemnet.se/salda/lagenhet-2rum-vasastan-tegnerlunden-stockholms-kommun-radmansgatan-80a-4202720986930092658,24-25m²,bostadsratt,2026-07-05T19:28:58.873595
51225632938964046,https://www.hemnet.se/salda/lagenhet-1rum-gardet-ostermalm-stockholms-kommun-furusundsgatan-6-51225632938964046,24-25m²,bostadsratt,2026-07-05T19:28:58.873597
2760188360976946248,https://www.hemnet.se/salda/lagenhet-1rum-vaster-lunds-kommun-trastvagen-5-2760188360976946248,24-25m²,bostadsratt,2026-07-05T19:28:58.873598
6616626372419987765,"https://www.hemnet.se/salda/lagenhet-1rum-falhagen-uppsala-kommun-vaksalagatan-55,-van-4-6616626372419987765",24-25m²,bostadsratt,2026-07-05T19:28:58.873601
4554909811040012755,https://www.hemnet.se/salda/lagenhet-1rum-haninge-haninge-kommun-midgardsvagen-16-4554909811040012755,24-25m²,bostadsratt,2026-07-05T19:28:58.873603
1300332238343883938,"https://www.hemnet.se/salda/lagenhet-1rum-luossavaara-kiruna-kommun-dubengatan-29-b,-van-4-1300332238343883938",24-25m²,bostadsratt,2026-07-05T19:28:58.873604
7530534366184504385,https://www.hemnet.se/salda/lagenhet-1rum-centrum-lulea-kommun-skeppsbrogatan-13b-7530534366184504385,24-25m²,bostadsratt,2026-07-05T19:28:58.873605
8624907959711539899,https://www.hemnet.se/salda/lagenhet-1rum-ornskoldsvik-staden-ornskoldsviks-kommun-angermanlandsgatan-16b-8624907959711539899,24-25m²,bostadsratt,2026-07-05T19:28:58.873619
3363682928711122025,https://www.hemnet.se/salda/lagenhet-1rum-centrala-arsta-stockholms-kommun-arstavagen-77-3363682928711122025,24-25m²,bostadsratt,2026-07-05T19:28:58.873620
8569852000415012623,"https://www.hemnet.se/salda/lagenhet-1,5rum-masthugget-goteborgs-kommun-kjellmansgatan-30-8569852000415012623",24-25m²,bostadsratt,2026-07-05T19:28:58.873622
4990467309322173048,https://www.hemnet.se/salda/lagenhet-1rum-centrala-gavle-gavle-kommun-norra-kungsgatan-35a-4990467309322173048,24-25m²,bostadsratt,2026-07-05T19:28:58.873623
3808384395909717250,https://www.hemnet.se/salda/lagenhet-1rum-sodermalm-stockholms-kommun-mosebacke-torg-14b-3808384395909717250,24-25m²,bostadsratt,2026-07-05T19:28:58.873624
2948774292827498320,https://www.hemnet.se/salda/lagenhet-2rum-storhogna-bergs-kommun-miravagen-1-2948774292827498320,24-25m²,bostadsratt,2026-07-05T19:28:58.873626
2875602511644647716,https://www.hemnet.se/salda/lagenhet-1rum-flemingsberg-huddinge-kommun-terapivagen-14c-2875602511644647716,24-25m²,bostadsratt,2026-07-05T19:28:58.873627
2157719574170673826,https://www.hemnet.se/salda/lagenhet-3rum-kabdalis-jokkmokks-kommun-mastertoppen-302b-2157719574170673826,24-25m²,bostadsratt,2026-07-05T19:28:58.873628
8767431135174705004,"https://www.hemnet.se/salda/lagenhet-1rum-gardet-stockholms-kommun-olaus-petrigatan-10,-3-tr-8767431135174705004",24-25m²,bostadsratt,2026-07-05T19:28:58.873630
2123937059155067847,https://www.hemnet.se/salda/lagenhet-1rum-centrala-sundbyberg-sundbybergs-kommun-tulegatan-29a-2123937059155067847,24-25m²,bostadsratt,2026-07-05T19:28:58.873631
1414579068954463909,"https://www.hemnet.se/salda/lagenhet-1,5rum-karrtorp-stockholms-kommun-fyrskeppsvagen-33-1414579068954463909",24-25m²,bostadsratt,2026-07-05T19:28:58.873633
3116904221751089354,https://www.hemnet.se/salda/lagenhet-1rum-centrum-karlsborgs-kommun-karleksstigen-25-3116904221751089354,24-25m²,bostadsratt,2026-07-05T19:28:58.873634
7487070855712057681,https://www.hemnet.se/salda/lagenhet-1rum-centrum-uppsala-kommun-kungsangsgatan-21a-7487070855712057681,24-25m²,bostadsratt,2026-07-05T19:28:58.873635
7765576815876228932,https://www.hemnet.se/salda/lagenhet-1rum-johanneberg-goteborgs-kommun-kristinehojdsgatan-5-7765576815876228932,24-25m²,bostadsratt,2026-07-05T19:28:58.873639
3008077796574760005,https://www.hemnet.se/salda/lagenhet-1rum-telefonplan-midsommarkransen-stockholms-kommun-diavoxvagen-32-3008077796574760005,24-25m²,bostadsratt,2026-07-05T19:28:58.873640
3201399169483866756,"https://www.hemnet.se/salda/lagenhet-1rum-fruangen-stockholms-kommun-doktor-widerstroms-gata-68,-3-tr-3201399169483866756",24-25m²,bostadsratt,2026-07-05T19:28:58.873641
5217726996674744012,https://www.hemnet.se/salda/lagenhet-1rum-hammarbyhojden-stockholms-kommun-sparfvenfeltsgatan-11-5217726996674744012,24-25m²,bostadsratt,2026-07-05T19:28:58.873643
5620472218379623338,https://www.hemnet.se/salda/lagenhet-1rum-sodermalm-katarina-sofia-stockholms-kommun-moregatan-7-5620472218379623338,24-25m²,bostadsratt,2026-07-05T19:28:58.873644
5857123712444960380,"https://www.hemnet.se/salda/lagenhet-1rum-haggvik-sollentuna-kommun-minervavagen-28,-2-tr-5857123712444960380",24-25m²,bostadsratt,2026-07-05T19:28:58.873645
4491345964489309157,https://www.hemnet.se/salda/lagenhet-1rum-rinkeby-stockholms-kommun-almbygatan-6-4491345964489309157,24-25m²,bostadsratt,2026-07-05T19:28:58.873647
914780806381202785,"https://www.hemnet.se/salda/lagenhet-1rum-kungsholmen-essingeoarna-stockholms-kommun-stralgatan-35,-van-4-4-914780806381202785",24-25m²,bostadsratt,2026-07-05T19:28:58.873648
3967605094825480002,https://www.hemnet.se/salda/lagenhet-1rum-falhagen-uppsala-kommun-petterslundsgatan-14e-3967605094825480002,24-25m²,bostadsratt,2026-07-05T19:28:58.873649
6198784469516659658,https://www.hemnet.se/salda/lagenhet-1rum-hallstahammar-hallstahammars-kommun-vasttunagatan-44a-6198784469516659658,24-25m²,bostadsratt,2026-07-05T19:28:58.873651
4778717679004536925,https://www.hemnet.se/salda/lagenhet-1rum-aspudden-ornsberg-stockholms-kommun-hagerstensvagen-191-4778717679004536925,24-25m²,bostadsratt,2026-07-05T19:28:58.873652
3218981775829980033,https://www.hemnet.se/salda/lagenhet-1rum-kungsholmen-stockholms-kommun-hantverkargatan-46a-3218981775829980033,24-25m²,bostadsratt,2026-07-05T19:28:58.873653
2609999144947264363,https://www.hemnet.se/salda/lagenhet-1rum-centrum-lunds-kommun-revingegatan-10-2609999144947264363,24-25m²,bostadsratt,2026-07-05T19:28:58.873655
2354505870612767716,"https://www.hemnet.se/salda/lagenhet-1rum-vasastan-stockholms-kommun-falugatan-21,-2-2-tr-2354505870612767716",24-25m²,bostadsratt,2026-07-05T19:28:58.873656
786962032609403350,https://www.hemnet.se/salda/lagenhet-1rum-lindholmen-goteborgs-kommun-lodjursstraket-1-karlatornet-786962032609403350,24-25m²,bostadsratt,2026-07-05T19:28:58.873657
7622472026273043836,"https://www.hemnet.se/salda/lagenhet-1rum-ostermalm-stockholms-kommun-sibyllegatan-26,-5-tr,-7622472026273043836",24-25m²,bostadsratt,2026-07-05T19:28:58.873660
4227365279584177279,https://www.hemnet.se/salda/lagenhet-1rum-sodercentrum-kalmar-kommun-kylegatan-13a-4227365279584177279,24-25m²,bostadsratt,2026-07-05T19:28:58.873662
8699157546177908720,https://www.hemnet.se/salda/lagenhet-1rum-sodermalm-stockholms-kommun-bergsundsgatan-12-vaning-3-8699157546177908720,24-25m²,bostadsratt,2026-07-05T19:28:58.873663
934370478317115006,"https://www.hemnet.se/salda/lagenhet-1,5rum-glado-kvarn-huddinge-kommun-osterangsvagen-19d-934370478317115006",24-25m²,bostadsratt,2026-07-05T19:28:58.873665
8323429021948190190,"https://www.hemnet.se/salda/lagenhet-1rum-sodermalm-katarina-sofia-stockholms-kommun-eriksdalsgatan-17,-2-tr-8323429021948190190",24-25m²,bostadsratt,2026-07-05T19:28:58.873666
3678648485246488104,https://www.hemnet.se/salda/lagenhet-1rum-osby-osby-kommun-ostra-jarnvagsgatan-10-3678648485246488104,24-25m²,bostadsratt,2026-07-05T19:28:58.873667
5826372011086575438,"https://www.hemnet.se/salda/lagenhet-1rum-ahus-tappet-kristianstads-kommun-kantarellvagen-1,-lgh-111000-5826372011086575438",24-25m²,bostadsratt,2026-07-05T19:28:58.873669
5923907935202011336,https://www.hemnet.se/salda/lagenhet-1rum-nobel-annelund-malmo-kommun-vitemollegatan-10f-5923907935202011336,24-25m²,bostadsratt,2026-07-05T19:28:58.873670
2434355711134224448,https://www.hemnet.se/salda/lagenhet-1rum-kungsholmen-stockholms-kommun-sankt-goransgatan-167-2434355711134224448,24-25m²,bostadsratt,2026-07-05T19:28:58.873671
3066202637148872504,https://www.hemnet.se/salda/lagenhet-1rum-ostermalm-vasastan-stockholms-kommun-birger-jarlsgatan-104i-3066202637148872504,24-25m²,bostadsratt,2026-07-05T19:28:58.873673
6940175977805287298,https://www.hemnet.se/salda/lagenhet-1rum-hagerneholm-taby-kommun-hagerneholmsvagen-7a-6940175977805287298,24-25m²,bostadsratt,2026-07-05T19:28:58.873676
3174292377477333901,https://www.hemnet.se/salda/lagenhet-1rum-salabacke-uppsala-kommun-murargatan-14-b-3174292377477333901,24-25m²,bostadsratt,2026-07-05T19:28:58.873677
8415762587316454193,https://www.hemnet.se/salda/lagenhet-1rum-city-slussen-malmo-kommun-fredriksbergsgatan-8-8415762587316454193,24-25m²,bostadsratt,2026-07-05T19:28:58.873679
4938001017677825730,https://www.hemnet.se/salda/lagenhet-1rum-lilla-essingen-stockholms-kommun-disponentgatan-2-4938001017677825730,24-25m²,bostadsratt,2026-07-05T19:28:58.873680
1559325903006915906,https://www.hemnet.se/salda/lagenhet-1rum-ostermalm-gardet-stockholms-kommun-vartavagen-59-1559325903006915906,24-25m²,bostadsratt,2026-07-05T19:28:58.873681
7546476894912868962,https://www.hemnet.se/salda/lagenhet-1rum-centralt-gavle-kommun-norra-skeppargatan-3c-7546476894912868962,24-25m²,bostadsratt,2026-07-05T19:28:58.873682
3751584403480968440,"https://www.hemnet.se/salda/lagenhet-1rum-stureby-enskede-stockholms-kommun-skonviksvagen-272,-3-tr-3751584403480968440",24-25m²,bostadsratt,2026-07-05T19:28:58.873684
